514 27
513 28
512 28
511 29
510 30
510 31
510 32
510 33
510 34
510 35
510 36
510 37
510 38
510 39
510 40
510 41
510 42
510 43
510 44
510 45
510 46
510 47
510 48
510 49
510 50
510 51
510 52
510 53
510 54
510 55
510 56
510 57
510 58
510 59
510 60
510 61
510 62
510 63
510 64
510 65
510 66
510 67
510 68
510 69
510 70
510 71
510 72
510 73
510 74
510 75
510 76
510 77
510 78
510 79
510 80
510 81
510 82
510 83
510 84
510 85
510 86
510 87
510 88
510 89
510 90
510 91
510 92
510 93
510 94
510 95
510 96
510 97
510 98
510 99
510 100
510 101
510 102
510 103
510 104
510 105
510 106
510 107
510 108
510 109
510 110
510 111
510 112
510 113
510 114
510 115
510 116
510 117
510 118
510 119
510 120
510 121
510 122
510 123
510 124
510 125
510 126
510 127
510 128
510 129
510 130
510 131
510 132
510 133
510 134
510 135
510 136
510 137
510 138
510 139
510 140
510 141
510 142
510 143
510 144
510 145
510 146
510 147
510 148
510 149
510 150
510 151
510 152
510 153
510 154
510 155
510 156
510 157
510 158
509 159
509 160
509 161
509 162
510 163
510 164
510 165
510 166
510 167
510 168
510 169
510 170
510 171
510 172
510 173
510 174
510 175
510 176
510 177
510 178
510 179
510 180
510 181
510 182
510 183
510 184
510 185
510 186
510 187
510 188
510 189
510 190
510 191
510 192
510 193
510 194
510 195
510 196
510 197
510 198
510 199
510 200
510 201
510 202
510 203
510 204
510 205
510 206
510 207
510 208
510 209
510 210
510 211
510 212
510 213
510 214
510 215
510 216
510 217
510 218
510 219
510 220
510 221
510 222
510 223
510 224
510 225
510 226
510 227
510 228
510 229
510 230
510 231
510 232
510 233
510 234
510 235
510 236
510 237
510 238
510 239
510 240
510 241
510 242
510 243
510 244
510 245
510 246
510 247
510 248
510 249
510 250
510 251
510 252
510 253
510 254
510 255
510 256
510 257
510 258
510 259
510 260
510 261
510 262
510 263
510 264
510 265
510 266
510 267
510 268
510 269
510 270
510 271
510 272
510 273
510 274
510 275
510 276
510 277
510 278
510 279
510 280
510 281
510 282
510 283
510 284
510 285
510 286
510 287
510 288
510 289
510 290
510 291
511 292
512 293
513 293
514 294
515 294
516 294
517 293
518 293
519 293
520 292
521 292
522 292
523 291
524 291
525 290
526 290
527 290
528 289
529 289
530 288
531 288
532 287
533 287
534 286
535 286
536 285
537 285
538 284
539 284
540 283
541 283
542 282
543 282
544 281
545 280
546 280
547 279
548 279
549 278
550 277
551 277
552 276
553 275
554 275
555 274
556 273
557 273
558 272
559 271
560 270
561 270
562 269
563 268
564 267
565 266
566 266
567 265
568 264
569 263
570 262
571 261
572 260
573 259
574 258
575 257
576 256
577 255
578 254
579 253
580 252
581 251
581 250
582 249
583 248
584 247
585 246
585 245
586 244
587 243
588 242
588 241
589 240
590 239
590 238
591 237
592 236
592 235
593 234
593 233
594 232
594 231
595 230
596 229
596 228
597 227
597 226
598 225
598 224
599 223
599 222
600 221
600 220
600 219
601 218
601 217
602 216
602 215
602 214
603 213
603 212
603 211
604 210
604 209
605 208
605 207
605 206
605 205
606 204
606 203
606 202
607 201
607 200
607 199
607 198
608 197
608 196
608 195
608 194
609 193
609 192
609 191
609 190
609 189
610 188
610 187
610 186
610 185
610 184
610 183
610 182
611 181
611 180
611 179
611 178
611 177
611 176
611 175
611 174
611 173
611 172
612 171
612 170
612 169
612 168
612 167
612 166
612 165
612 164
612 163
612 162
612 161
612 160
612 159
612 158
612 157
612 156
612 155
612 154
612 153
612 152
612 151
612 150
611 149
611 148
611 147
611 146
611 145
611 144
611 143
611 142
611 141
611 140
610 139
610 138
610 137
610 136
610 135
610 134
610 133
609 132
609 131
609 130
609 129
609 128
608 127
608 126
608 125
608 124
607 123
607 122
607 121
607 120
606 119
606 118
606 117
605 116
605 115
605 114
605 113
604 112
604 111
603 110
603 109
603 108
602 107
602 106
602 105
601 104
601 103
600 102
600 101
599 100
599 99
599 98
598 97
597 96
597 95
597 94
596 93
595 92
595 91
594 90
594 89
593 88
593 87
592 86
591 85
591 84
590 83
589 82
589 81
588 80
587 79
587 78
586 77
585 76
585 75
584 74
583 73
582 72
581 71
580 70
580 69
579 68
578 67
577 66
576 65
575 64
574 63
573 62
572 61
571 60
570 59
569 58
568 57
567 56
566 55
565 55
564 54
563 53
562 52
561 51
560 51
559 50
558 49
557 48
556 48
555 47
554 46
553 46
552 45
551 44
550 44
549 43
548 42
547 42
546 41
545 41
544 40
543 39
542 39
541 38
540 38
539 37
538 37
537 36
536 36
535 35
534 35
533 34
532 34
531 33
530 33
529 32
528 32
527 32
526 31
525 31
524 30
523 30
522 30
521 29
520 29
519 28
518 28
517 28
516 27
515 27
514 27
