763 124
762 125
761 125
760 125
759 126
758 127
757 128
757 129
756 130
755 131
754 132
754 133
753 134
752 135
752 136
751 137
750 138
750 139
749 140
748 141
748 142
747 143
747 144
746 145
746 146
745 147
745 148
744 149
744 150
743 151
743 152
742 153
742 154
742 155
741 156
741 157
741 158
740 159
740 160
740 161
739 162
739 163
739 164
739 165
738 166
738 167
738 168
738 169
738 170
738 171
738 172
738 173
738 174
738 175
738 176
738 177
738 178
738 179
738 180
738 181
738 182
738 183
738 184
738 185
738 186
738 187
738 188
738 189
738 190
738 191
738 192
738 193
738 194
738 195
738 196
738 197
738 198
738 199
738 200
738 201
738 202
738 203
738 204
738 205
738 206
738 207
738 208
738 209
738 210
738 211
738 212
738 213
738 214
738 215
738 216
738 217
738 218
738 219
738 220
738 221
738 222
738 223
738 224
738 225
738 226
738 227
738 228
738 229
738 230
738 231
738 232
738 233
738 234
738 235
738 236
738 237
738 238
738 239
738 240
738 241
738 242
738 243
738 244
738 245
738 246
738 247
738 248
738 249
738 250
738 251
738 252
738 253
738 254
738 255
738 256
738 257
738 258
738 259
738 260
738 261
738 262
738 263
738 264
738 265
738 266
738 267
738 268
738 269
738 270
738 271
738 272
738 273
738 274
738 275
738 276
738 277
738 278
738 279
738 280
738 281
738 282
738 283
738 284
738 285
738 286
738 287
738 288
738 289
738 290
738 291
738 292
738 293
738 294
738 295
738 296
738 297
738 298
738 299
738 300
738 301
738 302
738 303
738 304
738 305
738 306
738 307
738 308
738 309
738 310
738 311
738 312
738 313
738 314
738 315
738 316
738 317
738 318
738 319
738 320
738 321
738 322
738 323
738 324
738 325
738 326
738 327
738 328
738 329
738 330
738 331
738 332
738 333
738 334
738 335
738 336
738 337
738 338
738 339
738 340
738 341
738 342
738 343
738 344
738 345
738 346
738 347
738 348
738 349
738 350
738 351
738 352
738 353
738 354
738 355
738 356
738 357
738 358
738 359
738 360
738 361
738 362
738 363
738 364
738 365
738 366
738 367
738 368
738 369
738 370
738 371
738 372
738 373
738 374
738 375
738 376
738 377
738 378
738 379
738 380
738 381
738 382
738 383
738 384
738 385
738 386
738 387
738 388
738 389
738 390
738 391
738 392
738 393
738 394
738 395
738 396
738 397
738 398
738 399
738 400
738 401
738 402
738 403
738 404
738 405
738 406
738 407
738 408
738 409
738 410
738 411
738 412
738 413
738 414
738 415
738 416
738 417
738 418
738 419
738 420
738 421
738 422
738 423
738 424
738 425
738 426
738 427
738 428
738 429
738 430
738 431
738 432
738 433
738 434
738 435
738 436
738 437
738 438
738 439
738 440
738 441
738 442
738 443
738 444
738 445
738 446
738 447
738 448
738 449
738 450
738 451
738 452
738 453
738 454
738 455
738 456
738 457
738 458
738 459
738 460
738 461
738 462
738 463
738 464
738 465
738 466
738 467
738 468
738 469
738 470
738 471
738 472
738 473
738 474
738 475
738 476
738 477
738 478
738 479
738 480
738 481
738 482
738 483
738 484
738 485
738 486
738 487
738 488
738 489
738 490
738 491
738 492
738 493
738 494
738 495
738 496
738 497
738 498
738 499
738 500
738 501
738 502
738 503
738 504
738 505
738 506
738 507
738 508
738 509
738 510
738 511
738 512
738 513
738 514
738 515
738 516
738 517
738 518
738 519
738 520
738 521
738 522
738 523
738 524
738 525
738 526
738 527
738 528
738 529
739 530
739 531
739 532
739 533
739 534
740 535
740 536
740 537
741 538
741 539
741 540
742 541
742 542
743 543
743 544
743 545
744 546
744 547
745 548
745 549
746 550
746 551
747 552
747 553
748 554
749 555
749 556
750 557
751 558
751 559
752 560
753 561
753 562
754 563
755 564
755 565
756 566
757 567
758 568
758 569
759 570
760 570
761 571
762 571
763 571
764 571
765 571
766 571
767 570
768 569
769 568
769 567
770 566
770 565
771 564
771 563
772 562
772 561
772 560
773 559
773 558
774 557
774 556
775 555
775 554
776 553
776 552
777 551
777 550
778 549
778 548
779 547
779 546
780 545
780 544
781 543
781 542
782 541
782 540
783 539
783 538
784 537
784 536
785 535
785 534
786 533
786 532
787 531
787 530
788 529
788 528
789 527
789 526
790 525
790 524
791 523
791 522
792 521
792 520
793 519
793 518
794 517
794 516
795 515
795 514
796 513
797 512
797 511
798 510
798 509
799 508
799 507
800 506
800 505
801 504
801 503
802 502
802 501
803 500
804 499
804 498
805 497
805 496
806 495
806 494
807 493
807 492
808 491
808 490
809 489
810 488
810 487
811 486
811 485
812 484
812 483
813 482
813 481
814 480
814 479
815 478
816 477
816 476
817 475
817 474
818 473
818 472
819 471
819 470
820 469
821 468
821 467
822 466
822 465
823 464
823 463
824 462
825 461
825 460
826 459
826 458
827 457
827 456
828 455
829 454
829 453
830 452
830 451
831 450
831 449
832 448
833 447
833 446
834 445
834 444
835 443
835 442
836 441
837 440
837 439
838 438
838 437
839 436
839 435
840 434
841 433
841 432
842 431
842 430
843 429
843 428
844 427
845 426
845 425
846 424
846 423
847 422
847 421
848 420
849 419
849 418
850 417
850 416
851 415
851 414
852 413
853 412
853 411
854 410
854 409
855 408
855 407
856 406
857 405
857 404
858 403
858 402
859 401
859 400
860 399
861 398
861 397
862 396
862 395
863 394
863 393
863 392
864 391
864 390
865 389
865 388
866 387
866 386
866 385
867 384
867 383
868 382
868 381
868 380
869 379
869 378
869 377
870 376
870 375
870 374
871 373
871 372
871 371
872 370
872 369
872 368
872 367
873 366
873 365
873 364
873 363
874 362
874 361
874 360
874 359
874 358
874 357
875 356
875 355
875 354
875 353
875 352
875 351
875 350
875 349
875 348
875 347
875 346
875 345
875 344
875 343
875 342
875 341
875 340
874 339
874 338
874 337
874 336
874 335
874 334
873 333
873 332
873 331
873 330
872 329
872 328
872 327
872 326
871 325
871 324
871 323
870 322
870 321
870 320
870 319
869 318
869 317
869 316
868 315
868 314
867 313
867 312
867 311
866 310
866 309
865 308
865 307
865 306
864 305
864 304
863 303
863 302
862 301
862 300
861 299
861 298
860 297
860 296
859 295
859 294
858 293
857 292
857 291
856 290
856 289
855 288
855 287
854 286
853 285
853 284
852 283
852 282
851 281
850 280
850 279
849 278
849 277
848 276
848 275
847 274
846 273
846 272
845 271
845 270
844 269
844 268
843 267
842 266
842 265
841 264
841 263
840 262
840 261
839 260
838 259
838 258
837 257
837 256
836 255
836 254
835 253
834 252
834 251
833 250
833 249
832 248
832 247
831 246
830 245
830 244
829 243
829 242
828 241
828 240
827 239
826 238
826 237
825 236
825 235
824 234
824 233
823 232
822 231
822 230
821 229
821 228
820 227
820 226
819 225
818 224
818 223
817 222
817 221
816 220
816 219
815 218
815 217
814 216
814 215
813 214
812 213
812 212
811 211
811 210
810 209
810 208
809 207
809 206
808 205
808 204
807 203
806 202
806 201
805 200
805 199
804 198
804 197
803 196
803 195
802 194
802 193
801 192
800 191
800 190
799 189
799 188
798 187
798 186
797 185
797 184
796 183
796 182
795 181
795 180
794 179
793 178
793 177
792 176
792 175
791 174
791 173
790 172
790 171
789 170
789 169
788 168
788 167
787 166
787 165
786 164
786 163
785 162
785 161
784 160
784 159
783 158
783 157
782 156
782 155
781 154
781 153
780 152
780 151
779 150
779 149
778 148
778 147
777 146
777 145
776 144
776 143
775 142
775 141
774 140
774 139
773 138
773 137
773 136
772 135
772 134
771 133
771 132
770 131
770 130
769 129
769 128
768 127
768 126
767 125
766 125
765 125
764 124
763 124
