307 406
306 407
305 407
304 407
303 407
302 407
301 407
300 407
299 407
298 407
297 408
296 408
295 408
294 408
293 408
292 409
291 409
290 409
289 410
288 410
287 410
286 411
285 411
284 411
283 412
282 412
281 413
280 413
279 414
278 415
277 415
276 416
275 417
274 417
273 418
272 419
271 420
270 420
269 421
268 422
267 423
266 424
265 425
264 426
263 427
262 428
261 429
260 430
259 431
258 432
257 433
256 434
255 435
254 436
253 437
252 438
251 439
250 440
249 441
248 441
247 441
246 441
245 441
244 441
243 440
242 440
241 439
240 439
239 438
238 438
237 438
236 437
235 437
234 436
233 436
232 435
231 435
230 435
229 435
228 435
227 435
226 435
225 435
224 436
223 436
222 437
222 438
221 439
221 440
221 441
221 442
221 443
221 444
221 445
221 446
221 447
221 448
221 449
221 450
221 451
221 452
221 453
221 454
221 455
221 456
221 457
221 458
221 459
221 460
221 461
221 462
221 463
221 464
221 465
221 466
221 467
221 468
221 469
221 470
221 471
221 472
221 473
221 474
221 475
221 476
221 477
221 478
221 479
221 480
221 481
221 482
221 483
221 484
221 485
221 486
221 487
221 488
221 489
221 490
221 491
221 492
221 493
221 494
221 495
221 496
221 497
221 498
221 499
221 500
221 501
221 502
221 503
221 504
221 505
221 506
221 507
221 508
221 509
221 510
221 511
221 512
221 513
221 514
221 515
221 516
221 517
221 518
221 519
221 520
221 521
221 522
221 523
221 524
221 525
221 526
221 527
221 528
221 529
221 530
221 531
221 532
221 533
221 534
221 535
221 536
221 537
221 538
221 539
221 540
221 541
221 542
221 543
221 544
221 545
221 546
221 547
221 548
221 549
221 550
221 551
221 552
221 553
221 554
221 555
221 556
221 557
221 558
221 559
221 560
221 561
221 562
221 563
221 564
221 565
221 566
221 567
221 568
221 569
221 570
221 571
221 572
221 573
221 574
221 575
221 576
221 577
221 578
221 579
221 580
221 581
221 582
221 583
221 584
221 585
221 586
221 587
221 588
221 589
221 590
221 591
221 592
221 593
221 594
221 595
221 596
221 597
221 598
221 599
221 600
221 601
221 602
221 603
221 604
221 605
221 606
221 607
221 608
221 609
221 610
221 611
221 612
221 613
221 614
221 615
221 616
221 617
221 618
221 619
221 620
221 621
221 622
221 623
221 624
221 625
221 626
221 627
221 628
221 629
221 630
221 631
221 632
221 633
221 634
221 635
221 636
221 637
221 638
221 639
221 640
221 641
221 642
221 643
221 644
221 645
221 646
221 647
221 648
221 649
221 650
221 651
221 652
221 653
221 654
221 655
221 656
221 657
221 658
221 659
221 660
221 661
221 662
221 663
221 664
221 665
221 666
221 667
221 668
221 669
221 670
221 671
222 672
222 673
223 674
224 674
225 675
226 675
227 675
228 675
229 675
230 675
231 675
232 675
233 674
234 674
235 673
236 673
237 672
238 672
239 672
240 671
241 671
242 670
243 670
244 669
245 669
246 669
247 668
248 669
249 669
250 670
251 671
252 672
253 673
254 674
255 675
256 676
257 677
258 678
259 679
260 680
261 681
262 682
263 683
264 684
265 685
266 686
267 687
268 688
269 689
270 690
271 690
272 691
273 692
274 693
275 693
276 694
277 695
278 695
279 696
280 697
281 697
282 698
283 698
284 699
285 699
286 699
287 700
288 700
289 700
290 701
291 701
292 701
293 702
294 702
295 702
296 702
297 702
298 702
299 703
300 703
301 703
302 703
303 703
304 703
305 703
306 703
307 704
308 704
309 704
310 704
311 704
312 704
313 703
314 703
315 703
316 703
317 703
318 703
319 702
320 702
321 702
322 701
323 701
324 701
325 700
326 700
327 699
328 699
329 698
330 698
331 697
332 697
333 696
334 696
335 695
336 695
337 694
338 694
339 693
340 693
341 692
342 692
343 691
344 690
345 690
346 689
347 688
348 688
349 687
350 686
351 686
352 685
353 684
354 684
355 683
356 682
357 681
358 680
359 680
360 679
361 678
362 677
363 676
364 675
365 674
366 673
367 673
368 672
369 671
370 670
370 669
371 668
372 667
373 666
374 665
375 664
376 663
377 662
377 661
378 660
379 659
380 658
381 657
381 656
382 655
383 654
383 653
384 652
385 651
385 650
386 649
387 648
387 647
388 646
389 645
389 644
390 643
390 642
391 641
391 640
392 639
393 638
393 637
394 636
394 635
395 634
395 633
395 632
396 631
396 630
397 629
397 628
398 627
398 626
399 625
399 624
399 623
400 622
400 621
400 620
401 619
401 618
402 617
402 616
402 615
403 614
403 613
403 612
403 611
404 610
404 609
404 608
405 607
405 606
405 605
405 604
406 603
406 602
406 601
406 600
407 599
407 598
407 597
407 596
408 595
408 594
408 593
408 592
408 591
408 590
409 589
409 588
409 587
409 586
409 585
409 584
410 583
410 582
410 581
410 580
410 579
410 578
410 577
410 576
410 575
411 574
411 573
411 572
411 571
411 570
411 569
411 568
411 567
411 566
411 565
411 564
411 563
411 562
411 561
411 560
411 559
411 558
411 557
412 556
412 555
412 554
411 553
411 552
411 551
411 550
411 549
411 548
411 547
411 546
411 545
411 544
411 543
411 542
411 541
411 540
411 539
411 538
411 537
411 536
410 535
410 534
410 533
410 532
410 531
410 530
410 529
410 528
410 527
409 526
409 525
409 524
409 523
409 522
409 521
408 520
408 519
408 518
408 517
408 516
408 515
407 514
407 513
407 512
407 511
406 510
406 509
406 508
406 507
405 506
405 505
405 504
405 503
404 502
404 501
404 500
403 499
403 498
403 497
403 496
402 495
402 494
402 493
401 492
401 491
400 490
400 489
400 488
399 487
399 486
398 485
398 484
398 483
397 482
397 481
396 480
396 479
395 478
395 477
394 476
394 475
394 474
393 473
393 472
392 471
391 470
391 469
390 468
390 467
389 466
389 465
388 464
387 463
387 462
386 461
385 460
385 459
384 458
383 457
383 456
382 455
381 454
381 453
380 452
379 451
378 450
378 449
377 448
376 447
375 446
374 445
373 444
372 443
371 442
371 441
370 440
369 439
368 438
367 437
366 436
365 436
364 435
363 434
362 433
361 432
360 431
359 430
358 429
357 429
356 428
355 427
354 426
353 426
352 425
351 424
350 424
349 423
348 422
347 422
346 421
345 420
344 420
343 419
342 418
341 418
340 417
339 417
338 416
337 416
336 415
335 415
334 414
333 414
332 413
331 413
330 412
329 412
328 411
327 411
326 410
325 410
324 409
323 409
322 409
321 408
320 408
319 408
318 407
317 407
316 407
315 407
314 407
313 407
312 406
311 406
310 406
309 406
308 406
307 406
