507 405
506 406
505 406
504 406
503 406
502 406
501 406
500 406
499 406
498 406
497 406
496 406
495 407
494 407
493 407
492 407
491 408
490 409
489 409
489 410
488 411
488 412
488 413
488 414
488 415
488 416
488 417
488 418
488 419
488 420
488 421
488 422
488 423
488 424
488 425
488 426
488 427
488 428
488 429
488 430
488 431
488 432
488 433
488 434
488 435
488 436
488 437
488 438
488 439
488 440
488 441
488 442
488 443
488 444
488 445
488 446
488 447
488 448
488 449
488 450
488 451
488 452
488 453
488 454
488 455
488 456
488 457
488 458
488 459
488 460
488 461
488 462
488 463
488 464
488 465
488 466
488 467
488 468
488 469
488 470
488 471
488 472
488 473
488 474
488 475
488 476
488 477
488 478
488 479
488 480
488 481
488 482
488 483
488 484
488 485
488 486
488 487
488 488
488 489
488 490
488 491
488 492
488 493
488 494
488 495
488 496
488 497
488 498
488 499
488 500
488 501
488 502
488 503
488 504
488 505
488 506
488 507
488 508
488 509
488 510
488 511
488 512
488 513
488 514
488 515
488 516
488 517
488 518
488 519
488 520
488 521
488 522
488 523
488 524
488 525
488 526
488 527
488 528
488 529
488 530
488 531
488 532
488 533
488 534
488 535
488 536
488 537
488 538
488 539
488 540
488 541
488 542
488 543
488 544
488 545
488 546
488 547
488 548
488 549
487 550
487 551
487 552
487 553
487 554
488 555
488 556
488 557
488 558
488 559
488 560
488 561
488 562
488 563
488 564
488 565
488 566
488 567
488 568
488 569
488 570
488 571
488 572
488 573
488 574
488 575
488 576
488 577
488 578
488 579
488 580
488 581
488 582
488 583
488 584
488 585
488 586
488 587
488 588
488 589
488 590
488 591
488 592
488 593
488 594
488 595
488 596
488 597
488 598
488 599
488 600
488 601
488 602
488 603
488 604
488 605
488 606
488 607
488 608
488 609
488 610
488 611
488 612
488 613
488 614
488 615
488 616
488 617
488 618
488 619
488 620
488 621
488 622
488 623
488 624
488 625
488 626
488 627
488 628
488 629
488 630
488 631
488 632
488 633
488 634
488 635
488 636
488 637
488 638
488 639
488 640
488 641
488 642
488 643
488 644
488 645
488 646
488 647
488 648
488 649
488 650
488 651
488 652
488 653
488 654
488 655
488 656
488 657
488 658
488 659
488 660
488 661
488 662
488 663
488 664
488 665
488 666
488 667
488 668
488 669
488 670
488 671
488 672
488 673
488 674
488 675
488 676
488 677
488 678
488 679
488 680
488 681
488 682
488 683
488 684
488 685
488 686
488 687
488 688
488 689
488 690
488 691
488 692
488 693
488 694
489 695
490 696
491 696
492 697
493 697
494 698
495 698
496 698
497 698
498 698
499 698
500 698
501 698
502 698
503 698
504 698
505 698
506 699
507 699
508 699
509 699
510 699
511 699
512 698
513 698
514 697
515 696
516 695
517 695
518 694
519 694
520 693
521 692
522 692
523 691
524 691
525 690
526 689
527 689
528 688
529 688
530 687
531 686
532 686
533 685
534 685
535 684
536 683
537 683
538 682
539 681
540 681
541 680
542 680
543 679
544 678
545 678
546 677
547 676
548 676
549 675
550 674
551 674
552 673
553 672
554 672
555 671
556 670
557 669
558 669
559 668
560 667
561 667
562 666
563 665
564 664
565 664
566 663
567 662
568 661
569 661
570 660
571 659
572 658
573 657
574 657
575 656
576 655
577 654
578 653
579 652
580 652
581 651
582 650
583 649
584 648
585 647
586 646
587 645
588 645
589 644
590 643
591 642
592 641
593 640
594 639
595 638
596 637
597 636
598 635
599 634
600 633
600 632
601 631
602 630
603 629
604 628
605 627
606 626
607 625
607 624
608 623
609 622
610 621
610 620
611 619
612 618
612 617
613 616
613 615
614 614
615 613
615 612
616 611
616 610
617 609
617 608
617 607
618 606
618 605
619 604
619 603
619 602
620 601
620 600
621 599
621 598
621 597
622 596
622 595
622 594
622 593
623 592
623 591
623 590
624 589
624 588
624 587
624 586
625 585
625 584
625 583
625 582
625 581
626 580
626 579
626 578
626 577
626 576
626 575
627 574
627 573
627 572
627 571
627 570
627 569
627 568
628 567
628 566
628 565
628 564
628 563
628 562
628 561
628 560
628 559
628 558
628 557
628 556
628 555
628 554
628 553
628 552
628 551
628 550
628 549
628 548
628 547
628 546
628 545
628 544
628 543
628 542
628 541
628 540
628 539
628 538
627 537
627 536
627 535
627 534
627 533
627 532
627 531
627 530
626 529
626 528
626 527
626 526
626 525
626 524
625 523
625 522
625 521
625 520
625 519
624 518
624 517
624 516
624 515
623 514
623 513
623 512
622 511
622 510
622 509
621 508
621 507
621 506
620 505
620 504
620 503
619 502
619 501
619 500
618 499
618 498
617 497
617 496
616 495
616 494
615 493
615 492
614 491
614 490
613 489
613 488
612 487
611 486
611 485
610 484
609 483
609 482
608 481
607 480
606 479
605 478
605 477
604 476
603 475
602 474
601 473
600 472
599 471
598 470
597 469
596 468
595 467
594 466
593 465
592 464
591 463
590 462
589 461
588 460
587 459
586 458
585 457
584 456
583 455
582 454
581 453
580 453
579 452
578 451
577 450
576 449
575 448
574 448
573 447
572 446
571 445
570 444
569 444
568 443
567 442
566 441
565 441
564 440
563 439
562 438
561 438
560 437
559 436
558 436
557 435
556 434
555 433
554 433
553 432
552 431
551 431
550 430
549 429
548 429
547 428
546 427
545 427
544 426
543 425
542 425
541 424
540 423
539 423
538 422
537 422
536 421
535 420
534 420
533 419
532 418
531 418
530 417
529 417
528 416
527 415
526 415
525 414
524 414
523 413
522 412
521 412
520 411
519 411
518 410
517 410
516 409
515 408
514 407
513 407
512 406
511 406
510 405
509 405
508 405
507 405
