79 425
78 426
77 426
76 427
76 428
75 429
75 430
74 431
74 432
73 433
73 434
72 435
72 436
71 437
71 438
70 439
70 440
69 441
69 442
68 443
68 444
67 445
66 446
66 447
65 448
65 449
65 450
64 451
64 452
63 453
63 454
62 455
62 456
62 457
61 458
61 459
61 460
60 461
60 462
60 463
59 464
59 465
59 466
59 467
58 468
58 469
58 470
58 471
58 472
58 473
58 474
58 475
58 476
58 477
58 478
58 479
58 480
58 481
58 482
58 483
58 484
58 485
58 486
58 487
58 488
58 489
58 490
58 491
58 492
58 493
58 494
58 495
58 496
58 497
58 498
58 499
58 500
58 501
58 502
58 503
58 504
58 505
58 506
58 507
58 508
58 509
58 510
58 511
58 512
58 513
58 514
58 515
58 516
58 517
58 518
58 519
58 520
58 521
58 522
58 523
58 524
58 525
58 526
58 527
58 528
58 529
58 530
58 531
58 532
58 533
58 534
58 535
58 536
58 537
58 538
58 539
58 540
58 541
58 542
58 543
58 544
58 545
58 546
58 547
58 548
58 549
58 550
58 551
58 552
58 553
58 554
58 555
58 556
58 557
58 558
58 559
58 560
58 561
58 562
58 563
58 564
58 565
58 566
58 567
58 568
58 569
58 570
58 571
58 572
58 573
58 574
58 575
58 576
58 577
58 578
58 579
58 580
58 581
58 582
58 583
58 584
58 585
58 586
58 587
58 588
58 589
58 590
58 591
58 592
58 593
58 594
58 595
58 596
58 597
58 598
58 599
58 600
58 601
58 602
58 603
58 604
58 605
58 606
58 607
58 608
58 609
58 610
58 611
58 612
58 613
58 614
58 615
58 616
58 617
58 618
58 619
58 620
58 621
58 622
58 623
58 624
58 625
58 626
58 627
58 628
58 629
58 630
58 631
58 632
58 633
58 634
58 635
58 636
58 637
58 638
58 639
58 640
58 641
58 642
58 643
58 644
58 645
58 646
58 647
58 648
58 649
58 650
58 651
58 652
58 653
58 654
58 655
58 656
58 657
58 658
58 659
58 660
58 661
58 662
58 663
58 664
58 665
58 666
58 667
58 668
58 669
58 670
58 671
58 672
58 673
58 674
58 675
58 676
58 677
58 678
58 679
59 680
59 681
59 682
59 683
60 684
60 685
60 686
60 687
61 688
61 689
62 690
62 691
62 692
63 693
63 694
64 695
64 696
64 697
65 698
65 699
66 700
66 701
67 702
67 703
68 704
68 705
69 706
69 707
70 708
71 709
71 710
72 711
72 712
73 713
73 714
74 715
74 716
75 717
75 718
76 719
76 720
77 721
78 722
79 722
80 722
81 722
82 722
83 721
83 720
84 719
84 718
84 717
85 716
85 715
85 714
86 713
86 712
86 711
87 710
87 709
88 708
88 707
89 706
89 705
89 704
90 703
90 702
91 701
92 700
92 699
93 698
93 697
94 696
95 695
95 694
96 693
96 692
97 691
98 690
99 689
99 688
100 687
101 686
101 685
102 684
103 683
104 682
104 681
105 680
106 679
107 678
107 677
108 676
109 675
110 674
111 673
111 672
112 671
113 670
114 669
114 668
115 667
116 666
117 665
118 664
118 663
119 662
120 661
120 660
121 659
122 658
123 657
123 656
124 655
125 654
125 653
126 652
126 651
127 650
128 649
128 648
129 647
129 646
130 645
130 644
131 643
132 642
132 641
133 640
133 639
134 638
134 637
135 636
135 635
135 634
136 633
136 632
137 631
137 630
138 629
138 628
138 627
139 626
139 625
140 624
140 623
140 622
141 621
141 620
141 619
142 618
142 617
142 616
143 615
143 614
143 613
144 612
144 611
144 610
144 609
145 608
145 607
145 606
145 605
146 604
146 603
146 602
146 601
146 600
147 599
147 598
147 597
147 596
147 595
147 594
148 593
148 592
148 591
148 590
148 589
148 588
148 587
148 586
148 585
149 584
149 583
149 582
149 581
149 580
149 579
149 578
149 577
149 576
149 575
149 574
149 573
149 572
149 571
149 570
149 569
149 568
149 567
149 566
149 565
149 564
149 563
148 562
148 561
148 560
148 559
148 558
148 557
148 556
148 555
148 554
147 553
147 552
147 551
147 550
147 549
147 548
146 547
146 546
146 545
146 544
146 543
145 542
145 541
145 540
145 539
144 538
144 537
144 536
143 535
143 534
143 533
143 532
142 531
142 530
142 529
141 528
141 527
141 526
140 525
140 524
139 523
139 522
139 521
138 520
138 519
137 518
137 517
137 516
136 515
136 514
135 513
135 512
134 511
134 510
133 509
133 508
132 507
132 506
131 505
131 504
130 503
130 502
129 501
129 500
128 499
127 498
127 497
126 496
126 495
125 494
124 493
124 492
123 491
122 490
122 489
121 488
120 487
120 486
119 485
118 484
117 483
117 482
116 481
115 480
114 479
114 478
113 477
112 476
111 475
110 474
110 473
109 472
108 471
107 470
106 469
106 468
105 467
104 466
103 465
103 464
102 463
101 462
100 461
100 460
99 459
98 458
98 457
97 456
96 455
96 454
95 453
94 452
94 451
93 450
93 449
92 448
91 447
91 446
90 445
90 444
89 443
89 442
88 441
88 440
88 439
87 438
87 437
86 436
86 435
86 434
85 433
85 432
85 431
84 430
84 429
84 428
83 427
83 426
82 426
81 425
80 425
79 425
