310 36
309 37
308 37
307 37
306 37
305 37
304 38
303 38
302 38
301 38
300 39
299 39
298 39
297 40
296 40
295 40
294 41
293 41
292 41
291 42
290 42
289 43
288 43
287 44
286 44
285 44
284 45
283 46
282 46
281 47
280 47
279 48
278 48
277 49
276 50
275 50
274 51
273 51
272 52
271 53
270 54
269 54
268 55
267 56
266 57
265 57
264 58
263 59
262 60
261 61
260 62
259 63
258 63
257 63
256 62
255 62
254 61
253 61
252 60
251 60
250 59
249 59
248 58
247 58
246 57
245 57
244 56
243 56
242 55
241 55
240 54
239 54
238 53
237 53
236 53
235 53
234 53
233 54
232 55
232 56
232 57
232 58
232 59
232 60
232 61
232 62
232 63
232 64
232 65
232 66
232 67
232 68
232 69
232 70
232 71
232 72
232 73
232 74
232 75
232 76
232 77
232 78
232 79
232 80
232 81
232 82
232 83
232 84
232 85
232 86
232 87
232 88
232 89
232 90
232 91
232 92
232 93
232 94
232 95
232 96
232 97
232 98
232 99
232 100
232 101
232 102
232 103
232 104
232 105
232 106
232 107
232 108
232 109
232 110
232 111
232 112
232 113
232 114
232 115
232 116
232 117
232 118
232 119
232 120
232 121
232 122
232 123
232 124
232 125
232 126
232 127
232 128
232 129
232 130
232 131
232 132
232 133
232 134
232 135
232 136
232 137
232 138
232 139
232 140
232 141
232 142
232 143
232 144
232 145
232 146
232 147
232 148
232 149
232 150
232 151
232 152
232 153
232 154
232 155
232 156
232 157
232 158
232 159
232 160
232 161
232 162
231 163
231 164
231 165
231 166
231 167
232 168
232 169
232 170
232 171
232 172
232 173
232 174
232 175
232 176
232 177
232 178
232 179
232 180
232 181
232 182
232 183
232 184
232 185
232 186
232 187
232 188
232 189
232 190
232 191
232 192
232 193
232 194
232 195
232 196
232 197
232 198
232 199
232 200
232 201
232 202
232 203
232 204
232 205
232 206
232 207
232 208
232 209
232 210
232 211
232 212
232 213
232 214
232 215
232 216
232 217
232 218
232 219
232 220
232 221
232 222
232 223
232 224
232 225
232 226
232 227
232 228
232 229
232 230
232 231
232 232
232 233
232 234
232 235
232 236
232 237
232 238
232 239
232 240
232 241
232 242
232 243
232 244
232 245
232 246
232 247
232 248
232 249
232 250
232 251
232 252
232 253
232 254
232 255
232 256
232 257
232 258
232 259
232 260
232 261
232 262
232 263
232 264
232 265
232 266
232 267
232 268
232 269
232 270
232 271
232 272
232 273
232 274
232 275
233 276
234 277
235 277
236 277
237 277
238 276
239 276
240 276
241 275
242 275
243 274
244 274
245 273
246 272
247 272
248 271
249 271
250 270
251 270
252 269
253 269
254 268
255 268
256 267
257 267
258 267
259 267
260 268
261 269
262 270
263 271
264 271
265 272
266 273
267 274
268 275
269 275
270 276
271 277
272 278
273 278
274 279
275 280
276 280
277 281
278 281
279 282
280 283
281 283
282 284
283 284
284 285
285 285
286 286
287 286
288 287
289 287
290 287
291 288
292 288
293 289
294 289
295 289
296 290
297 290
298 290
299 291
300 291
301 291
302 292
303 292
304 292
305 292
306 293
307 293
308 293
309 293
310 293
311 293
312 293
313 293
314 293
315 293
316 293
317 293
318 293
319 292
320 292
321 292
322 292
323 291
324 291
325 291
326 290
327 290
328 290
329 289
330 289
331 289
332 288
333 288
334 287
335 287
336 286
337 286
338 285
339 285
340 284
341 284
342 283
343 282
344 282
345 281
346 280
347 280
348 279
349 278
350 277
351 276
352 276
353 275
354 274
355 273
356 272
357 271
358 270
359 269
360 268
361 267
362 266
363 265
364 264
364 263
365 262
366 261
367 260
368 259
368 258
369 257
370 256
371 255
371 254
372 253
373 252
373 251
374 250
375 249
375 248
376 247
376 246
377 245
378 244
378 243
379 242
379 241
380 240
380 239
381 238
381 237
382 236
382 235
383 234
383 233
384 232
384 231
385 230
385 229
386 228
386 227
387 226
387 225
387 224
388 223
388 222
389 221
389 220
389 219
390 218
390 217
391 216
391 215
391 214
392 213
392 212
392 211
393 210
393 209
393 208
394 207
394 206
394 205
395 204
395 203
395 202
395 201
396 200
396 199
396 198
397 197
397 196
397 195
397 194
397 193
398 192
398 191
398 190
398 189
399 188
399 187
399 186
399 185
399 184
399 183
400 182
400 181
400 180
400 179
400 178
400 177
400 176
401 175
401 174
401 173
401 172
401 171
401 170
401 169
401 168
401 167
401 166
401 165
401 164
401 163
401 162
401 161
401 160
401 159
401 158
401 157
401 156
401 155
400 154
400 153
400 152
400 151
400 150
400 149
400 148
399 147
399 146
399 145
399 144
399 143
399 142
398 141
398 140
398 139
398 138
398 137
397 136
397 135
397 134
397 133
396 132
396 131
396 130
395 129
395 128
395 127
395 126
394 125
394 124
394 123
393 122
393 121
393 120
392 119
392 118
392 117
391 116
391 115
391 114
390 113
390 112
390 111
389 110
389 109
388 108
388 107
388 106
387 105
387 104
386 103
386 102
385 101
385 100
385 99
384 98
384 97
383 96
383 95
382 94
382 93
381 92
381 91
380 90
379 89
379 88
378 87
378 86
377 85
377 84
376 83
375 82
375 81
374 80
374 79
373 78
372 77
371 76
371 75
370 74
369 73
369 72
368 71
367 70
366 69
365 68
365 67
364 66
363 65
362 64
361 63
360 62
359 61
358 60
357 59
356 58
355 57
354 56
353 55
352 54
351 53
350 52
349 52
348 51
347 50
346 49
345 49
344 48
343 47
342 47
341 46
340 46
339 45
338 44
337 44
336 43
335 43
334 42
333 42
332 41
331 41
330 41
329 40
328 40
327 40
326 39
325 39
324 39
323 38
322 38
321 38
320 37
319 37
318 37
317 37
316 37
315 37
314 36
313 36
312 36
311 36
310 36
