53 29
52 30
51 30
50 31
49 32
48 33
48 34
48 35
47 36
46 37
46 38
46 39
45 40
45 41
44 42
44 43
44 44
43 45
43 46
42 47
42 48
42 49
41 50
41 51
41 52
40 53
40 54
39 55
39 56
39 57
38 58
38 59
38 60
38 61
37 62
37 63
37 64
36 65
36 66
36 67
36 68
36 69
36 70
36 71
36 72
36 73
36 74
36 75
36 76
36 77
36 78
36 79
36 80
36 81
36 82
36 83
36 84
36 85
36 86
36 87
36 88
36 89
36 90
36 91
36 92
36 93
36 94
36 95
36 96
36 97
36 98
36 99
36 100
36 101
36 102
36 103
36 104
36 105
36 106
36 107
36 108
36 109
36 110
36 111
36 112
36 113
36 114
36 115
36 116
36 117
36 118
36 119
36 120
36 121
36 122
36 123
36 124
36 125
36 126
36 127
36 128
36 129
36 130
36 131
36 132
36 133
36 134
36 135
36 136
36 137
36 138
36 139
36 140
36 141
36 142
36 143
36 144
36 145
36 146
36 147
36 148
36 149
36 150
36 151
36 152
36 153
36 154
36 155
36 156
36 157
36 158
36 159
36 160
36 161
36 162
36 163
36 164
36 165
36 166
36 167
35 168
35 169
35 170
35 171
36 172
36 173
36 174
36 175
36 176
36 177
36 178
36 179
36 180
36 181
36 182
36 183
36 184
36 185
36 186
36 187
36 188
36 189
36 190
36 191
36 192
36 193
36 194
36 195
36 196
36 197
36 198
36 199
36 200
36 201
36 202
36 203
36 204
36 205
36 206
36 207
36 208
36 209
36 210
36 211
36 212
36 213
36 214
36 215
36 216
36 217
36 218
36 219
36 220
36 221
36 222
36 223
36 224
36 225
36 226
36 227
36 228
36 229
36 230
36 231
36 232
36 233
36 234
36 235
36 236
36 237
36 238
36 239
36 240
36 241
36 242
36 243
36 244
36 245
36 246
36 247
36 248
36 249
36 250
36 251
36 252
36 253
36 254
36 255
36 256
36 257
36 258
36 259
36 260
36 261
36 262
36 263
36 264
36 265
36 266
36 267
36 268
36 269
36 270
36 271
36 272
36 273
36 274
37 275
37 276
37 277
38 278
38 279
38 280
39 281
39 282
39 283
40 284
40 285
40 286
41 287
41 288
41 289
42 290
42 291
43 292
43 293
43 294
44 295
44 296
45 297
45 298
45 299
46 300
46 301
47 302
47 303
48 304
48 305
49 306
50 307
51 308
52 309
53 309
54 309
55 308
56 308
57 307
58 306
59 305
60 304
60 303
61 302
62 301
63 300
64 299
65 298
66 297
66 296
67 295
68 294
69 293
70 292
71 291
72 290
73 289
74 288
75 287
76 286
77 285
78 285
79 284
80 283
81 282
82 281
83 280
84 279
85 279
86 278
87 277
88 276
89 275
90 274
91 274
92 273
93 272
94 271
95 270
96 270
97 269
98 268
99 267
100 267
101 266
102 265
103 264
104 263
105 263
106 262
107 261
108 260
109 259
110 258
111 257
112 256
113 256
114 255
114 254
115 253
116 252
117 251
118 250
119 249
120 248
121 247
121 246
122 245
123 244
124 243
124 242
125 241
126 240
127 239
127 238
128 237
129 236
129 235
130 234
131 233
131 232
132 231
132 230
133 229
134 228
134 227
135 226
135 225
136 224
136 223
137 222
137 221
138 220
138 219
138 218
139 217
139 216
140 215
140 214
140 213
141 212
141 211
141 210
142 209
142 208
142 207
142 206
143 205
143 204
143 203
143 202
143 201
144 200
144 199
144 198
144 197
144 196
144 195
144 194
144 193
144 192
145 191
145 190
145 189
145 188
145 187
145 186
145 185
145 184
145 183
145 182
145 181
145 180
145 179
145 178
145 177
145 176
145 175
145 174
145 173
145 172
146 171
146 170
146 169
146 168
145 167
145 166
145 165
145 164
145 163
145 162
145 161
145 160
145 159
145 158
145 157
145 156
145 155
145 154
145 153
145 152
145 151
145 150
145 149
145 148
144 147
144 146
144 145
144 144
144 143
144 142
144 141
144 140
144 139
144 138
143 137
143 136
143 135
143 134
143 133
142 132
142 131
142 130
142 129
141 128
141 127
141 126
140 125
140 124
140 123
139 122
139 121
138 120
138 119
137 118
137 117
137 116
136 115
136 114
135 113
135 112
134 111
133 110
133 109
132 108
132 107
131 106
130 105
130 104
129 103
129 102
128 101
127 100
126 99
126 98
125 97
124 96
124 95
123 94
122 93
121 92
120 91
119 90
119 89
118 88
117 87
116 86
115 85
114 84
113 83
112 82
111 81
110 80
109 79
108 78
107 77
106 77
105 76
104 75
103 74
102 73
101 73
100 72
99 71
98 70
97 69
96 69
95 68
94 67
93 66
92 65
91 65
90 64
89 63
88 62
87 61
86 61
85 60
84 59
83 58
82 57
81 56
80 55
79 55
78 54
77 53
76 52
75 51
74 50
73 49
72 48
71 47
70 46
69 45
68 44
67 43
66 42
65 41
64 40
63 39
63 38
62 37
61 36
60 35
59 34
59 33
58 32
57 31
56 30
55 30
54 30
53 29
