553 323
552 324
551 325
550 326
550 327
549 328
548 329
548 330
547 331
546 332
545 333
544 334
543 335
542 336
541 336
540 337
539 338
538 339
537 340
536 341
535 342
534 343
534 344
534 345
534 346
534 347
534 348
534 349
534 350
534 351
534 352
534 353
534 354
534 355
534 356
534 357
534 358
534 359
534 360
534 361
534 362
534 363
534 364
534 365
534 366
534 367
534 368
534 369
534 370
534 371
534 372
534 373
534 374
534 375
534 376
534 377
534 378
534 379
534 380
534 381
534 382
534 383
534 384
534 385
534 386
534 387
534 388
534 389
534 390
534 391
534 392
534 393
534 394
534 395
534 396
534 397
534 398
534 399
534 400
534 401
534 402
534 403
534 404
534 405
534 406
534 407
534 408
534 409
534 410
534 411
534 412
534 413
534 414
534 415
534 416
534 417
534 418
534 419
534 420
534 421
534 422
534 423
534 424
534 425
534 426
534 427
534 428
534 429
534 430
534 431
534 432
534 433
534 434
534 435
534 436
534 437
534 438
534 439
534 440
534 441
534 442
534 443
534 444
534 445
534 446
534 447
534 448
534 449
534 450
534 451
534 452
534 453
534 454
534 455
534 456
534 457
534 458
534 459
534 460
534 461
534 462
534 463
534 464
534 465
534 466
534 467
534 468
534 469
534 470
534 471
534 472
534 473
534 474
534 475
535 476
535 477
536 478
537 479
538 480
539 481
540 481
541 482
542 483
543 484
544 485
545 485
546 486
546 487
547 488
548 489
549 490
549 491
550 492
550 493
551 494
552 495
553 495
554 495
555 495
556 494
557 494
557 493
558 492
558 491
559 490
560 489
560 488
561 487
561 486
562 485
562 484
563 483
563 482
564 481
564 480
565 479
565 478
566 477
566 476
567 475
567 474
567 473
568 472
568 471
569 470
569 469
569 468
570 467
570 466
571 465
571 464
571 463
572 462
572 461
572 460
573 459
573 458
573 457
574 456
574 455
574 454
574 453
575 452
575 451
575 450
575 449
576 448
576 447
576 446
576 445
577 444
577 443
577 442
577 441
578 440
578 439
578 438
578 437
578 436
578 435
579 434
579 433
579 432
579 431
579 430
579 429
580 428
580 427
580 426
580 425
580 424
580 423
580 422
580 421
581 420
581 419
581 418
581 417
581 416
581 415
581 414
581 413
581 412
582 411
582 410
582 409
582 408
581 407
581 406
581 405
581 404
581 403
581 402
581 401
581 400
581 399
581 398
580 397
580 396
580 395
580 394
580 393
580 392
580 391
580 390
579 389
579 388
579 387
579 386
579 385
579 384
578 383
578 382
578 381
578 380
578 379
577 378
577 377
577 376
577 375
577 374
576 373
576 372
576 371
576 370
575 369
575 368
575 367
575 366
574 365
574 364
574 363
573 362
573 361
573 360
572 359
572 358
572 357
571 356
571 355
571 354
570 353
570 352
570 351
569 350
569 349
569 348
568 347
568 346
567 345
567 344
566 343
566 342
565 341
565 340
564 339
564 338
564 337
563 336
563 335
562 334
561 333
561 332
560 331
560 330
559 329
559 328
558 327
557 326
557 325
556 324
555 323
554 323
553 323
