542 331
541 332
540 332
539 332
538 332
537 332
536 333
535 333
534 333
533 333
532 333
531 334
530 334
529 334
528 335
527 335
526 335
525 336
524 336
523 336
522 337
521 337
520 337
519 338
518 338
517 339
516 339
515 340
514 340
513 340
512 341
511 341
510 342
509 342
508 343
507 343
506 344
505 345
504 345
503 346
502 346
501 347
500 348
499 348
498 349
497 350
496 350
495 351
494 352
493 353
492 353
491 354
490 355
489 356
488 357
487 358
486 359
486 360
485 361
484 362
484 363
484 364
484 365
484 366
484 367
484 368
484 369
484 370
484 371
484 372
484 373
484 374
484 375
484 376
484 377
484 378
484 379
484 380
484 381
484 382
484 383
484 384
484 385
484 386
484 387
484 388
484 389
484 390
484 391
484 392
484 393
484 394
484 395
484 396
484 397
484 398
484 399
484 400
484 401
484 402
484 403
484 404
484 405
484 406
484 407
484 408
484 409
484 410
484 411
484 412
484 413
484 414
484 415
484 416
484 417
484 418
484 419
484 420
484 421
484 422
484 423
484 424
484 425
484 426
484 427
484 428
484 429
484 430
484 431
484 432
484 433
484 434
484 435
484 436
484 437
484 438
484 439
484 440
484 441
484 442
484 443
484 444
484 445
484 446
484 447
484 448
484 449
484 450
484 451
485 452
486 453
487 454
487 455
488 456
489 457
490 458
491 458
492 459
493 460
494 461
495 462
496 462
497 463
498 464
499 464
500 465
501 466
502 466
503 467
504 468
505 468
506 469
507 469
508 470
509 470
510 471
511 471
512 472
513 472
514 473
515 473
516 474
517 474
518 475
519 475
520 475
521 476
522 476
523 476
524 477
525 477
526 477
527 478
528 478
529 478
530 479
531 479
532 479
533 480
534 480
535 480
536 480
537 480
538 481
539 481
540 481
541 481
542 481
543 481
544 482
545 482
546 482
547 482
548 482
549 482
550 482
551 482
552 482
553 482
554 482
555 482
556 482
557 481
558 481
559 481
560 481
561 481
562 480
563 480
564 480
565 479
566 479
567 478
568 478
569 478
570 477
571 476
572 476
573 475
574 475
575 474
576 473
577 472
578 472
579 471
580 470
581 469
582 468
583 467
584 466
585 465
586 464
586 463
587 462
588 461
589 460
590 459
590 458
591 457
592 456
592 455
593 454
593 453
594 452
594 451
595 450
596 449
596 448
597 447
597 446
597 445
598 444
598 443
599 442
599 441
600 440
600 439
600 438
601 437
601 436
601 435
602 434
602 433
602 432
602 431
603 430
603 429
603 428
603 427
604 426
604 425
604 424
604 423
604 422
605 421
605 420
605 419
605 418
605 417
605 416
605 415
605 414
605 413
606 412
606 411
606 410
606 409
606 408
606 407
606 406
606 405
606 404
606 403
606 402
606 401
606 400
605 399
605 398
605 397
605 396
605 395
605 394
605 393
605 392
604 391
604 390
604 389
604 388
604 387
603 386
603 385
603 384
603 383
602 382
602 381
602 380
602 379
601 378
601 377
601 376
600 375
600 374
600 373
599 372
599 371
598 370
598 369
598 368
597 367
597 366
596 365
596 364
595 363
595 362
594 361
593 360
593 359
592 358
592 357
591 356
590 355
590 354
589 353
588 352
587 351
587 350
586 349
585 348
584 347
583 346
582 345
581 344
580 343
579 342
578 341
577 340
576 340
575 339
574 338
573 337
572 337
571 336
570 336
569 335
568 335
567 334
566 334
565 333
564 333
563 333
562 332
561 332
560 332
559 332
558 331
557 331
556 331
555 331
554 331
553 331
552 331
551 331
550 331
549 331
548 331
547 331
546 331
545 331
544 331
543 331
542 331
