573 326
572 327
571 327
570 327
569 327
568 327
567 328
566 328
565 328
564 328
563 329
562 329
561 329
560 329
559 330
558 330
557 330
556 331
555 331
554 332
553 332
552 332
551 333
550 333
549 334
548 334
547 334
546 335
545 335
544 336
543 336
542 337
541 337
540 338
539 339
538 339
537 340
536 340
535 341
534 341
533 342
532 342
531 343
530 343
529 344
528 345
527 345
526 346
525 346
524 347
523 347
522 348
521 348
520 349
519 350
518 350
517 351
516 351
515 352
514 352
513 353
512 353
511 354
510 354
509 355
508 355
507 356
506 356
505 357
504 357
503 358
502 358
501 359
500 359
499 360
498 360
497 361
496 361
495 362
494 362
493 362
492 363
491 363
490 364
489 364
488 364
487 365
486 365
485 365
484 366
483 366
482 366
481 366
480 367
479 367
478 367
477 367
476 367
475 367
474 366
473 366
472 366
471 365
470 365
469 365
468 364
467 364
466 363
465 363
464 363
463 362
462 362
461 361
460 361
459 360
458 360
457 360
456 361
455 361
454 362
454 363
454 364
454 365
454 366
454 367
454 368
454 369
454 370
454 371
454 372
454 373
454 374
454 375
454 376
454 377
454 378
454 379
454 380
454 381
454 382
454 383
454 384
454 385
454 386
454 387
454 388
454 389
454 390
454 391
454 392
454 393
454 394
454 395
454 396
454 397
454 398
454 399
454 400
454 401
454 402
454 403
454 404
454 405
454 406
454 407
454 408
454 409
454 410
454 411
454 412
454 413
454 414
454 415
454 416
454 417
454 418
454 419
454 420
454 421
454 422
454 423
454 424
454 425
454 426
454 427
454 428
454 429
454 430
454 431
454 432
454 433
454 434
454 435
454 436
454 437
454 438
454 439
454 440
454 441
454 442
454 443
454 444
454 445
454 446
454 447
454 448
455 449
456 450
457 450
458 450
459 450
460 450
461 449
462 449
463 448
464 448
465 447
466 447
467 446
468 446
469 446
470 445
471 445
472 445
473 444
474 444
475 444
476 444
477 443
478 443
479 443
480 444
481 444
482 444
483 444
484 445
485 445
486 445
487 446
488 446
489 446
490 447
491 447
492 447
493 448
494 448
495 449
496 449
497 449
498 450
499 450
500 451
501 451
502 452
503 452
504 453
505 453
506 454
507 454
508 455
509 455
510 456
511 456
512 457
513 457
514 458
515 458
516 459
517 460
518 460
519 461
520 461
521 462
522 462
523 463
524 463
525 464
526 465
527 465
528 466
529 466
530 467
531 467
532 468
533 468
534 469
535 470
536 470
537 471
538 471
539 472
540 472
541 473
542 473
543 474
544 474
545 475
546 475
547 476
548 476
549 477
550 477
551 477
552 478
553 478
554 479
555 479
556 479
557 480
558 480
559 480
560 481
561 481
562 481
563 482
564 482
565 482
566 482
567 483
568 483
569 483
570 483
571 483
572 484
573 484
574 484
575 484
576 484
577 484
578 484
579 484
580 484
581 485
582 485
583 485
584 485
585 485
586 484
587 484
588 484
589 484
590 484
591 484
592 484
593 484
594 484
595 484
596 483
597 483
598 483
599 483
600 482
601 482
602 482
603 482
604 481
605 481
606 480
607 480
608 480
609 479
610 479
611 478
612 478
613 477
614 477
615 476
616 476
617 475
618 475
619 474
620 473
621 473
622 472
623 471
624 470
625 470
626 469
627 468
628 467
629 466
630 465
631 465
632 464
633 463
634 462
635 461
636 460
637 459
637 458
638 457
639 456
640 455
641 454
642 453
642 452
643 451
644 450
645 449
645 448
646 447
647 446
647 445
648 444
649 443
649 442
650 441
650 440
651 439
652 438
652 437
653 436
653 435
654 434
654 433
654 432
655 431
655 430
656 429
656 428
656 427
657 426
657 425
657 424
658 423
658 422
658 421
659 420
659 419
659 418
659 417
659 416
660 415
660 414
660 413
660 412
660 411
660 410
660 409
660 408
661 407
661 406
661 405
661 404
661 403
660 402
660 401
660 400
660 399
660 398
660 397
660 396
660 395
659 394
659 393
659 392
659 391
659 390
658 389
658 388
658 387
657 386
657 385
657 384
656 383
656 382
656 381
655 380
655 379
654 378
654 377
653 376
653 375
652 374
652 373
651 372
651 371
650 370
650 369
649 368
649 367
648 366
647 365
647 364
646 363
645 362
645 361
644 360
643 359
642 358
641 357
641 356
640 355
639 354
638 353
637 352
636 351
635 350
634 349
633 348
632 347
631 346
630 345
629 344
628 343
627 342
626 341
625 341
624 340
623 339
622 338
621 338
620 337
619 336
618 336
617 335
616 334
615 334
614 333
613 333
612 332
611 332
610 331
609 331
608 331
607 330
606 330
605 329
604 329
603 329
602 328
601 328
600 328
599 328
598 327
597 327
596 327
595 327
594 326
593 326
592 326
591 326
590 326
589 326
588 326
587 326
586 326
585 326
584 326
583 326
582 326
581 326
580 326
579 326
578 326
577 326
576 326
575 326
574 326
573 326
