506 209
505 210
504 210
503 210
502 210
501 210
500 210
499 210
498 210
497 210
496 210
495 211
494 211
493 211
492 211
491 211
490 211
489 211
488 211
487 212
486 212
485 212
484 212
483 212
482 212
481 213
480 213
479 213
478 213
477 213
476 213
475 214
474 214
473 214
472 214
471 214
470 215
469 215
468 215
467 215
466 216
465 216
464 216
463 216
462 217
461 217
460 217
459 217
458 218
457 218
456 218
455 218
454 219
453 219
452 219
451 219
450 220
449 220
448 220
447 221
446 221
445 221
444 221
443 222
442 222
441 222
440 223
439 223
438 223
437 223
436 224
435 224
434 224
433 225
432 225
431 225
430 226
429 226
428 226
427 227
426 227
425 227
424 227
423 228
422 228
421 228
420 229
419 229
418 229
417 230
416 230
415 230
414 231
413 231
412 231
411 232
410 232
409 232
408 233
407 233
406 233
405 233
404 234
403 234
402 234
401 235
400 235
399 235
398 236
397 236
396 236
395 237
394 237
393 237
392 238
391 238
390 238
389 238
388 239
387 239
386 239
385 240
384 240
383 240
382 240
381 241
380 241
379 241
378 242
377 242
376 242
375 242
374 243
373 243
372 243
371 243
370 244
369 244
368 244
367 244
366 245
365 245
364 245
363 246
362 247
362 248
362 249
362 250
362 251
362 252
362 253
362 254
362 255
362 256
362 257
362 258
362 259
362 260
362 261
362 262
362 263
362 264
362 265
362 266
362 267
362 268
362 269
362 270
362 271
362 272
362 273
362 274
362 275
362 276
362 277
362 278
362 279
362 280
362 281
362 282
362 283
362 284
362 285
362 286
362 287
362 288
362 289
362 290
362 291
362 292
362 293
362 294
362 295
362 296
362 297
362 298
362 299
362 300
362 301
362 302
362 303
362 304
362 305
362 306
362 307
362 308
362 309
362 310
362 311
362 312
362 313
362 314
362 315
362 316
362 317
362 318
362 319
362 320
362 321
362 322
362 323
362 324
362 325
362 326
362 327
362 328
362 329
362 330
362 331
362 332
362 333
362 334
362 335
362 336
362 337
362 338
362 339
362 340
362 341
362 342
362 343
362 344
362 345
362 346
362 347
362 348
362 349
362 350
362 351
362 352
362 353
362 354
362 355
362 356
362 357
362 358
362 359
362 360
362 361
362 362
362 363
362 364
362 365
362 366
362 367
362 368
362 369
362 370
362 371
362 372
362 373
362 374
362 375
362 376
362 377
362 378
362 379
362 380
362 381
362 382
362 383
362 384
362 385
362 386
362 387
362 388
362 389
362 390
362 391
362 392
362 393
362 394
362 395
362 396
362 397
362 398
362 399
362 400
362 401
361 402
361 403
361 404
361 405
362 406
362 407
362 408
362 409
362 410
362 411
362 412
362 413
362 414
362 415
362 416
362 417
362 418
362 419
362 420
362 421
362 422
362 423
362 424
362 425
362 426
362 427
362 428
362 429
362 430
362 431
362 432
362 433
362 434
362 435
362 436
362 437
362 438
362 439
362 440
362 441
362 442
362 443
362 444
362 445
362 446
362 447
362 448
362 449
362 450
362 451
362 452
362 453
362 454
362 455
362 456
362 457
362 458
362 459
362 460
362 461
362 462
362 463
362 464
362 465
362 466
362 467
362 468
362 469
362 470
362 471
362 472
362 473
362 474
362 475
362 476
362 477
362 478
362 479
362 480
362 481
362 482
362 483
362 484
362 485
362 486
362 487
362 488
362 489
362 490
362 491
362 492
362 493
362 494
362 495
362 496
362 497
362 498
362 499
362 500
362 501
362 502
362 503
362 504
362 505
362 506
362 507
362 508
362 509
362 510
362 511
362 512
362 513
362 514
362 515
362 516
362 517
362 518
362 519
362 520
362 521
362 522
362 523
362 524
362 525
362 526
362 527
362 528
362 529
362 530
362 531
362 532
362 533
362 534
362 535
362 536
362 537
362 538
362 539
362 540
362 541
362 542
362 543
362 544
362 545
362 546
362 547
362 548
362 549
362 550
362 551
362 552
362 553
362 554
362 555
362 556
362 557
362 558
362 559
362 560
363 561
364 562
365 562
366 562
367 563
368 563
369 563
370 563
371 564
372 564
373 564
374 564
375 565
376 565
377 565
378 565
379 566
380 566
381 566
382 567
383 567
384 567
385 567
386 568
387 568
388 568
389 569
390 569
391 569
392 570
393 570
394 570
395 570
396 571
397 571
398 571
399 572
400 572
401 572
402 573
403 573
404 573
405 574
406 574
407 574
408 575
409 575
410 575
411 575
412 576
413 576
414 576
415 577
416 577
417 577
418 578
419 578
420 578
421 579
422 579
423 579
424 580
425 580
426 580
427 581
428 581
429 581
430 581
431 582
432 582
433 582
434 583
435 583
436 583
437 584
438 584
439 584
440 584
441 585
442 585
443 585
444 586
445 586
446 586
447 587
448 587
449 587
450 587
451 588
452 588
453 588
454 588
455 589
456 589
457 589
458 589
459 590
460 590
461 590
462 590
463 591
464 591
465 591
466 591
467 592
468 592
469 592
470 592
471 593
472 593
473 593
474 593
475 593
476 594
477 594
478 594
479 594
480 594
481 595
482 595
483 595
484 595
485 595
486 595
487 595
488 596
489 596
490 596
491 596
492 596
493 596
494 596
495 596
496 597
497 597
498 597
499 597
500 597
501 597
502 597
503 597
504 597
505 597
506 598
507 598
508 598
509 598
510 598
511 598
512 598
513 598
514 598
515 598
516 598
517 598
518 598
519 598
520 598
521 598
522 598
523 598
524 598
525 598
526 598
527 598
528 598
529 598
530 598
531 598
532 598
533 598
534 598
535 598
536 598
537 598
538 598
539 598
540 598
541 598
542 598
543 598
544 598
545 598
546 598
547 598
548 598
549 598
550 597
551 597
552 597
553 597
554 597
555 597
556 597
557 597
558 597
559 597
560 596
561 596
562 596
563 596
564 596
565 596
566 596
567 595
568 595
569 595
570 595
571 595
572 595
573 594
574 594
575 594
576 594
577 594
578 593
579 593
580 593
581 593
582 593
583 592
584 592
585 592
586 592
587 591
588 591
589 591
590 591
591 590
592 590
593 590
594 590
595 589
596 589
597 589
598 588
599 588
600 588
601 587
602 587
603 587
604 586
605 586
606 586
607 585
608 585
609 585
610 584
611 584
612 584
613 583
614 583
615 582
616 582
617 582
618 581
619 581
620 580
621 580
622 580
623 579
624 579
625 578
626 578
627 577
628 577
629 576
630 576
631 575
632 575
633 574
634 574
635 573
636 573
637 572
638 572
639 571
640 571
641 570
642 570
643 569
644 569
645 568
646 567
647 567
648 566
649 566
650 565
651 564
652 564
653 563
654 562
655 562
656 561
657 560
658 560
659 559
660 558
661 558
662 557
663 556
664 555
665 555
666 554
667 553
668 552
669 552
670 551
671 550
672 549
673 548
674 548
675 547
676 546
677 545
678 544
679 543
680 542
681 541
682 540
683 539
684 538
685 538
686 537
687 536
688 535
689 534
689 533
690 532
691 531
692 530
693 529
694 528
695 527
696 526
697 525
698 524
698 523
699 522
700 521
701 520
702 519
702 518
703 517
704 516
705 515
706 514
706 513
707 512
708 511
708 510
709 509
710 508
710 507
711 506
712 505
712 504
713 503
714 502
714 501
715 500
716 499
716 498
717 497
717 496
718 495
718 494
719 493
720 492
720 491
721 490
721 489
722 488
722 487
723 486
723 485
724 484
724 483
725 482
725 481
726 480
726 479
727 478
727 477
727 476
728 475
728 474
729 473
729 472
729 471
730 470
730 469
731 468
731 467
731 466
732 465
732 464
733 463
733 462
733 461
734 460
734 459
734 458
734 457
735 456
735 455
735 454
736 453
736 452
736 451
736 450
737 449
737 448
737 447
738 446
738 445
738 444
738 443
738 442
739 441
739 440
739 439
739 438
739 437
740 436
740 435
740 434
740 433
740 432
741 431
741 430
741 429
741 428
741 427
741 426
741 425
741 424
742 423
742 422
742 421
742 420
742 419
742 418
742 417
742 416
742 415
742 414
742 413
742 412
743 411
743 410
743 409
743 408
743 407
743 406
743 405
743 404
743 403
743 402
743 401
743 400
743 399
743 398
743 397
743 396
742 395
742 394
742 393
742 392
742 391
742 390
742 389
742 388
742 387
742 386
742 385
742 384
741 383
741 382
741 381
741 380
741 379
741 378
741 377
741 376
740 375
740 374
740 373
740 372
740 371
739 370
739 369
739 368
739 367
739 366
738 365
738 364
738 363
738 362
738 361
737 360
737 359
737 358
736 357
736 356
736 355
736 354
735 353
735 352
735 351
734 350
734 349
734 348
734 347
733 346
733 345
732 344
732 343
732 342
731 341
731 340
731 339
730 338
730 337
729 336
729 335
729 334
728 333
728 332
727 331
727 330
726 329
726 328
726 327
725 326
725 325
724 324
724 323
723 322
723 321
722 320
722 319
721 318
721 317
720 316
720 315
719 314
718 313
718 312
717 311
717 310
716 309
715 308
715 307
714 306
714 305
713 304
712 303
712 302
711 301
710 300
710 299
709 298
708 297
708 296
707 295
706 294
705 293
705 292
704 291
703 290
702 289
702 288
701 287
700 286
699 285
698 284
698 283
697 282
696 281
695 280
694 279
693 278
692 277
691 276
690 275
689 274
688 273
687 272
687 271
686 270
685 269
684 269
683 268
682 267
681 266
680 265
679 264
678 263
677 262
676 261
675 260
674 259
673 259
672 258
671 257
670 256
669 255
668 255
667 254
666 253
665 252
664 252
663 251
662 250
661 249
660 249
659 248
658 247
657 247
656 246
655 245
654 245
653 244
652 243
651 243
650 242
649 241
648 241
647 240
646 240
645 239
644 238
643 238
642 237
641 237
640 236
639 236
638 235
637 235
636 234
635 234
634 233
633 233
632 232
631 232
630 231
629 231
628 230
627 230
626 229
625 229
624 228
623 228
622 227
621 227
620 227
619 226
618 226
617 225
616 225
615 225
614 224
613 224
612 223
611 223
610 223
609 222
608 222
607 222
606 221
605 221
604 221
603 220
602 220
601 220
600 219
599 219
598 219
597 218
596 218
595 218
594 217
593 217
592 217
591 217
590 216
589 216
588 216
587 216
586 215
585 215
584 215
583 215
582 214
581 214
580 214
579 214
578 214
577 213
576 213
575 213
574 213
573 213
572 212
571 212
570 212
569 212
568 212
567 212
566 211
565 211
564 211
563 211
562 211
561 211
560 211
559 210
558 210
557 210
556 210
555 210
554 210
553 210
552 210
551 210
550 210
549 209
548 209
547 209
546 209
545 209
544 209
543 209
542 209
541 209
540 209
539 209
538 209
537 209
536 209
535 209
534 209
533 209
532 209
531 209
530 209
529 209
528 209
527 209
526 209
525 209
524 209
523 209
522 209
521 209
520 209
519 209
518 209
517 209
516 209
515 209
514 209
513 209
512 209
511 209
510 209
509 209
508 209
507 209
506 209
