497 278
496 279
495 279
494 279
493 279
492 279
491 279
490 279
489 279
488 279
487 279
486 279
485 279
484 279
483 280
482 280
481 280
480 280
479 280
478 280
477 280
476 280
475 280
474 280
473 281
472 281
471 281
470 281
469 281
468 281
467 281
466 282
465 282
464 282
463 282
462 282
461 282
460 282
459 282
458 283
457 283
456 283
455 283
454 283
453 283
452 284
451 284
450 284
449 284
448 284
447 284
446 284
445 285
444 285
443 285
442 285
441 285
440 285
439 286
438 286
437 286
436 286
435 286
434 287
433 287
432 287
431 288
430 288
429 289
428 289
427 290
426 290
425 289
424 288
423 287
422 286
422 285
421 284
420 283
420 282
419 282
418 281
417 281
416 281
415 282
414 283
413 284
412 284
411 285
410 285
409 285
408 286
407 286
406 287
406 288
405 289
405 290
405 291
405 292
405 293
405 294
405 295
405 296
405 297
405 298
405 299
405 300
405 301
405 302
405 303
405 304
405 305
405 306
405 307
405 308
405 309
405 310
405 311
405 312
405 313
405 314
405 315
405 316
405 317
405 318
405 319
405 320
405 321
405 322
405 323
405 324
405 325
405 326
405 327
405 328
405 329
405 330
405 331
405 332
405 333
405 334
405 335
405 336
405 337
405 338
405 339
405 340
405 341
405 342
405 343
405 344
405 345
405 346
405 347
405 348
405 349
405 350
405 351
405 352
405 353
405 354
405 355
405 356
405 357
405 358
405 359
405 360
405 361
405 362
405 363
405 364
405 365
405 366
405 367
405 368
405 369
405 370
405 371
405 372
405 373
405 374
405 375
405 376
405 377
405 378
405 379
405 380
405 381
405 382
405 383
405 384
405 385
405 386
405 387
405 388
405 389
405 390
405 391
405 392
405 393
405 394
405 395
405 396
405 397
405 398
405 399
405 400
405 401
405 402
405 403
405 404
405 405
405 406
405 407
405 408
405 409
405 410
405 411
405 412
405 413
405 414
405 415
405 416
405 417
405 418
405 419
405 420
405 421
405 422
405 423
405 424
405 425
405 426
405 427
405 428
405 429
405 430
405 431
405 432
405 433
405 434
405 435
405 436
405 437
405 438
405 439
405 440
405 441
405 442
405 443
405 444
405 445
405 446
405 447
405 448
405 449
405 450
405 451
405 452
405 453
405 454
405 455
405 456
405 457
405 458
405 459
405 460
405 461
405 462
405 463
405 464
405 465
405 466
405 467
405 468
405 469
405 470
405 471
405 472
405 473
405 474
405 475
405 476
405 477
405 478
405 479
405 480
405 481
405 482
405 483
405 484
405 485
405 486
405 487
405 488
405 489
405 490
405 491
405 492
405 493
405 494
405 495
405 496
405 497
405 498
405 499
405 500
405 501
405 502
405 503
405 504
405 505
405 506
405 507
405 508
405 509
405 510
405 511
405 512
405 513
405 514
405 515
405 516
405 517
405 518
405 519
405 520
405 521
405 522
405 523
405 524
405 525
405 526
405 527
405 528
405 529
405 530
405 531
405 532
405 533
405 534
405 535
405 536
405 537
405 538
406 539
406 540
407 541
408 541
409 542
410 542
411 542
412 543
413 543
414 544
415 545
416 546
417 546
418 546
419 546
420 545
421 544
421 543
422 542
423 541
423 540
424 539
425 538
426 537
427 537
428 538
429 538
430 539
431 540
432 540
433 540
434 541
435 541
436 541
437 541
438 541
439 541
440 542
441 542
442 542
443 542
444 542
445 543
446 543
447 543
448 543
449 543
450 543
451 543
452 544
453 544
454 544
455 544
456 544
457 544
458 545
459 545
460 545
461 545
462 545
463 545
464 545
465 545
466 546
467 546
468 546
469 546
470 546
471 546
472 546
473 547
474 547
475 547
476 547
477 547
478 547
479 547
480 547
481 547
482 547
483 548
484 548
485 548
486 548
487 548
488 548
489 548
490 548
491 548
492 548
493 548
494 548
495 549
496 549
497 549
498 549
499 549
500 549
501 549
502 549
503 549
504 549
505 549
506 549
507 549
508 549
509 549
510 549
511 549
512 549
513 549
514 549
515 549
516 549
517 549
518 549
519 549
520 549
521 549
522 549
523 549
524 549
525 549
526 549
527 549
528 549
529 549
530 549
531 549
532 549
533 549
534 549
535 549
536 549
537 549
538 549
539 549
540 549
541 549
542 549
543 549
544 548
545 548
546 548
547 548
548 548
549 548
550 548
551 548
552 548
553 547
554 547
555 547
556 547
557 547
558 547
559 547
560 546
561 546
562 546
563 546
564 546
565 546
566 545
567 545
568 545
569 545
570 545
571 544
572 544
573 544
574 544
575 543
576 543
577 543
578 543
579 542
580 542
581 542
582 542
583 541
584 541
585 541
586 540
587 540
588 540
589 539
590 539
591 539
592 538
593 538
594 538
595 537
596 537
597 536
598 536
599 536
600 535
601 535
602 534
603 534
604 533
605 533
606 533
607 532
608 532
609 531
610 531
611 530
612 530
613 529
614 528
615 528
616 527
617 527
618 526
619 526
620 525
621 524
622 524
623 523
624 522
625 522
626 521
627 520
628 520
629 519
630 518
631 517
632 517
633 516
634 515
635 514
636 514
637 513
638 512
639 511
640 510
641 509
642 509
643 508
644 507
645 506
646 505
647 504
648 503
649 502
650 501
651 500
652 499
653 498
654 497
654 496
655 495
656 494
657 493
658 492
658 491
659 490
660 489
661 488
661 487
662 486
663 485
663 484
664 483
665 482
665 481
666 480
667 479
667 478
668 477
668 476
669 475
669 474
670 473
670 472
671 471
671 470
672 469
672 468
672 467
673 466
673 465
674 464
674 463
674 462
675 461
675 460
675 459
676 458
676 457
676 456
677 455
677 454
677 453
677 452
678 451
678 450
678 449
678 448
679 447
679 446
679 445
679 444
679 443
680 442
680 441
680 440
680 439
680 438
680 437
681 436
681 435
681 434
681 433
681 432
681 431
681 430
681 429
681 428
681 427
681 426
682 425
682 424
682 423
682 422
682 421
682 420
682 419
682 418
682 417
682 416
682 415
682 414
682 413
682 412
682 411
682 410
682 409
682 408
682 407
682 406
682 405
682 404
682 403
682 402
681 401
681 400
681 399
681 398
681 397
681 396
681 395
681 394
681 393
681 392
680 391
680 390
680 389
680 388
680 387
680 386
680 385
679 384
679 383
679 382
679 381
679 380
678 379
678 378
678 377
678 376
677 375
677 374
677 373
677 372
676 371
676 370
676 369
675 368
675 367
675 366
674 365
674 364
674 363
673 362
673 361
672 360
672 359
672 358
671 357
671 356
670 355
670 354
669 353
669 352
668 351
668 350
667 349
666 348
666 347
665 346
665 345
664 344
663 343
663 342
662 341
661 340
661 339
660 338
659 337
658 336
658 335
657 334
656 333
655 332
654 331
653 330
653 329
652 328
651 327
650 326
649 325
648 324
647 323
646 322
645 321
644 320
643 319
642 319
641 318
640 317
639 316
638 315
637 314
636 313
635 313
634 312
633 311
632 310
631 310
630 309
629 308
628 307
627 307
626 306
625 305
624 305
623 304
622 303
621 303
620 302
619 302
618 301
617 300
616 300
615 299
614 299
613 298
612 298
611 297
610 297
609 296
608 296
607 295
606 295
605 294
604 294
603 293
602 293
601 292
600 292
599 292
598 291
597 291
596 290
595 290
594 290
593 289
592 289
591 288
590 288
589 288
588 287
587 287
586 287
585 286
584 286
583 286
582 286
581 285
580 285
579 285
578 285
577 284
576 284
575 284
574 283
573 283
572 283
571 283
570 283
569 282
568 282
567 282
566 282
565 282
564 281
563 281
562 281
561 281
560 281
559 281
558 280
557 280
556 280
555 280
554 280
553 280
552 280
551 279
550 279
549 279
548 279
547 279
546 279
545 279
544 279
543 279
542 279
541 278
540 278
539 278
538 278
537 278
536 278
535 278
534 278
533 278
532 278
531 278
530 278
529 278
528 278
527 278
526 278
525 278
524 278
523 278
522 278
521 278
520 278
519 278
518 278
517 278
516 278
515 278
514 278
513 278
512 278
511 278
510 278
509 278
508 278
507 278
506 278
505 278
504 278
503 278
502 278
501 278
500 278
499 278
498 278
497 278
