525 236
524 237
523 237
522 237
521 237
520 237
519 237
518 237
517 237
516 237
515 238
514 238
513 238
512 238
511 238
510 238
509 238
508 239
507 239
506 239
505 239
504 239
503 240
502 240
501 240
500 240
499 240
498 241
497 241
496 241
495 241
494 241
493 242
492 242
491 242
490 242
489 243
488 243
487 243
486 243
485 244
484 244
483 244
482 244
481 245
480 245
479 245
478 246
477 246
476 246
475 247
474 247
473 247
472 248
471 248
470 248
469 248
468 249
467 249
466 250
465 250
464 250
463 251
462 251
461 251
460 252
459 252
458 253
457 253
456 253
455 254
454 254
453 254
452 255
451 255
450 256
449 256
448 257
447 257
446 257
445 258
444 258
443 259
442 259
441 260
440 260
439 261
438 261
437 261
436 262
435 262
434 262
433 263
432 263
431 263
430 263
429 263
428 263
427 263
426 263
425 262
424 261
424 260
424 259
424 258
424 257
424 256
424 255
424 254
424 253
424 252
424 251
423 250
423 249
422 249
421 249
420 249
419 249
418 250
417 251
416 251
415 252
414 252
413 252
412 253
411 253
410 254
409 254
409 255
408 256
408 257
408 258
408 259
408 260
408 261
408 262
408 263
408 264
408 265
408 266
408 267
408 268
408 269
408 270
408 271
408 272
408 273
408 274
408 275
408 276
408 277
408 278
408 279
408 280
408 281
408 282
408 283
408 284
408 285
408 286
408 287
408 288
408 289
408 290
408 291
408 292
408 293
408 294
408 295
408 296
408 297
408 298
408 299
408 300
408 301
408 302
408 303
408 304
408 305
408 306
408 307
408 308
408 309
408 310
408 311
408 312
408 313
408 314
408 315
408 316
408 317
408 318
408 319
408 320
408 321
408 322
408 323
408 324
408 325
408 326
408 327
408 328
408 329
408 330
408 331
408 332
408 333
408 334
408 335
408 336
408 337
408 338
408 339
408 340
408 341
408 342
408 343
408 344
408 345
408 346
408 347
408 348
408 349
408 350
408 351
408 352
408 353
408 354
408 355
408 356
408 357
408 358
408 359
408 360
408 361
408 362
408 363
408 364
408 365
408 366
408 367
408 368
408 369
408 370
408 371
408 372
408 373
408 374
408 375
408 376
408 377
408 378
408 379
408 380
408 381
408 382
408 383
408 384
408 385
408 386
408 387
408 388
408 389
408 390
408 391
408 392
408 393
408 394
408 395
408 396
408 397
408 398
408 399
408 400
408 401
408 402
408 403
408 404
408 405
408 406
408 407
408 408
408 409
408 410
408 411
408 412
408 413
408 414
408 415
408 416
408 417
408 418
408 419
408 420
408 421
408 422
408 423
408 424
408 425
408 426
408 427
408 428
408 429
408 430
408 431
408 432
408 433
408 434
408 435
408 436
408 437
408 438
408 439
408 440
408 441
408 442
408 443
408 444
408 445
408 446
408 447
408 448
408 449
408 450
408 451
408 452
408 453
408 454
408 455
408 456
408 457
408 458
408 459
408 460
408 461
408 462
408 463
408 464
408 465
408 466
408 467
408 468
408 469
408 470
408 471
408 472
408 473
408 474
408 475
408 476
408 477
408 478
408 479
408 480
408 481
408 482
408 483
408 484
408 485
408 486
408 487
408 488
408 489
408 490
408 491
408 492
408 493
408 494
408 495
408 496
408 497
408 498
408 499
408 500
408 501
408 502
408 503
408 504
408 505
408 506
408 507
408 508
408 509
408 510
408 511
408 512
408 513
408 514
408 515
408 516
408 517
408 518
408 519
408 520
408 521
408 522
408 523
408 524
408 525
408 526
408 527
408 528
408 529
408 530
408 531
408 532
408 533
408 534
408 535
408 536
408 537
408 538
408 539
408 540
408 541
408 542
408 543
408 544
408 545
408 546
408 547
408 548
408 549
408 550
408 551
408 552
408 553
408 554
408 555
408 556
408 557
408 558
408 559
408 560
409 561
410 562
411 562
412 563
413 563
414 563
415 564
416 564
417 565
418 566
419 566
420 567
421 567
422 567
423 566
423 565
424 564
424 563
424 562
424 561
424 560
424 559
424 558
424 557
424 556
424 555
424 554
425 553
426 553
427 552
428 552
429 552
430 552
431 552
432 553
433 553
434 553
435 553
436 554
437 554
438 555
439 555
440 555
441 556
442 556
443 557
444 557
445 558
446 558
447 559
448 559
449 559
450 560
451 560
452 561
453 561
454 561
455 562
456 562
457 563
458 563
459 563
460 564
461 564
462 565
463 565
464 565
465 566
466 566
467 566
468 567
469 567
470 567
471 568
472 568
473 568
474 569
475 569
476 569
477 570
478 570
479 570
480 570
481 571
482 571
483 571
484 572
485 572
486 572
487 572
488 573
489 573
490 573
491 573
492 574
493 574
494 574
495 574
496 575
497 575
498 575
499 575
500 575
501 576
502 576
503 576
504 576
505 576
506 576
507 577
508 577
509 577
510 577
511 577
512 577
513 578
514 578
515 578
516 578
517 578
518 578
519 578
520 579
521 579
522 579
523 579
524 579
525 579
526 579
527 579
528 579
529 579
530 579
531 579
532 580
533 580
534 580
535 580
536 580
537 580
538 580
539 580
540 580
541 580
542 580
543 580
544 580
545 580
546 580
547 580
548 580
549 580
550 580
551 580
552 580
553 580
554 580
555 580
556 580
557 579
558 579
559 579
560 579
561 579
562 579
563 579
564 579
565 579
566 579
567 579
568 579
569 578
570 578
571 578
572 578
573 578
574 578
575 578
576 578
577 577
578 577
579 577
580 577
581 577
582 577
583 576
584 576
585 576
586 576
587 576
588 575
589 575
590 575
591 575
592 575
593 574
594 574
595 574
596 574
597 573
598 573
599 573
600 573
601 572
602 572
603 572
604 571
605 571
606 571
607 571
608 570
609 570
610 570
611 569
612 569
613 569
614 568
615 568
616 568
617 567
618 567
619 567
620 566
621 566
622 566
623 565
624 565
625 565
626 564
627 564
628 563
629 563
630 563
631 562
632 562
633 561
634 561
635 560
636 560
637 560
638 559
639 559
640 558
641 558
642 557
643 557
644 556
645 556
646 555
647 555
648 554
649 554
650 554
651 553
652 553
653 552
654 552
655 551
656 551
657 550
658 550
659 549
660 549
661 548
662 548
663 547
664 546
665 546
666 545
667 545
668 544
669 544
670 543
671 542
672 542
673 541
674 540
675 540
676 539
677 538
678 538
679 537
680 536
681 536
682 535
683 534
684 534
685 533
686 532
687 531
688 530
689 530
690 529
691 528
692 527
693 526
694 525
695 524
696 524
697 523
698 522
699 521
700 520
701 519
702 518
703 517
704 516
705 515
706 514
706 513
707 512
708 511
709 510
710 509
711 508
711 507
712 506
713 505
714 504
714 503
715 502
716 501
717 500
717 499
718 498
719 497
719 496
720 495
720 494
721 493
722 492
722 491
723 490
723 489
724 488
724 487
725 486
726 485
726 484
727 483
727 482
728 481
728 480
728 479
729 478
729 477
730 476
730 475
731 474
731 473
731 472
732 471
732 470
733 469
733 468
733 467
734 466
734 465
734 464
735 463
735 462
735 461
736 460
736 459
736 458
736 457
737 456
737 455
737 454
738 453
738 452
738 451
738 450
738 449
739 448
739 447
739 446
739 445
740 444
740 443
740 442
740 441
740 440
740 439
741 438
741 437
741 436
741 435
741 434
741 433
741 432
742 431
742 430
742 429
742 428
742 427
742 426
742 425
742 424
742 423
742 422
742 421
743 420
743 419
743 418
743 417
743 416
743 415
743 414
743 413
743 412
743 411
743 410
743 409
743 408
743 407
743 406
743 405
743 404
743 403
743 402
743 401
743 400
743 399
743 398
743 397
743 396
743 395
742 394
742 393
742 392
742 391
742 390
742 389
742 388
742 387
742 386
742 385
741 384
741 383
741 382
741 381
741 380
741 379
741 378
740 377
740 376
740 375
740 374
740 373
740 372
739 371
739 370
739 369
739 368
739 367
738 366
738 365
738 364
738 363
737 362
737 361
737 360
737 359
736 358
736 357
736 356
735 355
735 354
735 353
735 352
734 351
734 350
733 349
733 348
733 347
732 346
732 345
732 344
731 343
731 342
730 341
730 340
730 339
729 338
729 337
728 336
728 335
727 334
727 333
726 332
726 331
725 330
725 329
724 328
724 327
723 326
723 325
722 324
721 323
721 322
720 321
719 320
719 319
718 318
718 317
717 316
716 315
715 314
715 313
714 312
713 311
713 310
712 309
711 308
710 307
709 306
709 305
708 304
707 303
706 302
705 301
704 300
703 299
702 298
701 297
700 296
699 295
698 294
697 293
696 292
695 291
694 290
693 289
692 288
691 288
690 287
689 286
688 285
687 284
686 283
685 283
684 282
683 281
682 280
681 280
680 279
679 278
678 278
677 277
676 276
675 276
674 275
673 274
672 274
671 273
670 273
669 272
668 271
667 271
666 270
665 270
664 269
663 268
662 268
661 267
660 267
659 266
658 266
657 265
656 265
655 264
654 264
653 263
652 263
651 262
650 262
649 261
648 261
647 261
646 260
645 260
644 259
643 259
642 258
641 258
640 257
639 257
638 256
637 256
636 255
635 255
634 255
633 254
632 254
631 253
630 253
629 253
628 252
627 252
626 251
625 251
624 251
623 250
622 250
621 249
620 249
619 249
618 248
617 248
616 248
615 247
614 247
613 247
612 246
611 246
610 246
609 245
608 245
607 245
606 245
605 244
604 244
603 244
602 243
601 243
600 243
599 243
598 242
597 242
596 242
595 242
594 241
593 241
592 241
591 241
590 240
589 240
588 240
587 240
586 240
585 239
584 239
583 239
582 239
581 239
580 239
579 238
578 238
577 238
576 238
575 238
574 238
573 238
572 237
571 237
570 237
569 237
568 237
567 237
566 237
565 237
564 236
563 236
562 236
561 236
560 236
559 236
558 236
557 236
556 236
555 236
554 236
553 236
552 236
551 236
550 236
549 236
548 236
547 236
546 236
545 236
544 236
543 236
542 236
541 236
540 236
539 236
538 236
537 236
536 236
535 236
534 236
533 236
532 236
531 236
530 236
529 236
528 236
527 236
526 236
525 236
