481 186
480 187
479 187
478 187
477 187
476 187
475 187
474 187
473 187
472 187
471 187
470 187
469 187
468 187
467 187
466 187
465 187
464 187
463 187
462 187
461 187
460 187
459 187
458 187
457 187
456 187
455 187
454 188
453 188
452 188
451 188
450 188
449 188
448 188
447 188
446 188
445 188
444 188
443 188
442 188
441 188
440 189
439 189
438 189
437 189
436 189
435 189
434 189
433 189
432 189
431 189
430 189
429 190
428 190
427 190
426 190
425 190
424 190
423 190
422 190
421 190
420 191
419 191
418 191
417 191
416 191
415 191
414 191
413 191
412 192
411 192
410 192
409 192
408 192
407 192
406 192
405 193
404 193
403 193
402 193
401 193
400 193
399 194
398 194
397 194
396 194
395 194
394 195
393 195
392 195
391 195
390 195
389 196
388 196
387 196
386 196
385 197
384 197
383 197
382 197
381 198
380 198
379 198
378 198
377 199
376 199
375 199
374 199
373 200
372 200
371 200
370 200
369 201
368 201
367 201
366 201
365 202
364 202
363 202
362 202
361 202
360 203
359 203
358 203
357 203
356 203
355 203
354 204
353 204
352 204
351 204
350 204
349 204
348 204
347 204
346 205
345 205
344 205
343 205
342 205
341 205
340 205
339 205
338 205
337 205
336 206
335 206
334 206
333 206
332 206
331 206
330 206
329 206
328 206
327 206
326 206
325 206
324 206
323 206
322 206
321 206
320 206
319 206
318 206
317 206
316 206
315 206
314 206
313 206
312 206
311 206
310 207
309 207
308 208
307 208
306 209
305 209
304 210
303 211
302 211
301 212
300 213
299 214
298 214
297 215
296 216
295 217
294 218
294 219
294 220
294 221
294 222
294 223
294 224
294 225
294 226
294 227
294 228
294 229
294 230
294 231
294 232
294 233
294 234
294 235
294 236
294 237
294 238
294 239
294 240
294 241
294 242
294 243
294 244
294 245
294 246
294 247
294 248
294 249
294 250
294 251
294 252
294 253
294 254
294 255
294 256
294 257
294 258
294 259
294 260
294 261
294 262
294 263
294 264
294 265
294 266
294 267
294 268
294 269
294 270
294 271
294 272
294 273
294 274
294 275
294 276
294 277
294 278
294 279
294 280
294 281
294 282
294 283
294 284
294 285
294 286
294 287
294 288
294 289
294 290
294 291
294 292
294 293
294 294
294 295
294 296
294 297
294 298
294 299
294 300
294 301
294 302
294 303
294 304
294 305
294 306
294 307
294 308
294 309
294 310
294 311
294 312
294 313
294 314
294 315
294 316
294 317
294 318
294 319
294 320
294 321
294 322
294 323
294 324
294 325
294 326
294 327
294 328
294 329
294 330
294 331
294 332
294 333
294 334
294 335
294 336
294 337
294 338
294 339
294 340
294 341
294 342
294 343
294 344
294 345
294 346
294 347
294 348
294 349
294 350
294 351
294 352
294 353
294 354
294 355
294 356
294 357
294 358
294 359
294 360
294 361
294 362
294 363
294 364
294 365
294 366
294 367
294 368
294 369
294 370
294 371
294 372
294 373
294 374
294 375
294 376
294 377
294 378
294 379
294 380
294 381
294 382
294 383
294 384
294 385
294 386
294 387
294 388
294 389
294 390
294 391
294 392
294 393
294 394
294 395
294 396
294 397
294 398
294 399
294 400
294 401
294 402
294 403
294 404
294 405
294 406
293 407
293 408
294 409
294 410
294 411
294 412
294 413
294 414
294 415
294 416
294 417
294 418
294 419
294 420
294 421
294 422
294 423
294 424
294 425
294 426
294 427
294 428
294 429
294 430
294 431
294 432
294 433
294 434
294 435
294 436
294 437
294 438
294 439
294 440
294 441
294 442
294 443
294 444
294 445
294 446
294 447
294 448
294 449
294 450
294 451
294 452
294 453
294 454
294 455
294 456
294 457
294 458
294 459
294 460
294 461
294 462
294 463
294 464
294 465
294 466
294 467
294 468
294 469
294 470
294 471
294 472
294 473
294 474
294 475
294 476
294 477
294 478
294 479
294 480
294 481
294 482
294 483
294 484
294 485
294 486
294 487
294 488
294 489
294 490
294 491
294 492
294 493
294 494
294 495
294 496
294 497
294 498
294 499
294 500
294 501
294 502
294 503
294 504
294 505
294 506
294 507
294 508
294 509
294 510
294 511
294 512
294 513
294 514
294 515
294 516
294 517
294 518
294 519
294 520
294 521
294 522
294 523
294 524
294 525
294 526
294 527
294 528
294 529
294 530
294 531
294 532
294 533
294 534
294 535
294 536
294 537
294 538
294 539
294 540
294 541
294 542
294 543
294 544
294 545
294 546
294 547
294 548
294 549
294 550
294 551
294 552
294 553
294 554
294 555
294 556
294 557
294 558
294 559
294 560
294 561
294 562
294 563
294 564
294 565
294 566
294 567
294 568
294 569
294 570
294 571
294 572
294 573
294 574
294 575
294 576
294 577
294 578
294 579
294 580
294 581
294 582
294 583
294 584
294 585
294 586
294 587
294 588
294 589
294 590
294 591
294 592
294 593
294 594
294 595
294 596
294 597
294 598
295 599
296 599
297 600
298 601
299 602
300 603
301 604
302 604
303 605
304 606
305 606
306 607
307 607
308 608
309 608
310 609
311 609
312 610
313 610
314 610
315 610
316 610
317 610
318 610
319 610
320 609
321 610
322 610
323 610
324 610
325 610
326 610
327 610
328 610
329 610
330 610
331 610
332 610
333 610
334 610
335 610
336 610
337 610
338 610
339 610
340 610
341 610
342 611
343 611
344 611
345 611
346 611
347 611
348 611
349 611
350 611
351 612
352 612
353 612
354 612
355 612
356 612
357 613
358 613
359 613
360 613
361 613
362 613
363 614
364 614
365 614
366 614
367 615
368 615
369 615
370 615
371 615
372 616
373 616
374 616
375 616
376 617
377 617
378 617
379 617
380 618
381 618
382 618
383 618
384 619
385 619
386 619
387 619
388 620
389 620
390 620
391 620
392 621
393 621
394 621
395 621
396 621
397 622
398 622
399 622
400 622
401 622
402 623
403 623
404 623
405 623
406 623
407 623
408 624
409 624
410 624
411 624
412 624
413 624
414 624
415 624
416 625
417 625
418 625
419 625
420 625
421 625
422 625
423 625
424 626
425 626
426 626
427 626
428 626
429 626
430 626
431 626
432 626
433 626
434 627
435 627
436 627
437 627
438 627
439 627
440 627
441 627
442 627
443 627
444 627
445 627
446 628
447 628
448 628
449 628
450 628
451 628
452 628
453 628
454 628
455 628
456 628
457 628
458 628
459 628
460 628
461 628
462 628
463 628
464 629
465 629
466 629
467 629
468 629
469 629
470 629
471 629
472 629
473 629
474 629
475 629
476 629
477 629
478 629
479 629
480 629
481 629
482 629
483 629
484 629
485 629
486 629
487 629
488 629
489 629
490 629
491 629
492 629
493 629
494 629
495 629
496 629
497 629
498 629
499 629
500 629
501 629
502 629
503 629
504 629
505 629
506 629
507 629
508 629
509 629
510 629
511 629
512 629
513 629
514 629
515 629
516 629
517 629
518 629
519 629
520 629
521 629
522 629
523 629
524 629
525 629
526 629
527 629
528 629
529 629
530 629
531 628
532 628
533 628
534 628
535 628
536 628
537 628
538 628
539 628
540 628
541 628
542 628
543 628
544 628
545 628
546 628
547 628
548 628
549 627
550 627
551 627
552 627
553 627
554 627
555 627
556 627
557 627
558 627
559 627
560 627
561 626
562 626
563 626
564 626
565 626
566 626
567 626
568 626
569 626
570 626
571 626
572 625
573 625
574 625
575 625
576 625
577 625
578 625
579 625
580 625
581 624
582 624
583 624
584 624
585 624
586 624
587 624
588 624
589 623
590 623
591 623
592 623
593 623
594 623
595 623
596 622
597 622
598 622
599 622
600 622
601 622
602 622
603 621
604 621
605 621
606 621
607 621
608 621
609 620
610 620
611 620
612 620
613 620
614 620
615 619
616 619
617 619
618 619
619 619
620 619
621 618
622 618
623 618
624 618
625 618
626 617
627 617
628 617
629 617
630 617
631 616
632 616
633 616
634 616
635 615
636 615
637 615
638 615
639 615
640 614
641 614
642 614
643 614
644 613
645 613
646 613
647 613
648 612
649 612
650 612
651 612
652 611
653 611
654 611
655 611
656 610
657 610
658 610
659 610
660 609
661 609
662 609
663 608
664 608
665 608
666 608
667 607
668 607
669 607
670 606
671 606
672 606
673 605
674 605
675 605
676 605
677 604
678 604
679 603
680 603
681 603
682 602
683 602
684 602
685 601
686 601
687 601
688 600
689 600
690 600
691 599
692 599
693 599
694 598
695 598
696 597
697 597
698 597
699 596
700 596
701 595
702 595
703 595
704 594
705 594
706 593
707 593
708 592
709 592
710 592
711 591
712 591
713 590
714 590
715 589
716 589
717 588
718 588
719 587
720 587
721 586
722 586
723 585
724 585
725 584
726 584
727 583
728 583
729 582
730 582
731 581
732 581
733 580
734 580
735 579
736 578
737 578
738 577
739 577
740 576
741 575
742 575
743 574
744 574
745 573
746 572
747 572
748 571
749 570
750 570
751 569
752 568
753 568
754 567
755 566
756 566
757 565
758 564
759 563
760 563
761 562
762 561
763 560
764 559
765 559
766 558
767 557
768 556
769 555
770 554
771 554
772 553
773 552
774 551
775 550
776 549
777 548
778 547
779 546
780 545
781 544
782 543
783 542
784 541
785 540
786 539
786 538
787 537
788 536
789 535
790 534
791 533
792 532
792 531
793 530
794 529
795 528
796 527
797 526
797 525
798 524
799 523
800 522
800 521
801 520
802 519
803 518
803 517
804 516
805 515
805 514
806 513
807 512
808 511
808 510
809 509
809 508
810 507
811 506
811 505
812 504
813 503
813 502
814 501
814 500
815 499
816 498
816 497
817 496
817 495
818 494
818 493
819 492
819 491
820 490
820 489
821 488
821 487
822 486
822 485
823 484
823 483
824 482
824 481
825 480
825 479
825 478
826 477
826 476
827 475
827 474
827 473
828 472
828 471
829 470
829 469
829 468
830 467
830 466
830 465
831 464
831 463
831 462
832 461
832 460
832 459
832 458
833 457
833 456
833 455
833 454
834 453
834 452
834 451
834 450
835 449
835 448
835 447
835 446
836 445
836 444
836 443
836 442
836 441
837 440
837 439
837 438
837 437
837 436
837 435
837 434
838 433
838 432
838 431
838 430
838 429
838 428
838 427
838 426
839 425
839 424
839 423
839 422
839 421
839 420
839 419
839 418
839 417
839 416
839 415
839 414
839 413
839 412
839 411
839 410
839 409
840 408
839 407
839 406
839 405
839 404
839 403
839 402
839 401
839 400
839 399
839 398
839 397
839 396
839 395
839 394
839 393
839 392
839 391
838 390
838 389
838 388
838 387
838 386
838 385
838 384
838 383
838 382
837 381
837 380
837 379
837 378
837 377
837 376
836 375
836 374
836 373
836 372
836 371
835 370
835 369
835 368
835 367
835 366
834 365
834 364
834 363
834 362
833 361
833 360
833 359
833 358
832 357
832 356
832 355
831 354
831 353
831 352
830 351
830 350
830 349
829 348
829 347
829 346
828 345
828 344
827 343
827 342
827 341
826 340
826 339
826 338
825 337
825 336
824 335
824 334
823 333
823 332
822 331
822 330
821 329
821 328
820 327
820 326
820 325
819 324
819 323
818 322
817 321
817 320
816 319
816 318
815 317
815 316
814 315
813 314
813 313
812 312
812 311
811 310
810 309
810 308
809 307
808 306
808 305
807 304
806 303
806 302
805 301
804 300
804 299
803 298
802 297
801 296
801 295
800 294
799 293
798 292
798 291
797 290
796 289
795 288
794 287
794 286
793 285
792 284
791 283
790 282
789 281
788 280
788 279
787 278
786 277
785 276
784 275
783 274
782 273
781 272
780 271
779 270
778 269
777 268
776 267
775 266
774 265
773 264
772 263
771 262
770 261
769 260
768 259
767 259
766 258
765 257
764 256
763 255
762 255
761 254
760 253
759 252
758 252
757 251
756 250
755 249
754 249
753 248
752 247
751 247
750 246
749 245
748 245
747 244
746 243
745 243
744 242
743 241
742 241
741 240
740 239
739 239
738 238
737 238
736 237
735 237
734 236
733 235
732 235
731 234
730 234
729 233
728 233
727 232
726 232
725 231
724 231
723 230
722 230
721 229
720 229
719 228
718 228
717 227
716 227
715 226
714 226
713 225
712 225
711 224
710 224
709 224
708 223
707 223
706 222
705 222
704 221
703 221
702 221
701 220
700 220
699 219
698 219
697 219
696 218
695 218
694 217
693 217
692 217
691 216
690 216
689 216
688 215
687 215
686 214
685 214
684 214
683 213
682 213
681 213
680 212
679 212
678 212
677 211
676 211
675 211
674 210
673 210
672 210
671 210
670 209
669 209
668 209
667 208
666 208
665 208
664 207
663 207
662 207
661 207
660 206
659 206
658 206
657 205
656 205
655 205
654 205
653 204
652 204
651 204
650 204
649 203
648 203
647 203
646 203
645 202
644 202
643 202
642 202
641 201
640 201
639 201
638 201
637 201
636 200
635 200
634 200
633 200
632 199
631 199
630 199
629 199
628 199
627 198
626 198
625 198
624 198
623 198
622 197
621 197
620 197
619 197
618 197
617 197
616 196
615 196
614 196
613 196
612 196
611 195
610 195
609 195
608 195
607 195
606 195
605 194
604 194
603 194
602 194
601 194
600 194
599 194
598 193
597 193
596 193
595 193
594 193
593 193
592 193
591 192
590 192
589 192
588 192
587 192
586 192
585 192
584 191
583 191
582 191
581 191
580 191
579 191
578 191
577 191
576 191
575 190
574 190
573 190
572 190
571 190
570 190
569 190
568 190
567 190
566 190
565 189
564 189
563 189
562 189
561 189
560 189
559 189
558 189
557 189
556 189
555 189
554 188
553 188
552 188
551 188
550 188
549 188
548 188
547 188
546 188
545 188
544 188
543 188
542 188
541 188
540 188
539 187
538 187
537 187
536 187
535 187
534 187
533 187
532 187
531 187
530 187
529 187
528 187
527 187
526 187
525 187
524 187
523 187
522 187
521 187
520 187
519 187
518 187
517 187
516 187
515 187
514 186
513 186
512 186
511 186
510 186
509 186
508 186
507 186
506 186
505 186
504 186
503 186
502 186
501 186
500 186
499 186
498 186
497 186
496 186
495 186
494 186
493 186
492 186
491 186
490 186
489 186
488 186
487 186
486 186
485 186
484 186
483 186
482 186
481 186
