531 328
530 329
529 329
528 329
527 329
526 329
525 329
524 330
523 330
522 330
521 330
520 330
519 331
518 331
517 331
516 331
515 332
514 332
513 332
512 333
511 333
510 333
509 334
508 334
507 334
506 335
505 335
504 336
503 336
502 336
501 337
500 337
499 338
498 338
497 339
496 339
495 339
494 340
493 340
492 341
491 341
490 342
489 342
488 343
487 343
486 344
485 345
484 345
483 346
482 346
481 347
480 347
479 348
478 348
477 349
476 349
475 349
474 349
473 349
472 348
471 347
470 346
469 345
468 345
467 344
466 343
465 342
464 342
463 342
462 342
461 343
460 344
459 345
458 346
457 347
456 348
456 349
456 350
456 351
456 352
456 353
456 354
456 355
456 356
456 357
456 358
456 359
456 360
456 361
456 362
456 363
456 364
456 365
456 366
456 367
456 368
456 369
456 370
456 371
456 372
456 373
456 374
456 375
456 376
456 377
456 378
456 379
456 380
456 381
456 382
456 383
456 384
456 385
456 386
456 387
456 388
456 389
456 390
456 391
456 392
456 393
456 394
456 395
456 396
456 397
456 398
456 399
456 400
456 401
456 402
456 403
456 404
456 405
456 406
456 407
456 408
456 409
456 410
456 411
456 412
456 413
456 414
456 415
456 416
456 417
456 418
456 419
456 420
456 421
456 422
456 423
456 424
456 425
456 426
456 427
456 428
456 429
456 430
456 431
456 432
456 433
456 434
456 435
456 436
456 437
456 438
456 439
456 440
456 441
456 442
457 443
458 444
459 445
460 446
461 447
462 448
463 448
464 448
465 448
466 447
467 446
468 445
469 444
470 444
471 443
472 442
473 441
474 441
475 441
476 441
477 441
478 441
479 442
480 443
481 443
482 444
483 444
484 445
485 445
486 446
487 446
488 447
489 447
490 448
491 448
492 449
493 449
494 450
495 450
496 451
497 451
498 452
499 452
500 453
501 453
502 454
503 454
504 454
505 455
506 455
507 455
508 456
509 456
510 457
511 457
512 457
513 458
514 458
515 458
516 458
517 459
518 459
519 459
520 459
521 460
522 460
523 460
524 460
525 461
526 461
527 461
528 461
529 461
530 461
531 461
532 461
533 462
534 462
535 462
536 462
537 462
538 462
539 462
540 462
541 462
542 462
543 462
544 462
545 462
546 462
547 462
548 462
549 461
550 461
551 461
552 461
553 461
554 461
555 460
556 460
557 460
558 459
559 459
560 459
561 459
562 458
563 458
564 457
565 457
566 456
567 456
568 456
569 455
570 454
571 454
572 453
573 453
574 452
575 451
576 451
577 450
578 449
579 448
580 447
581 447
582 446
583 445
584 444
585 443
586 442
586 441
587 440
588 439
589 438
590 437
590 436
591 435
592 434
592 433
593 432
594 431
594 430
595 429
596 428
596 427
597 426
597 425
598 424
598 423
599 422
599 421
599 420
600 419
600 418
601 417
601 416
601 415
602 414
602 413
602 412
603 411
603 410
603 409
603 408
604 407
604 406
604 405
604 404
605 403
605 402
605 401
605 400
605 399
605 398
605 397
605 396
605 395
605 394
605 393
605 392
605 391
605 390
605 389
605 388
605 387
604 386
604 385
604 384
604 383
604 382
603 381
603 380
603 379
602 378
602 377
602 376
601 375
601 374
601 373
600 372
600 371
599 370
599 369
599 368
598 367
598 366
597 365
597 364
596 363
596 362
595 361
594 360
594 359
593 358
592 357
592 356
591 355
590 354
590 353
589 352
588 351
587 350
587 349
586 348
585 347
584 346
583 345
582 344
581 343
580 342
579 342
578 341
577 340
576 339
575 339
574 338
573 337
572 337
571 336
570 335
569 335
568 334
567 334
566 333
565 333
564 332
563 332
562 332
561 331
560 331
559 331
558 330
557 330
556 330
555 330
554 329
553 329
552 329
551 329
550 329
549 328
548 328
547 328
546 328
545 328
544 328
543 328
542 328
541 328
540 328
539 328
538 328
537 328
536 328
535 328
534 328
533 328
532 328
531 328
