534 332
533 333
532 333
531 333
530 333
529 333
528 333
527 334
526 334
525 334
524 334
523 335
522 335
521 335
520 335
519 336
518 336
517 336
516 336
515 337
514 337
513 337
512 337
511 338
510 338
509 338
508 339
507 339
506 339
505 340
504 340
503 340
502 341
501 341
500 342
499 342
498 342
497 343
496 343
495 344
494 344
493 344
492 345
491 345
490 346
489 346
488 347
487 347
486 347
485 347
484 348
483 347
482 347
481 347
480 347
479 346
478 346
477 345
476 345
475 344
474 344
473 343
472 343
471 342
470 343
469 344
468 344
467 345
467 346
466 347
466 348
466 349
466 350
466 351
466 352
466 353
466 354
466 355
466 356
466 357
466 358
466 359
466 360
466 361
466 362
466 363
466 364
466 365
466 366
466 367
466 368
466 369
466 370
466 371
466 372
466 373
466 374
466 375
466 376
466 377
466 378
466 379
466 380
466 381
466 382
466 383
466 384
466 385
466 386
466 387
466 388
466 389
466 390
466 391
466 392
466 393
466 394
466 395
466 396
466 397
466 398
466 399
466 400
466 401
466 402
466 403
466 404
466 405
466 406
466 407
466 408
466 409
466 410
466 411
466 412
466 413
466 414
466 415
466 416
466 417
466 418
466 419
466 420
466 421
466 422
466 423
466 424
466 425
466 426
466 427
466 428
466 429
466 430
466 431
466 432
466 433
466 434
466 435
466 436
466 437
466 438
466 439
466 440
466 441
466 442
466 443
466 444
466 445
466 446
466 447
466 448
466 449
466 450
466 451
466 452
466 453
466 454
466 455
466 456
466 457
466 458
466 459
466 460
466 461
466 462
466 463
466 464
466 465
466 466
466 467
466 468
466 469
466 470
466 471
466 472
466 473
466 474
466 475
466 476
466 477
466 478
466 479
466 480
466 481
466 482
466 483
467 484
468 485
469 486
470 487
471 488
472 487
473 487
474 486
475 486
476 485
477 485
478 484
479 483
480 483
481 483
482 483
483 482
484 482
485 482
486 483
487 483
488 483
489 484
490 484
491 484
492 485
493 485
494 486
495 486
496 487
497 487
498 488
499 488
500 488
501 489
502 489
503 489
504 490
505 490
506 490
507 491
508 491
509 491
510 492
511 492
512 492
513 493
514 493
515 493
516 494
517 494
518 494
519 494
520 495
521 495
522 495
523 495
524 496
525 496
526 496
527 496
528 496
529 497
530 497
531 497
532 497
533 497
534 497
535 498
536 498
537 498
538 498
539 498
540 498
541 498
542 498
543 498
544 498
545 498
546 498
547 498
548 498
549 498
550 497
551 497
552 497
553 497
554 497
555 497
556 497
557 497
558 496
559 496
560 496
561 496
562 496
563 495
564 495
565 495
566 495
567 494
568 494
569 494
570 493
571 493
572 493
573 492
574 492
575 492
576 491
577 491
578 491
579 490
580 490
581 489
582 489
583 488
584 488
585 487
586 487
587 486
588 486
589 485
590 485
591 484
592 483
593 483
594 482
595 481
596 481
597 480
598 479
599 479
600 478
601 477
602 476
603 475
604 475
605 474
606 473
607 472
608 471
609 470
610 469
611 468
612 467
613 466
614 465
615 464
616 463
616 462
617 461
618 460
619 459
620 458
620 457
621 456
622 455
622 454
623 453
624 452
624 451
625 450
625 449
626 448
626 447
627 446
627 445
628 444
628 443
629 442
629 441
630 440
630 439
630 438
631 437
631 436
632 435
632 434
632 433
632 432
633 431
633 430
633 429
633 428
634 427
634 426
634 425
634 424
634 423
635 422
635 421
635 420
635 419
635 418
635 417
635 416
635 415
635 414
635 413
635 412
635 411
635 410
635 409
635 408
634 407
634 406
634 405
634 404
634 403
634 402
633 401
633 400
633 399
633 398
632 397
632 396
632 395
631 394
631 393
630 392
630 391
630 390
629 389
629 388
628 387
628 386
627 385
627 384
626 383
626 382
625 381
625 380
624 379
624 378
623 377
622 376
622 375
621 374
620 373
620 372
619 371
618 370
617 369
617 368
616 367
615 366
614 365
613 364
612 363
611 362
610 361
609 360
608 359
607 358
606 357
605 356
604 355
603 354
602 354
601 353
600 352
599 351
598 351
597 350
596 349
595 348
594 348
593 347
592 347
591 346
590 345
589 345
588 344
587 344
586 343
585 343
584 342
583 342
582 341
581 341
580 340
579 340
578 339
577 339
576 339
575 338
574 338
573 337
572 337
571 337
570 336
569 336
568 336
567 336
566 335
565 335
564 335
563 335
562 334
561 334
560 334
559 334
558 334
557 333
556 333
555 333
554 333
553 333
552 333
551 333
550 332
549 332
548 332
547 332
546 332
545 332
544 332
543 332
542 332
541 332
540 332
539 332
538 332
537 332
536 332
535 332
534 332
