565 265
564 266
563 266
562 266
561 266
560 266
559 266
558 266
557 266
556 266
555 266
554 267
553 267
552 267
551 267
550 267
549 268
548 268
547 268
546 268
545 269
544 269
543 269
542 269
541 270
540 270
539 270
538 271
537 271
536 272
535 272
534 272
533 273
532 273
531 274
530 274
529 274
528 275
527 275
526 276
525 276
524 277
523 277
522 278
521 278
520 279
519 280
518 280
517 281
516 281
515 282
514 282
513 283
512 283
511 284
510 285
509 285
508 286
507 287
506 287
505 288
504 289
503 289
502 290
501 291
500 291
499 292
498 293
497 293
496 294
495 295
494 296
493 296
492 297
491 298
490 298
489 299
488 300
487 301
486 301
485 302
484 303
483 304
482 304
481 305
480 306
479 307
478 307
477 308
476 309
475 310
474 310
473 311
472 312
471 313
470 313
469 314
468 315
467 316
466 316
465 317
464 318
463 319
462 319
461 320
460 321
459 321
458 322
457 323
456 323
455 324
454 325
453 326
452 326
451 326
450 327
449 327
448 327
447 327
446 326
445 326
444 326
443 325
442 325
441 324
440 324
439 323
438 323
437 322
436 322
435 321
434 321
433 320
432 320
431 319
430 318
429 318
428 317
427 317
426 316
425 316
424 315
423 315
422 315
421 314
420 315
419 315
418 316
417 316
416 317
415 318
414 319
413 320
412 321
412 322
412 323
412 324
412 325
412 326
412 327
412 328
412 329
412 330
412 331
412 332
412 333
412 334
412 335
412 336
412 337
412 338
412 339
412 340
412 341
412 342
412 343
412 344
412 345
412 346
412 347
412 348
412 349
412 350
412 351
412 352
412 353
412 354
412 355
412 356
412 357
412 358
412 359
412 360
412 361
412 362
412 363
412 364
412 365
412 366
412 367
412 368
412 369
412 370
412 371
412 372
412 373
412 374
412 375
412 376
412 377
412 378
412 379
412 380
412 381
412 382
412 383
412 384
412 385
412 386
412 387
412 388
412 389
412 390
412 391
412 392
412 393
412 394
412 395
412 396
412 397
412 398
412 399
412 400
412 401
412 402
412 403
412 404
412 405
412 406
412 407
412 408
412 409
412 410
412 411
412 412
412 413
412 414
412 415
412 416
412 417
412 418
412 419
412 420
412 421
412 422
412 423
412 424
412 425
412 426
412 427
412 428
412 429
412 430
412 431
412 432
412 433
412 434
412 435
412 436
412 437
412 438
412 439
412 440
412 441
412 442
412 443
412 444
412 445
412 446
413 447
414 448
415 449
416 450
417 451
418 451
419 452
420 452
421 452
422 452
423 452
424 452
425 451
426 451
427 450
428 450
429 449
430 449
431 448
432 447
433 447
434 446
435 446
436 445
437 445
438 444
439 444
440 443
441 443
442 442
443 442
444 441
445 441
446 441
447 440
448 440
449 440
450 440
451 441
452 441
453 441
454 442
455 443
456 444
457 444
458 445
459 446
460 446
461 447
462 448
463 448
464 449
465 450
466 451
467 451
468 452
469 453
470 454
471 454
472 455
473 456
474 457
475 457
476 458
477 459
478 460
479 460
480 461
481 462
482 463
483 463
484 464
485 465
486 466
487 466
488 467
489 468
490 469
491 469
492 470
493 471
494 471
495 472
496 473
497 474
498 474
499 475
500 476
501 476
502 477
503 478
504 478
505 479
506 480
507 480
508 481
509 482
510 482
511 483
512 483
513 484
514 485
515 485
516 486
517 486
518 487
519 487
520 488
521 489
522 489
523 490
524 490
525 491
526 491
527 492
528 492
529 492
530 493
531 493
532 494
533 494
534 495
535 495
536 495
537 496
538 496
539 496
540 497
541 497
542 498
543 498
544 498
545 498
546 499
547 499
548 499
549 499
550 500
551 500
552 500
553 500
554 500
555 501
556 501
557 501
558 501
559 501
560 501
561 501
562 501
563 501
564 501
565 501
566 502
567 502
568 502
569 502
570 501
571 501
572 501
573 501
574 501
575 501
576 501
577 501
578 501
579 501
580 500
581 500
582 500
583 500
584 500
585 499
586 499
587 499
588 499
589 499
590 498
591 498
592 498
593 497
594 497
595 497
596 496
597 496
598 495
599 495
600 495
601 494
602 494
603 493
604 493
605 492
606 492
607 491
608 491
609 490
610 490
611 489
612 488
613 488
614 487
615 486
616 486
617 485
618 484
619 484
620 483
621 482
622 481
623 481
624 480
625 479
626 478
627 477
628 476
629 475
630 475
631 474
632 473
633 472
634 471
635 470
636 469
637 468
637 467
638 466
639 465
640 464
641 463
642 462
643 461
643 460
644 459
645 458
646 457
646 456
647 455
648 454
649 453
649 452
650 451
651 450
651 449
652 448
653 447
653 446
654 445
654 444
655 443
655 442
656 441
657 440
657 439
658 438
658 437
659 436
659 435
660 434
660 433
661 432
661 431
662 430
662 429
662 428
663 427
663 426
664 425
664 424
664 423
665 422
665 421
666 420
666 419
666 418
667 417
667 416
667 415
667 414
668 413
668 412
668 411
669 410
669 409
669 408
669 407
670 406
670 405
670 404
670 403
670 402
671 401
671 400
671 399
671 398
671 397
671 396
671 395
671 394
672 393
672 392
672 391
672 390
672 389
672 388
672 387
672 386
672 385
672 384
672 383
672 382
672 381
672 380
672 379
672 378
672 377
672 376
672 375
672 374
671 373
671 372
671 371
671 370
671 369
671 368
671 367
671 366
670 365
670 364
670 363
670 362
670 361
669 360
669 359
669 358
669 357
668 356
668 355
668 354
667 353
667 352
667 351
667 350
666 349
666 348
666 347
665 346
665 345
664 344
664 343
664 342
663 341
663 340
662 339
662 338
661 337
661 336
661 335
660 334
660 333
659 332
659 331
658 330
658 329
657 328
657 327
656 326
655 325
655 324
654 323
654 322
653 321
652 320
652 319
651 318
651 317
650 316
649 315
649 314
648 313
647 312
646 311
646 310
645 309
644 308
643 307
643 306
642 305
641 304
640 303
639 302
638 301
637 300
636 299
636 298
635 297
634 296
633 295
632 294
631 293
630 292
629 292
628 291
627 290
626 289
625 288
624 287
623 286
622 286
621 285
620 284
619 283
618 283
617 282
616 281
615 281
614 280
613 279
612 279
611 278
610 277
609 277
608 276
607 276
606 275
605 275
604 274
603 274
602 273
601 273
600 272
599 272
598 271
597 271
596 271
595 270
594 270
593 270
592 269
591 269
590 269
589 268
588 268
587 268
586 268
585 268
584 267
583 267
582 267
581 267
580 267
579 266
578 266
577 266
576 266
575 266
574 266
573 266
572 266
571 266
570 266
569 265
568 265
567 265
566 265
565 265
