567 312
566 313
565 313
564 313
563 313
562 313
561 314
560 314
559 314
558 314
557 315
556 315
555 315
554 316
553 316
552 316
551 317
550 317
549 317
548 317
547 318
546 318
545 318
544 319
543 319
542 320
541 320
540 320
539 321
538 321
537 321
536 322
535 322
534 323
533 323
532 323
531 324
530 324
529 325
528 325
527 326
526 326
525 326
524 327
523 327
522 328
521 328
520 329
519 329
518 330
517 330
516 331
515 331
514 332
513 332
512 333
511 333
510 334
509 334
508 335
507 335
506 336
505 336
504 337
503 338
502 338
501 339
500 339
499 340
498 340
497 341
496 341
495 342
494 343
493 343
492 344
491 344
490 345
489 346
488 346
487 347
486 347
485 348
484 349
483 349
482 350
481 351
480 351
479 352
478 353
477 353
476 354
475 354
474 354
473 354
472 354
471 353
470 353
469 352
468 352
467 351
466 351
465 350
464 350
463 349
462 349
461 348
460 348
459 347
458 347
457 346
456 346
455 345
454 345
453 345
452 346
451 346
450 347
449 348
448 349
448 350
448 351
448 352
448 353
448 354
448 355
448 356
448 357
448 358
448 359
448 360
448 361
448 362
448 363
448 364
448 365
448 366
448 367
448 368
448 369
448 370
448 371
448 372
448 373
448 374
448 375
448 376
448 377
448 378
448 379
448 380
448 381
448 382
448 383
448 384
448 385
448 386
448 387
448 388
448 389
448 390
448 391
448 392
448 393
448 394
448 395
448 396
448 397
448 398
448 399
448 400
448 401
448 402
448 403
448 404
448 405
448 406
448 407
448 408
448 409
448 410
448 411
448 412
448 413
448 414
448 415
448 416
448 417
448 418
448 419
448 420
448 421
448 422
448 423
448 424
448 425
448 426
448 427
448 428
448 429
448 430
448 431
448 432
448 433
448 434
448 435
448 436
448 437
448 438
448 439
448 440
448 441
448 442
448 443
448 444
448 445
448 446
448 447
448 448
448 449
448 450
448 451
448 452
448 453
448 454
448 455
448 456
448 457
448 458
448 459
448 460
448 461
448 462
448 463
448 464
448 465
448 466
448 467
448 468
448 469
448 470
448 471
448 472
448 473
448 474
448 475
448 476
448 477
449 478
450 478
451 479
452 480
453 480
454 480
455 480
456 480
457 479
458 479
459 478
460 478
461 477
462 477
463 476
464 476
465 475
466 475
467 474
468 474
469 473
470 473
471 472
472 472
473 471
474 471
475 471
476 472
477 472
478 473
479 474
480 474
481 475
482 476
483 476
484 477
485 478
486 478
487 479
488 479
489 480
490 481
491 481
492 482
493 482
494 483
495 484
496 484
497 485
498 485
499 486
500 486
501 487
502 488
503 488
504 489
505 489
506 490
507 490
508 491
509 491
510 492
511 492
512 493
513 493
514 494
515 494
516 495
517 495
518 496
519 496
520 497
521 497
522 498
523 498
524 499
525 499
526 500
527 500
528 500
529 501
530 501
531 502
532 502
533 503
534 503
535 503
536 504
537 504
538 505
539 505
540 505
541 506
542 506
543 506
544 507
545 507
546 507
547 508
548 508
549 508
550 509
551 509
552 509
553 510
554 510
555 510
556 511
557 511
558 511
559 511
560 512
561 512
562 512
563 512
564 513
565 513
566 513
567 513
568 513
569 513
570 514
571 514
572 514
573 514
574 514
575 514
576 514
577 514
578 514
579 514
580 514
581 514
582 514
583 513
584 513
585 513
586 513
587 513
588 513
589 512
590 512
591 512
592 512
593 511
594 511
595 511
596 511
597 510
598 510
599 510
600 509
601 509
602 509
603 508
604 508
605 507
606 507
607 507
608 506
609 506
610 505
611 505
612 504
613 504
614 503
615 503
616 502
617 502
618 501
619 500
620 500
621 499
622 498
623 498
624 497
625 496
626 496
627 495
628 494
629 493
630 492
631 492
632 491
633 490
634 489
635 488
636 487
637 486
638 485
639 484
640 483
641 482
642 481
643 480
644 479
645 478
645 477
646 476
647 475
648 474
649 473
649 472
650 471
651 470
652 469
652 468
653 467
654 466
654 465
655 464
655 463
656 462
657 461
657 460
658 459
658 458
659 457
660 456
660 455
661 454
661 453
662 452
662 451
663 450
663 449
663 448
664 447
664 446
665 445
665 444
666 443
666 442
666 441
667 440
667 439
668 438
668 437
668 436
669 435
669 434
669 433
669 432
670 431
670 430
670 429
670 428
671 427
671 426
671 425
671 424
672 423
672 422
672 421
672 420
672 419
672 418
672 417
673 416
673 415
673 414
673 413
673 412
673 411
673 410
672 409
672 408
672 407
672 406
672 405
672 404
672 403
671 402
671 401
671 400
671 399
671 398
670 397
670 396
670 395
670 394
669 393
669 392
669 391
668 390
668 389
668 388
667 387
667 386
667 385
666 384
666 383
665 382
665 381
665 380
664 379
664 378
663 377
663 376
662 375
662 374
661 373
661 372
660 371
660 370
659 369
659 368
658 367
658 366
657 365
656 364
656 363
655 362
654 361
654 360
653 359
652 358
652 357
651 356
650 355
650 354
649 353
648 352
647 351
646 350
646 349
645 348
644 347
643 346
642 345
641 344
640 343
640 342
639 341
638 340
637 339
636 338
635 338
634 337
633 336
632 335
631 334
630 333
629 332
628 332
627 331
626 330
625 329
624 329
623 328
622 327
621 327
620 326
619 325
618 325
617 324
616 323
615 323
614 322
613 322
612 321
611 321
610 320
609 320
608 319
607 319
606 319
605 318
604 318
603 317
602 317
601 317
600 316
599 316
598 316
597 315
596 315
595 315
594 314
593 314
592 314
591 314
590 313
589 313
588 313
587 313
586 313
585 312
584 312
583 312
582 312
581 312
580 312
579 312
578 312
577 312
576 312
575 312
574 312
573 312
572 312
571 312
570 312
569 312
568 312
567 312
