627 227
626 228
625 228
624 228
623 228
622 228
621 228
620 228
619 228
618 228
617 228
616 228
615 228
614 229
613 229
612 229
611 229
610 229
609 229
608 229
607 229
606 230
605 230
604 230
603 230
602 230
601 231
600 231
599 231
598 231
597 231
596 232
595 232
594 232
593 232
592 232
591 233
590 233
589 233
588 233
587 234
586 234
585 234
584 234
583 235
582 235
581 235
580 236
579 236
578 236
577 237
576 237
575 237
574 238
573 238
572 238
571 239
570 239
569 239
568 240
567 240
566 241
565 241
564 241
563 242
562 242
561 243
560 243
559 243
558 244
557 244
556 245
555 245
554 246
553 246
552 247
551 247
550 247
549 248
548 248
547 249
546 250
545 250
544 251
543 251
542 252
541 252
540 253
539 253
538 254
537 254
536 255
535 255
534 256
533 257
532 257
531 258
530 258
529 259
528 260
527 260
526 261
525 261
524 262
523 263
522 263
521 264
520 265
519 265
518 266
517 267
516 267
515 268
514 269
513 269
512 270
511 271
510 272
509 272
508 273
507 274
506 274
505 275
504 276
503 277
502 277
501 278
500 279
499 280
498 280
497 281
496 282
495 283
494 283
493 284
492 285
491 286
490 286
489 287
488 288
487 289
486 289
485 290
484 291
483 291
482 292
481 293
480 294
479 294
478 295
477 296
476 296
475 297
474 298
473 298
472 299
471 300
470 300
469 301
468 302
467 302
466 303
465 304
464 304
463 305
462 306
461 306
460 307
459 308
458 308
457 309
456 310
455 310
454 311
453 312
452 312
451 313
450 313
449 314
448 315
447 315
446 316
445 316
444 317
443 318
442 318
441 319
440 319
439 320
438 320
437 321
436 322
435 322
434 323
433 323
432 324
431 324
430 325
429 325
428 326
427 327
426 327
425 328
424 328
423 329
422 329
421 329
420 329
419 329
418 330
417 330
416 330
415 330
414 331
413 332
412 333
411 333
410 332
409 332
408 331
407 330
407 329
407 328
406 327
406 326
406 325
406 324
406 323
406 322
405 321
404 320
403 319
402 319
401 319
400 319
399 319
398 320
397 321
396 322
395 323
394 324
393 324
392 325
391 325
390 325
389 325
388 325
387 325
386 326
385 326
384 327
384 328
384 329
384 330
384 331
384 332
384 333
384 334
384 335
384 336
384 337
384 338
384 339
384 340
384 341
384 342
384 343
384 344
384 345
384 346
384 347
384 348
384 349
384 350
384 351
384 352
384 353
384 354
384 355
384 356
384 357
384 358
384 359
384 360
384 361
384 362
384 363
384 364
384 365
384 366
384 367
384 368
384 369
384 370
384 371
384 372
384 373
384 374
384 375
384 376
384 377
384 378
384 379
384 380
384 381
384 382
384 383
384 384
384 385
384 386
384 387
384 388
384 389
384 390
384 391
384 392
384 393
384 394
384 395
384 396
384 397
384 398
384 399
384 400
383 401
383 402
383 403
383 404
384 405
384 406
384 407
384 408
384 409
384 410
384 411
384 412
384 413
384 414
384 415
384 416
384 417
384 418
384 419
384 420
384 421
384 422
384 423
384 424
384 425
384 426
384 427
384 428
384 429
384 430
384 431
384 432
384 433
384 434
384 435
384 436
384 437
384 438
384 439
384 440
384 441
384 442
384 443
384 444
384 445
384 446
384 447
384 448
384 449
384 450
384 451
384 452
384 453
384 454
384 455
384 456
384 457
384 458
384 459
384 460
384 461
384 462
384 463
384 464
384 465
384 466
384 467
384 468
384 469
384 470
384 471
384 472
384 473
384 474
384 475
384 476
384 477
384 478
385 479
386 480
387 480
388 480
389 480
390 480
391 480
392 481
393 481
394 482
395 482
396 483
397 484
398 485
399 486
400 487
401 487
402 487
403 486
404 486
404 485
405 484
406 483
406 482
406 481
406 480
406 479
406 478
407 477
407 476
407 475
408 474
409 474
410 473
411 473
412 473
413 473
414 474
415 475
416 475
417 476
418 476
419 476
420 476
421 476
422 476
423 477
424 477
425 478
426 478
427 479
428 479
429 480
430 480
431 481
432 482
433 482
434 483
435 483
436 484
437 484
438 485
439 486
440 486
441 487
442 487
443 488
444 488
445 489
446 490
447 490
448 491
449 491
450 492
451 493
452 493
453 494
454 494
455 495
456 496
457 496
458 497
459 498
460 498
461 499
462 500
463 500
464 501
465 502
466 502
467 503
468 504
469 504
470 505
471 506
472 506
473 507
474 508
475 508
476 509
477 510
478 510
479 511
480 512
481 513
482 513
483 514
484 515
485 515
486 516
487 517
488 518
489 518
490 519
491 520
492 520
493 521
494 522
495 523
496 523
497 524
498 525
499 526
500 526
501 527
502 528
503 529
504 529
505 530
506 531
507 532
508 532
509 533
510 534
511 534
512 535
513 536
514 537
515 537
516 538
517 539
518 539
519 540
520 541
521 541
522 542
523 543
524 543
525 544
526 545
527 545
528 546
529 546
530 547
531 548
532 548
533 549
534 549
535 550
536 550
537 551
538 552
539 552
540 553
541 553
542 554
543 554
544 555
545 555
546 556
547 556
548 557
549 557
550 558
551 558
552 559
553 559
554 560
555 560
556 561
557 561
558 562
559 562
560 562
561 563
562 563
563 564
564 564
565 564
566 565
567 565
568 566
569 566
570 566
571 567
572 567
573 567
574 568
575 568
576 568
577 569
578 569
579 569
580 570
581 570
582 570
583 571
584 571
585 571
586 571
587 572
588 572
589 572
590 572
591 573
592 573
593 573
594 573
595 574
596 574
597 574
598 574
599 574
600 575
601 575
602 575
603 575
604 575
605 576
606 576
607 576
608 576
609 576
610 576
611 576
612 577
613 577
614 577
615 577
616 577
617 577
618 577
619 577
620 577
621 577
622 578
623 578
624 578
625 578
626 578
627 578
628 578
629 578
630 578
631 578
632 578
633 578
634 578
635 578
636 578
637 578
638 578
639 578
640 578
641 578
642 578
643 578
644 578
645 578
646 578
647 578
648 578
649 578
650 578
651 577
652 577
653 577
654 577
655 577
656 577
657 577
658 577
659 577
660 577
661 576
662 576
663 576
664 576
665 576
666 576
667 575
668 575
669 575
670 575
671 575
672 575
673 574
674 574
675 574
676 574
677 574
678 573
679 573
680 573
681 573
682 572
683 572
684 572
685 571
686 571
687 571
688 571
689 570
690 570
691 570
692 569
693 569
694 569
695 568
696 568
697 568
698 567
699 567
700 566
701 566
702 566
703 565
704 565
705 564
706 564
707 563
708 563
709 562
710 562
711 562
712 561
713 561
714 560
715 559
716 559
717 558
718 558
719 557
720 557
721 556
722 555
723 555
724 554
725 554
726 553
727 552
728 552
729 551
730 550
731 549
732 549
733 548
734 547
735 547
736 546
737 545
738 544
739 543
740 542
741 542
742 541
743 540
744 539
745 538
746 537
747 536
748 535
749 534
750 533
751 532
752 531
753 530
754 529
754 528
755 527
756 526
757 525
758 524
759 523
759 522
760 521
761 520
762 519
762 518
763 517
764 516
765 515
765 514
766 513
767 512
767 511
768 510
769 509
769 508
770 507
770 506
771 505
772 504
772 503
773 502
773 501
774 500
774 499
775 498
775 497
776 496
777 495
777 494
777 493
778 492
778 491
779 490
779 489
780 488
780 487
781 486
781 485
782 484
782 483
782 482
783 481
783 480
784 479
784 478
784 477
785 476
785 475
786 474
786 473
786 472
787 471
787 470
787 469
788 468
788 467
788 466
789 465
789 464
789 463
789 462
790 461
790 460
790 459
791 458
791 457
791 456
791 455
792 454
792 453
792 452
792 451
792 450
793 449
793 448
793 447
793 446
794 445
794 444
794 443
794 442
794 441
794 440
795 439
795 438
795 437
795 436
795 435
795 434
796 433
796 432
796 431
796 430
796 429
796 428
796 427
796 426
797 425
797 424
797 423
797 422
797 421
797 420
797 419
797 418
797 417
797 416
797 415
797 414
798 413
798 412
798 411
798 410
798 409
798 408
798 407
798 406
798 405
798 404
798 403
798 402
798 401
798 400
798 399
798 398
798 397
798 396
798 395
798 394
798 393
798 392
797 391
797 390
797 389
797 388
797 387
797 386
797 385
797 384
797 383
797 382
797 381
797 380
796 379
796 378
796 377
796 376
796 375
796 374
796 373
796 372
795 371
795 370
795 369
795 368
795 367
795 366
794 365
794 364
794 363
794 362
794 361
793 360
793 359
793 358
793 357
793 356
792 355
792 354
792 353
792 352
791 351
791 350
791 349
791 348
790 347
790 346
790 345
790 344
789 343
789 342
789 341
788 340
788 339
788 338
787 337
787 336
787 335
786 334
786 333
786 332
785 331
785 330
785 329
784 328
784 327
783 326
783 325
783 324
782 323
782 322
781 321
781 320
781 319
780 318
780 317
779 316
779 315
778 314
778 313
777 312
777 311
776 310
776 309
775 308
775 307
774 306
774 305
773 304
772 303
772 302
771 301
771 300
770 299
770 298
769 297
768 296
768 295
767 294
766 293
766 292
765 291
764 290
764 289
763 288
762 287
761 286
761 285
760 284
759 283
758 282
758 281
757 280
756 279
755 278
754 277
753 276
752 275
751 274
750 273
750 272
749 271
748 270
747 269
746 268
745 268
744 267
743 266
742 265
741 264
740 263
739 262
738 261
737 261
736 260
735 259
734 258
733 257
732 257
731 256
730 255
729 254
728 254
727 253
726 252
725 252
724 251
723 251
722 250
721 249
720 249
719 248
718 248
717 247
716 246
715 246
714 245
713 245
712 244
711 244
710 243
709 243
708 242
707 242
706 241
705 241
704 241
703 240
702 240
701 239
700 239
699 239
698 238
697 238
696 237
695 237
694 237
693 236
692 236
691 236
690 235
689 235
688 235
687 234
686 234
685 234
684 234
683 233
682 233
681 233
680 233
679 232
678 232
677 232
676 232
675 231
674 231
673 231
672 231
671 231
670 230
669 230
668 230
667 230
666 230
665 230
664 229
663 229
662 229
661 229
660 229
659 229
658 229
657 228
656 228
655 228
654 228
653 228
652 228
651 228
650 228
649 228
648 228
647 228
646 228
645 228
644 228
643 227
642 227
641 227
640 227
639 227
638 227
637 227
636 227
635 227
634 227
633 227
632 227
631 227
630 227
629 227
628 227
627 227
