529 269
528 270
527 270
526 270
525 270
524 270
523 270
522 270
521 270
520 270
519 270
518 270
517 271
516 271
515 271
514 271
513 271
512 271
511 271
510 271
509 272
508 272
507 272
506 272
505 272
504 272
503 273
502 273
501 273
500 273
499 273
498 274
497 274
496 274
495 274
494 274
493 275
492 275
491 275
490 275
489 275
488 276
487 276
486 276
485 276
484 277
483 277
482 277
481 277
480 278
479 278
478 278
477 278
476 279
475 279
474 279
473 279
472 280
471 280
470 280
469 280
468 281
467 281
466 281
465 282
464 282
463 282
462 282
461 283
460 283
459 283
458 284
457 284
456 284
455 284
454 285
453 285
452 285
451 286
450 286
449 286
448 286
447 287
446 287
445 287
444 288
443 288
442 288
441 289
440 289
439 289
438 289
437 290
436 290
435 290
434 291
433 291
432 291
431 291
430 290
429 289
428 288
427 287
426 286
425 286
424 286
423 285
422 286
421 286
420 287
419 288
418 289
417 290
417 291
417 292
417 293
417 294
417 295
417 296
417 297
417 298
417 299
417 300
417 301
417 302
417 303
417 304
417 305
417 306
417 307
417 308
417 309
417 310
417 311
417 312
417 313
417 314
417 315
417 316
417 317
417 318
417 319
417 320
417 321
417 322
417 323
417 324
417 325
417 326
417 327
417 328
417 329
417 330
417 331
417 332
417 333
417 334
417 335
417 336
417 337
417 338
417 339
417 340
417 341
417 342
417 343
417 344
417 345
417 346
417 347
417 348
417 349
417 350
417 351
417 352
417 353
417 354
417 355
417 356
417 357
417 358
417 359
417 360
417 361
417 362
417 363
417 364
417 365
417 366
417 367
417 368
417 369
417 370
417 371
417 372
417 373
417 374
417 375
417 376
417 377
417 378
417 379
417 380
417 381
417 382
417 383
417 384
417 385
417 386
417 387
417 388
417 389
417 390
417 391
417 392
417 393
417 394
417 395
417 396
417 397
417 398
417 399
417 400
417 401
417 402
417 403
417 404
417 405
417 406
417 407
417 408
417 409
417 410
417 411
417 412
417 413
417 414
417 415
417 416
417 417
417 418
417 419
417 420
417 421
417 422
417 423
417 424
417 425
417 426
417 427
417 428
417 429
417 430
417 431
417 432
417 433
417 434
417 435
417 436
417 437
417 438
417 439
417 440
417 441
417 442
417 443
417 444
417 445
417 446
417 447
417 448
417 449
417 450
417 451
417 452
417 453
417 454
417 455
417 456
417 457
417 458
417 459
417 460
417 461
417 462
417 463
417 464
417 465
417 466
417 467
417 468
417 469
417 470
417 471
417 472
417 473
417 474
417 475
417 476
417 477
417 478
417 479
417 480
417 481
417 482
417 483
417 484
417 485
417 486
417 487
417 488
417 489
417 490
417 491
417 492
417 493
417 494
417 495
417 496
417 497
417 498
417 499
417 500
417 501
417 502
417 503
417 504
417 505
417 506
417 507
417 508
417 509
417 510
417 511
417 512
417 513
417 514
417 515
417 516
417 517
417 518
417 519
417 520
417 521
417 522
417 523
417 524
417 525
417 526
417 527
418 528
418 529
419 530
420 531
421 531
422 532
423 532
424 532
425 532
426 531
427 530
428 530
429 529
429 528
430 527
431 526
432 526
433 527
434 527
435 527
436 528
437 528
438 528
439 528
440 529
441 529
442 529
443 530
444 530
445 530
446 530
447 531
448 531
449 531
450 532
451 532
452 532
453 532
454 533
455 533
456 533
457 534
458 534
459 534
460 535
461 535
462 535
463 535
464 536
465 536
466 536
467 537
468 537
469 537
470 537
471 538
472 538
473 538
474 538
475 539
476 539
477 539
478 539
479 540
480 540
481 540
482 540
483 541
484 541
485 541
486 541
487 542
488 542
489 542
490 542
491 543
492 543
493 543
494 543
495 543
496 544
497 544
498 544
499 544
500 544
501 545
502 545
503 545
504 545
505 545
506 545
507 546
508 546
509 546
510 546
511 546
512 546
513 547
514 547
515 547
516 547
517 547
518 547
519 547
520 547
521 547
522 548
523 548
524 548
525 548
526 548
527 548
528 548
529 548
530 548
531 548
532 548
533 548
534 548
535 548
536 548
537 548
538 548
539 548
540 548
541 548
542 548
543 548
544 548
545 548
546 548
547 548
548 548
549 547
550 547
551 547
552 547
553 547
554 547
555 547
556 547
557 546
558 546
559 546
560 546
561 546
562 545
563 545
564 545
565 545
566 545
567 544
568 544
569 544
570 544
571 543
572 543
573 543
574 542
575 542
576 542
577 541
578 541
579 541
580 540
581 540
582 539
583 539
584 539
585 538
586 538
587 537
588 537
589 536
590 536
591 535
592 535
593 534
594 534
595 533
596 533
597 532
598 532
599 531
600 530
601 530
602 529
603 529
604 528
605 527
606 527
607 526
608 525
609 524
610 524
611 523
612 522
613 521
614 521
615 520
616 519
617 518
618 517
619 516
620 515
621 514
622 513
623 513
624 512
625 511
625 510
626 509
627 508
628 507
629 506
630 505
631 504
632 503
633 502
634 501
634 500
635 499
636 498
637 497
637 496
638 495
639 494
640 493
640 492
641 491
642 490
642 489
643 488
644 487
644 486
645 485
645 484
646 483
646 482
647 481
648 480
648 479
649 478
649 477
650 476
650 475
651 474
651 473
652 472
652 471
653 470
653 469
654 468
654 467
654 466
655 465
655 464
656 463
656 462
656 461
657 460
657 459
658 458
658 457
658 456
659 455
659 454
659 453
660 452
660 451
660 450
661 449
661 448
661 447
662 446
662 445
662 444
662 443
663 442
663 441
663 440
664 439
664 438
664 437
664 436
664 435
665 434
665 433
665 432
665 431
665 430
666 429
666 428
666 427
666 426
666 425
666 424
667 423
667 422
667 421
667 420
667 419
667 418
667 417
667 416
667 415
667 414
667 413
667 412
667 411
668 410
668 409
668 408
668 407
667 406
667 405
667 404
667 403
667 402
667 401
667 400
667 399
667 398
667 397
667 396
667 395
666 394
666 393
666 392
666 391
666 390
666 389
666 388
665 387
665 386
665 385
665 384
665 383
664 382
664 381
664 380
664 379
663 378
663 377
663 376
663 375
662 374
662 373
662 372
661 371
661 370
661 369
661 368
660 367
660 366
660 365
659 364
659 363
659 362
658 361
658 360
657 359
657 358
657 357
656 356
656 355
655 354
655 353
655 352
654 351
654 350
653 349
653 348
652 347
652 346
651 345
651 344
650 343
650 342
649 341
649 340
648 339
648 338
647 337
647 336
646 335
646 334
645 333
644 332
644 331
643 330
643 329
642 328
641 327
641 326
640 325
639 324
638 323
638 322
637 321
636 320
635 319
635 318
634 317
633 316
632 315
631 314
631 313
630 312
629 311
628 310
627 309
626 308
625 307
624 306
623 305
622 304
621 303
620 302
619 301
618 300
617 299
616 299
615 298
614 297
613 296
612 295
611 295
610 294
609 293
608 292
607 292
606 291
605 290
604 290
603 289
602 288
601 288
600 287
599 286
598 286
597 285
596 285
595 284
594 284
593 283
592 283
591 282
590 282
589 281
588 281
587 280
586 280
585 279
584 279
583 278
582 278
581 278
580 277
579 277
578 277
577 276
576 276
575 275
574 275
573 275
572 275
571 274
570 274
569 274
568 273
567 273
566 273
565 273
564 272
563 272
562 272
561 272
560 272
559 271
558 271
557 271
556 271
555 271
554 271
553 270
552 270
551 270
550 270
549 270
548 270
547 270
546 270
545 270
544 270
543 270
542 269
541 269
540 269
539 269
538 269
537 269
536 269
535 269
534 269
533 269
532 269
531 269
530 269
529 269
