557 307
556 308
555 308
554 308
553 308
552 308
551 308
550 308
549 308
548 308
547 309
546 309
545 309
544 309
543 309
542 310
541 310
540 310
539 311
538 311
537 311
536 312
535 312
534 313
533 313
532 314
531 314
530 315
529 315
528 316
527 317
526 317
525 318
524 319
523 319
522 320
521 320
520 321
519 322
518 322
517 323
516 323
515 324
514 325
513 325
512 326
511 327
510 327
509 328
508 329
507 329
506 330
505 331
504 332
503 332
502 333
501 334
500 334
499 335
498 336
497 337
496 337
495 338
494 339
493 340
492 341
491 341
490 342
489 343
488 344
487 345
486 346
485 346
484 347
483 348
482 349
481 349
480 350
479 350
478 351
477 351
476 352
475 352
474 352
473 352
472 353
471 353
470 353
469 353
468 353
467 353
466 353
465 353
464 352
463 352
462 352
461 352
460 351
459 351
458 351
457 350
456 350
455 349
454 349
453 348
452 348
451 347
450 346
449 346
448 345
447 344
446 344
445 343
444 343
443 343
442 343
441 344
441 345
441 346
441 347
441 348
441 349
441 350
441 351
441 352
441 353
441 354
441 355
441 356
441 357
441 358
441 359
441 360
441 361
441 362
441 363
441 364
441 365
441 366
441 367
441 368
441 369
441 370
441 371
441 372
441 373
441 374
441 375
441 376
441 377
441 378
441 379
441 380
441 381
441 382
441 383
441 384
441 385
441 386
441 387
441 388
441 389
441 390
441 391
441 392
441 393
441 394
441 395
441 396
441 397
441 398
441 399
441 400
441 401
441 402
441 403
441 404
441 405
441 406
441 407
441 408
441 409
441 410
441 411
441 412
441 413
441 414
441 415
441 416
441 417
441 418
441 419
441 420
441 421
441 422
441 423
441 424
441 425
441 426
441 427
441 428
441 429
441 430
441 431
441 432
441 433
441 434
441 435
441 436
441 437
441 438
441 439
441 440
441 441
441 442
441 443
441 444
441 445
441 446
441 447
441 448
441 449
441 450
441 451
441 452
442 453
443 453
444 453
445 453
446 452
447 452
448 451
449 450
450 449
451 449
452 448
453 447
454 447
455 446
456 446
457 446
458 445
459 445
460 444
461 444
462 444
463 444
464 443
465 443
466 443
467 443
468 443
469 443
470 443
471 443
472 443
473 443
474 444
475 444
476 444
477 445
478 445
479 445
480 446
481 446
482 447
483 448
484 449
485 449
486 450
487 451
488 452
489 453
490 454
491 454
492 455
493 456
494 457
495 458
496 458
497 459
498 460
499 461
500 461
501 462
502 463
503 464
504 464
505 465
506 466
507 466
508 467
509 468
510 468
511 469
512 470
513 470
514 471
515 472
516 472
517 473
518 474
519 474
520 475
521 476
522 476
523 477
524 477
525 478
526 479
527 479
528 480
529 480
530 481
531 482
532 482
533 483
534 483
535 484
536 484
537 484
538 485
539 485
540 486
541 486
542 486
543 486
544 487
545 487
546 487
547 487
548 488
549 488
550 488
551 488
552 488
553 488
554 488
555 488
556 488
557 488
558 488
559 488
560 488
561 488
562 488
563 488
564 488
565 488
566 488
567 488
568 488
569 488
570 488
571 488
572 488
573 487
574 487
575 487
576 487
577 487
578 487
579 486
580 486
581 486
582 486
583 486
584 485
585 485
586 485
587 485
588 484
589 484
590 484
591 484
592 483
593 483
594 483
595 482
596 482
597 482
598 481
599 481
600 481
601 480
602 480
603 480
604 479
605 479
606 478
607 478
608 477
609 477
610 477
611 476
612 476
613 475
614 475
615 474
616 474
617 473
618 473
619 472
620 471
621 471
622 470
623 470
624 469
625 469
626 468
627 467
628 467
629 466
630 465
631 465
632 464
633 463
634 462
635 462
636 461
637 460
638 459
639 458
640 458
641 457
642 456
643 455
644 454
645 453
646 452
647 451
648 450
649 449
650 448
651 447
651 446
652 445
653 444
654 443
655 442
655 441
656 440
657 439
657 438
658 437
659 436
659 435
660 434
660 433
661 432
662 431
662 430
663 429
663 428
664 427
664 426
664 425
665 424
665 423
666 422
666 421
666 420
667 419
667 418
667 417
668 416
668 415
668 414
668 413
669 412
669 411
669 410
669 409
669 408
669 407
669 406
670 405
670 404
670 403
670 402
670 401
670 400
670 399
670 398
670 397
670 396
670 395
670 394
670 393
670 392
670 391
670 390
669 389
669 388
669 387
669 386
669 385
669 384
668 383
668 382
668 381
668 380
667 379
667 378
667 377
666 376
666 375
666 374
665 373
665 372
664 371
664 370
664 369
663 368
663 367
662 366
662 365
661 364
661 363
660 362
659 361
659 360
658 359
658 358
657 357
656 356
655 355
655 354
654 353
653 352
652 351
652 350
651 349
650 348
649 347
648 346
647 345
646 344
645 343
644 342
643 341
642 340
641 339
640 338
639 337
638 337
637 336
636 335
635 334
634 333
633 333
632 332
631 331
630 331
629 330
628 329
627 329
626 328
625 327
624 327
623 326
622 325
621 325
620 324
619 324
618 323
617 323
616 322
615 322
614 321
613 321
612 320
611 320
610 319
609 319
608 318
607 318
606 318
605 317
604 317
603 316
602 316
601 316
600 315
599 315
598 315
597 314
596 314
595 313
594 313
593 313
592 313
591 312
590 312
589 312
588 311
587 311
586 311
585 311
584 311
583 310
582 310
581 310
580 310
579 309
578 309
577 309
576 309
575 309
574 309
573 308
572 308
571 308
570 308
569 308
568 308
567 308
566 308
565 308
564 308
563 308
562 307
561 307
560 307
559 307
558 307
557 307
