473 290
472 291
471 291
470 291
469 291
468 291
467 291
466 291
465 291
464 292
463 292
463 293
463 294
463 295
463 296
463 297
463 298
463 299
463 300
463 301
463 302
463 303
463 304
463 305
463 306
463 307
463 308
463 309
463 310
463 311
463 312
463 313
463 314
463 315
463 316
463 317
463 318
463 319
463 320
463 321
463 322
463 323
463 324
463 325
463 326
463 327
463 328
463 329
463 330
463 331
463 332
463 333
463 334
463 335
463 336
463 337
463 338
463 339
463 340
463 341
463 342
463 343
463 344
463 345
463 346
463 347
463 348
463 349
463 350
463 351
463 352
463 353
463 354
463 355
463 356
463 357
463 358
463 359
463 360
463 361
463 362
463 363
463 364
463 365
463 366
463 367
463 368
463 369
463 370
463 371
463 372
463 373
463 374
463 375
463 376
463 377
463 378
463 379
463 380
463 381
463 382
463 383
463 384
463 385
463 386
463 387
463 388
463 389
463 390
463 391
463 392
463 393
463 394
463 395
463 396
463 397
463 398
463 399
463 400
463 401
463 402
463 403
463 404
463 405
463 406
463 407
463 408
463 409
463 410
463 411
463 412
463 413
463 414
463 415
463 416
463 417
463 418
463 419
463 420
463 421
463 422
463 423
463 424
463 425
463 426
463 427
463 428
463 429
463 430
463 431
463 432
463 433
463 434
463 435
463 436
463 437
463 438
463 439
463 440
463 441
463 442
463 443
463 444
463 445
463 446
463 447
463 448
463 449
463 450
463 451
463 452
463 453
463 454
463 455
463 456
463 457
463 458
463 459
463 460
463 461
463 462
463 463
463 464
463 465
463 466
463 467
463 468
463 469
463 470
463 471
463 472
463 473
463 474
463 475
463 476
463 477
463 478
463 479
463 480
463 481
463 482
463 483
463 484
463 485
463 486
463 487
463 488
463 489
463 490
463 491
463 492
463 493
463 494
463 495
463 496
463 497
463 498
463 499
463 500
463 501
463 502
463 503
463 504
463 505
463 506
463 507
463 508
463 509
464 510
465 510
466 510
467 510
468 510
469 511
470 511
471 511
472 511
473 511
474 511
475 511
476 511
477 511
478 511
479 511
480 511
481 511
482 511
483 511
484 511
485 511
486 511
487 511
488 511
489 511
490 511
491 511
492 511
493 511
494 511
495 511
496 511
497 511
498 510
499 510
500 510
501 510
502 510
503 510
504 509
505 509
506 509
507 509
508 509
509 508
510 508
511 508
512 508
513 507
514 507
515 507
516 507
517 506
518 506
519 506
520 505
521 505
522 504
523 504
524 504
525 503
526 503
527 502
528 502
529 502
530 501
531 501
532 500
533 500
534 499
535 499
536 498
537 498
538 497
539 496
540 496
541 495
542 495
543 494
544 493
545 493
546 492
547 491
548 491
549 490
550 489
551 488
552 488
553 487
554 486
555 485
556 484
557 483
558 482
559 482
560 481
561 480
562 479
563 478
564 477
565 476
565 475
566 474
567 473
568 472
569 471
570 470
570 469
571 468
572 467
573 466
573 465
574 464
575 463
575 462
576 461
577 460
577 459
578 458
579 457
579 456
580 455
580 454
581 453
581 452
582 451
582 450
583 449
583 448
584 447
584 446
585 445
585 444
586 443
586 442
586 441
587 440
587 439
587 438
588 437
588 436
588 435
589 434
589 433
589 432
590 431
590 430
590 429
590 428
591 427
591 426
591 425
591 424
592 423
592 422
592 421
592 420
592 419
593 418
593 417
593 416
593 415
593 414
593 413
593 412
593 411
593 410
594 409
594 408
594 407
594 406
594 405
594 404
594 403
594 402
594 401
594 400
594 399
594 398
594 397
594 396
594 395
594 394
594 393
594 392
593 391
593 390
593 389
593 388
593 387
593 386
593 385
593 384
592 383
592 382
592 381
592 380
592 379
592 378
591 377
591 376
591 375
591 374
590 373
590 372
590 371
590 370
589 369
589 368
589 367
588 366
588 365
588 364
587 363
587 362
587 361
586 360
586 359
585 358
585 357
584 356
584 355
584 354
583 353
583 352
582 351
582 350
581 349
581 348
580 347
579 346
579 345
578 344
578 343
577 342
576 341
576 340
575 339
575 338
574 337
573 336
572 335
572 334
571 333
570 332
569 331
568 330
568 329
567 328
566 327
565 326
564 325
563 324
562 323
561 322
560 321
559 320
558 319
557 318
556 317
555 316
554 315
553 315
552 314
551 313
550 312
549 312
548 311
547 310
546 309
545 309
544 308
543 307
542 307
541 306
540 306
539 305
538 304
537 304
536 303
535 303
534 302
533 302
532 301
531 301
530 300
529 300
528 299
527 299
526 299
525 298
524 298
523 297
522 297
521 297
520 296
519 296
518 296
517 295
516 295
515 295
514 294
513 294
512 294
511 293
510 293
509 293
508 293
507 293
506 292
505 292
504 292
503 292
502 292
501 291
500 291
499 291
498 291
497 291
496 291
495 291
494 291
493 290
492 290
491 290
490 290
489 290
488 290
487 290
486 290
485 290
484 290
483 290
482 290
481 290
480 290
479 290
478 290
477 290
476 290
475 290
474 290
473 290
