543 222
542 223
541 223
540 223
539 223
538 223
537 223
536 223
535 223
534 223
533 223
532 223
531 223
530 224
529 224
528 224
527 224
526 224
525 224
524 224
523 224
522 224
521 225
520 225
519 225
518 225
517 225
516 225
515 225
514 226
513 226
512 226
511 226
510 226
509 227
508 227
507 227
506 227
505 227
504 227
503 228
502 228
501 228
500 228
499 228
498 229
497 229
496 229
495 229
494 230
493 230
492 230
491 230
490 231
489 231
488 231
487 231
486 232
485 232
484 232
483 232
482 233
481 233
480 233
479 234
478 234
477 234
476 235
475 235
474 235
473 235
472 236
471 236
470 236
469 237
468 237
467 237
466 238
465 238
464 239
463 239
462 239
461 240
460 240
459 240
458 241
457 241
456 242
455 242
454 242
453 243
452 243
451 244
450 244
449 245
448 245
447 245
446 246
445 246
444 247
443 247
442 248
441 248
440 249
439 249
438 250
437 250
436 251
435 251
434 252
433 252
432 253
431 253
430 254
429 254
428 255
427 255
426 256
425 257
424 257
423 258
422 258
421 259
420 260
419 260
418 261
417 261
416 262
415 263
414 263
413 264
412 265
411 265
410 266
409 267
408 267
407 268
406 269
405 269
404 270
403 271
402 272
401 272
400 273
399 274
398 275
397 276
396 276
395 277
394 278
393 279
392 280
391 281
390 281
389 282
388 283
387 284
386 285
385 286
384 287
383 288
382 289
381 290
380 291
379 292
378 293
377 294
376 295
375 296
374 297
373 298
373 299
372 300
371 301
370 302
369 303
368 304
368 305
367 306
366 307
365 308
365 309
364 310
363 311
362 312
362 313
361 314
360 315
359 316
358 317
357 318
356 319
355 320
355 321
354 322
353 323
352 324
351 324
350 325
349 325
348 325
347 325
346 325
345 325
344 325
343 325
342 324
341 323
340 322
339 321
338 320
337 319
337 318
336 317
335 316
334 315
334 314
333 313
332 312
332 311
331 310
331 309
330 308
329 307
328 306
328 305
327 304
326 303
325 303
324 302
323 303
322 303
321 304
321 305
320 306
320 307
320 308
320 309
320 310
320 311
320 312
320 313
320 314
320 315
320 316
320 317
320 318
320 319
320 320
320 321
320 322
320 323
320 324
320 325
320 326
320 327
320 328
320 329
320 330
320 331
320 332
320 333
320 334
320 335
320 336
320 337
320 338
320 339
320 340
320 341
320 342
320 343
320 344
320 345
320 346
320 347
320 348
320 349
320 350
320 351
320 352
320 353
320 354
320 355
320 356
320 357
320 358
320 359
320 360
320 361
320 362
320 363
320 364
320 365
320 366
320 367
320 368
320 369
320 370
320 371
320 372
320 373
320 374
320 375
320 376
320 377
320 378
320 379
320 380
320 381
320 382
320 383
320 384
320 385
320 386
320 387
320 388
320 389
320 390
320 391
320 392
320 393
320 394
320 395
320 396
320 397
320 398
320 399
320 400
320 401
320 402
320 403
320 404
320 405
320 406
320 407
320 408
320 409
320 410
320 411
320 412
320 413
320 414
320 415
320 416
320 417
320 418
320 419
320 420
320 421
320 422
320 423
320 424
320 425
320 426
320 427
320 428
320 429
320 430
320 431
320 432
320 433
320 434
320 435
320 436
320 437
320 438
320 439
320 440
320 441
320 442
320 443
320 444
320 445
320 446
320 447
320 448
320 449
320 450
320 451
320 452
320 453
320 454
320 455
320 456
320 457
320 458
320 459
320 460
320 461
320 462
320 463
320 464
320 465
320 466
320 467
320 468
320 469
320 470
320 471
320 472
320 473
320 474
320 475
320 476
320 477
320 478
320 479
320 480
320 481
320 482
320 483
320 484
321 485
321 486
322 487
323 488
324 488
325 488
326 487
327 487
327 486
328 485
329 484
329 483
330 482
331 481
331 480
332 479
333 478
333 477
334 476
335 475
335 474
336 473
337 472
338 471
338 470
339 469
340 468
341 467
342 466
343 466
344 465
345 465
346 465
347 465
348 465
349 465
350 465
351 466
352 467
353 468
354 469
355 470
356 471
357 472
358 473
359 474
360 475
361 476
362 477
362 478
363 479
364 480
365 481
365 482
366 483
367 484
368 485
369 486
369 487
370 488
371 489
372 490
373 491
374 492
374 493
375 494
376 495
377 496
378 497
379 498
380 499
381 500
382 501
383 502
384 503
385 504
386 505
387 506
388 507
389 507
390 508
391 509
392 510
393 511
394 512
395 513
396 513
397 514
398 515
399 516
400 517
401 517
402 518
403 519
404 520
405 520
406 521
407 522
408 523
409 523
410 524
411 525
412 525
413 526
414 527
415 527
416 528
417 528
418 529
419 530
420 530
421 531
422 532
423 532
424 533
425 533
426 534
427 534
428 535
429 536
430 536
431 537
432 537
433 538
434 538
435 539
436 539
437 540
438 540
439 541
440 541
441 542
442 542
443 543
444 543
445 544
446 544
447 544
448 545
449 545
450 546
451 546
452 547
453 547
454 547
455 548
456 548
457 549
458 549
459 549
460 550
461 550
462 551
463 551
464 551
465 552
466 552
467 552
468 553
469 553
470 553
471 554
472 554
473 554
474 555
475 555
476 555
477 556
478 556
479 556
480 557
481 557
482 557
483 557
484 558
485 558
486 558
487 558
488 559
489 559
490 559
491 559
492 560
493 560
494 560
495 560
496 561
497 561
498 561
499 561
500 562
501 562
502 562
503 562
504 562
505 563
506 563
507 563
508 563
509 563
510 564
511 564
512 564
513 564
514 564
515 564
516 565
517 565
518 565
519 565
520 565
521 565
522 565
523 566
524 566
525 566
526 566
527 566
528 566
529 566
530 566
531 566
532 567
533 567
534 567
535 567
536 567
537 567
538 567
539 567
540 567
541 567
542 567
543 567
544 567
545 568
546 568
547 568
548 568
549 568
550 568
551 568
552 568
553 568
554 568
555 568
556 568
557 568
558 568
559 568
560 568
561 568
562 568
563 568
564 568
565 568
566 568
567 568
568 568
569 568
570 568
571 568
572 568
573 568
574 568
575 568
576 568
577 567
578 567
579 567
580 567
581 567
582 567
583 567
584 567
585 567
586 567
587 567
588 567
589 567
590 566
591 566
592 566
593 566
594 566
595 566
596 566
597 566
598 566
599 565
600 565
601 565
602 565
603 565
604 565
605 565
606 564
607 564
608 564
609 564
610 564
611 564
612 563
613 563
614 563
615 563
616 563
617 563
618 562
619 562
620 562
621 562
622 561
623 561
624 561
625 561
626 561
627 560
628 560
629 560
630 560
631 559
632 559
633 559
634 559
635 558
636 558
637 558
638 558
639 557
640 557
641 557
642 556
643 556
644 556
645 555
646 555
647 555
648 555
649 554
650 554
651 554
652 553
653 553
654 553
655 552
656 552
657 552
658 551
659 551
660 550
661 550
662 550
663 549
664 549
665 548
666 548
667 548
668 547
669 547
670 546
671 546
672 546
673 545
674 545
675 544
676 544
677 543
678 543
679 542
680 542
681 541
682 541
683 540
684 540
685 539
686 539
687 539
688 538
689 537
690 537
691 536
692 536
693 535
694 535
695 534
696 534
697 533
698 532
699 532
700 531
701 531
702 530
703 529
704 529
705 528
706 528
707 527
708 526
709 526
710 525
711 524
712 524
713 523
714 522
715 521
716 521
717 520
718 519
719 519
720 518
721 517
722 516
723 515
724 515
725 514
726 513
727 512
728 511
729 511
730 510
731 509
732 508
733 507
734 506
735 505
736 504
737 503
738 502
739 501
740 500
741 499
742 498
743 497
744 496
745 495
746 494
747 493
748 492
749 491
750 490
751 489
751 488
752 487
753 486
754 485
755 484
755 483
756 482
757 481
758 480
758 479
759 478
760 477
761 476
761 475
762 474
763 473
763 472
764 471
764 470
765 469
766 468
766 467
767 466
767 465
768 464
769 463
769 462
770 461
770 460
771 459
771 458
772 457
772 456
773 455
773 454
774 453
774 452
775 451
775 450
775 449
776 448
776 447
777 446
777 445
778 444
778 443
778 442
779 441
779 440
779 439
780 438
780 437
780 436
781 435
781 434
781 433
782 432
782 431
782 430
782 429
783 428
783 427
783 426
783 425
784 424
784 423
784 422
784 421
784 420
785 419
785 418
785 417
785 416
785 415
785 414
786 413
786 412
786 411
786 410
786 409
786 408
786 407
786 406
786 405
786 404
786 403
787 402
787 401
787 400
787 399
787 398
787 397
787 396
787 395
787 394
787 393
787 392
787 391
787 390
787 389
787 388
787 387
786 386
786 385
786 384
786 383
786 382
786 381
786 380
786 379
786 378
786 377
785 376
785 375
785 374
785 373
785 372
785 371
784 370
784 369
784 368
784 367
783 366
783 365
783 364
783 363
783 362
782 361
782 360
782 359
782 358
781 357
781 356
781 355
780 354
780 353
780 352
779 351
779 350
779 349
778 348
778 347
777 346
777 345
777 344
776 343
776 342
775 341
775 340
775 339
774 338
774 337
773 336
773 335
772 334
772 333
771 332
771 331
770 330
770 329
769 328
769 327
768 326
767 325
767 324
766 323
766 322
765 321
765 320
764 319
763 318
763 317
762 316
761 315
761 314
760 313
759 312
758 311
758 310
757 309
756 308
755 307
755 306
754 305
753 304
752 303
751 302
751 301
750 300
749 299
748 298
747 297
746 296
745 295
744 294
743 293
743 292
742 291
741 290
740 289
739 288
738 287
737 287
736 286
735 285
734 284
733 283
732 282
731 281
730 280
729 279
728 278
727 278
726 277
725 276
724 275
723 274
722 274
721 273
720 272
719 271
718 271
717 270
716 269
715 268
714 268
713 267
712 266
711 266
710 265
709 264
708 264
707 263
706 262
705 262
704 261
703 260
702 260
701 259
700 259
699 258
698 257
697 257
696 256
695 256
694 255
693 255
692 254
691 254
690 253
689 252
688 252
687 251
686 251
685 250
684 250
683 249
682 249
681 248
680 248
679 247
678 247
677 247
676 246
675 246
674 245
673 245
672 244
671 244
670 243
669 243
668 243
667 242
666 242
665 241
664 241
663 241
662 240
661 240
660 239
659 239
658 239
657 238
656 238
655 238
654 237
653 237
652 237
651 236
650 236
649 236
648 235
647 235
646 235
645 234
644 234
643 234
642 234
641 233
640 233
639 233
638 232
637 232
636 232
635 232
634 231
633 231
632 231
631 231
630 230
629 230
628 230
627 230
626 229
625 229
624 229
623 229
622 228
621 228
620 228
619 228
618 228
617 227
616 227
615 227
614 227
613 227
612 226
611 226
610 226
609 226
608 226
607 226
606 225
605 225
604 225
603 225
602 225
601 225
600 225
599 224
598 224
597 224
596 224
595 224
594 224
593 224
592 224
591 224
590 223
589 223
588 223
587 223
586 223
585 223
584 223
583 223
582 223
581 223
580 223
579 223
578 222
577 222
576 222
575 222
574 222
573 222
572 222
571 222
570 222
569 222
568 222
567 222
566 222
565 222
564 222
563 222
562 222
561 222
560 222
559 222
558 222
557 222
556 222
555 222
554 222
553 222
552 222
551 222
550 222
549 222
548 222
547 222
546 222
545 222
544 222
543 222
