454 283
453 284
452 284
451 284
450 284
449 284
448 284
447 284
446 284
445 284
444 284
443 284
442 284
441 284
440 284
439 285
438 285
437 285
436 285
435 285
434 285
433 285
432 285
431 285
430 285
429 285
428 285
427 285
426 285
425 285
424 285
423 285
422 285
421 285
420 285
419 285
418 285
417 285
416 285
415 285
414 285
413 285
412 286
411 287
411 288
411 289
411 290
411 291
411 292
411 293
411 294
411 295
411 296
411 297
411 298
411 299
411 300
411 301
411 302
411 303
411 304
411 305
411 306
411 307
411 308
411 309
411 310
411 311
411 312
411 313
411 314
411 315
411 316
411 317
411 318
411 319
411 320
411 321
411 322
411 323
411 324
411 325
411 326
411 327
411 328
411 329
411 330
411 331
411 332
411 333
411 334
411 335
411 336
411 337
411 338
411 339
411 340
411 341
411 342
411 343
411 344
411 345
411 346
411 347
411 348
411 349
411 350
411 351
411 352
411 353
411 354
411 355
411 356
411 357
411 358
411 359
411 360
411 361
411 362
411 363
411 364
411 365
411 366
411 367
411 368
411 369
411 370
411 371
411 372
411 373
411 374
411 375
411 376
411 377
411 378
411 379
411 380
411 381
411 382
411 383
411 384
411 385
411 386
411 387
411 388
411 389
411 390
411 391
411 392
411 393
411 394
411 395
411 396
411 397
411 398
411 399
411 400
411 401
411 402
411 403
411 404
411 405
411 406
411 407
411 408
411 409
411 410
411 411
411 412
411 413
411 414
411 415
411 416
411 417
411 418
411 419
411 420
411 421
411 422
411 423
411 424
411 425
411 426
411 427
411 428
411 429
411 430
411 431
411 432
411 433
411 434
411 435
411 436
411 437
411 438
411 439
411 440
411 441
411 442
411 443
411 444
411 445
411 446
411 447
411 448
411 449
411 450
411 451
411 452
411 453
411 454
411 455
411 456
411 457
411 458
411 459
411 460
411 461
411 462
411 463
411 464
411 465
411 466
411 467
411 468
411 469
411 470
411 471
411 472
411 473
411 474
411 475
411 476
411 477
411 478
411 479
411 480
411 481
411 482
412 483
413 484
414 484
415 484
416 484
417 484
418 484
419 484
420 484
421 484
422 484
423 484
424 484
425 484
426 484
427 484
428 484
429 484
430 484
431 484
432 484
433 484
434 484
435 484
436 484
437 485
438 485
439 485
440 485
441 485
442 485
443 485
444 485
445 485
446 485
447 485
448 485
449 485
450 486
451 486
452 486
453 486
454 486
455 486
456 486
457 486
458 486
459 486
460 486
461 486
462 486
463 485
464 485
465 485
466 485
467 485
468 486
469 486
470 486
471 486
472 486
473 486
474 486
475 486
476 486
477 486
478 485
479 485
480 485
481 485
482 485
483 485
484 485
485 485
486 485
487 485
488 485
489 485
490 485
491 485
492 485
493 485
494 485
495 485
496 484
497 484
498 484
499 484
500 484
501 484
502 484
503 484
504 484
505 483
506 483
507 483
508 483
509 483
510 483
511 483
512 482
513 482
514 482
515 482
516 482
517 482
518 481
519 481
520 481
521 481
522 481
523 480
524 480
525 480
526 480
527 479
528 479
529 479
530 479
531 478
532 478
533 478
534 478
535 477
536 477
537 477
538 477
539 476
540 476
541 476
542 475
543 475
544 475
545 474
546 474
547 474
548 473
549 473
550 473
551 472
552 472
553 472
554 471
555 471
556 470
557 470
558 470
559 469
560 469
561 468
562 468
563 468
564 467
565 467
566 466
567 466
568 465
569 465
570 464
571 464
572 463
573 463
574 462
575 462
576 461
577 461
578 460
579 460
580 459
581 458
582 458
583 457
584 457
585 456
586 455
587 455
588 454
589 453
590 453
591 452
592 451
593 451
594 450
595 449
596 448
597 448
598 447
599 446
600 445
601 444
602 443
603 443
604 442
605 441
606 440
607 439
608 438
609 437
610 436
611 435
612 434
613 433
613 432
614 431
615 430
616 429
617 428
617 427
618 426
619 425
620 424
620 423
621 422
622 421
622 420
623 419
623 418
624 417
624 416
625 415
625 414
626 413
626 412
627 411
627 410
628 409
628 408
628 407
629 406
629 405
630 404
630 403
630 402
630 401
631 400
631 399
631 398
631 397
632 396
632 395
632 394
632 393
632 392
632 391
632 390
632 389
633 388
633 387
633 386
633 385
633 384
633 383
633 382
633 381
633 380
632 379
632 378
632 377
632 376
632 375
632 374
632 373
631 372
631 371
631 370
631 369
630 368
630 367
630 366
630 365
629 364
629 363
629 362
628 361
628 360
627 359
627 358
626 357
626 356
626 355
625 354
625 353
624 352
623 351
623 350
622 349
622 348
621 347
620 346
620 345
619 344
618 343
618 342
617 341
616 340
615 339
614 338
614 337
613 336
612 335
611 334
610 333
609 332
608 331
607 330
606 329
605 328
604 327
603 326
602 325
601 325
600 324
599 323
598 322
597 321
596 320
595 320
594 319
593 318
592 318
591 317
590 316
589 315
588 315
587 314
586 314
585 313
584 312
583 312
582 311
581 310
580 310
579 309
578 309
577 308
576 308
575 307
574 307
573 306
572 306
571 305
570 305
569 304
568 304
567 303
566 303
565 302
564 302
563 301
562 301
561 300
560 300
559 300
558 299
557 299
556 298
555 298
554 298
553 297
552 297
551 297
550 296
549 296
548 296
547 295
546 295
545 294
544 294
543 294
542 294
541 293
540 293
539 293
538 292
537 292
536 292
535 292
534 291
533 291
532 291
531 290
530 290
529 290
528 290
527 290
526 289
525 289
524 289
523 289
522 288
521 288
520 288
519 288
518 288
517 287
516 287
515 287
514 287
513 287
512 287
511 286
510 286
509 286
508 286
507 286
506 286
505 285
504 285
503 285
502 285
501 285
500 285
499 285
498 285
497 285
496 284
495 284
494 284
493 284
492 284
491 284
490 284
489 284
488 284
487 284
486 284
485 284
484 284
483 284
482 283
481 283
480 283
479 283
478 283
477 283
476 283
475 283
474 283
473 283
472 283
471 283
470 283
469 283
468 283
467 283
466 283
465 283
464 283
463 283
462 283
461 283
460 283
459 283
458 283
457 283
456 283
455 283
454 283
