537 263
536 264
535 264
534 264
533 264
532 264
531 264
530 264
529 264
528 264
527 264
526 264
525 264
524 264
523 264
522 264
521 264
520 264
519 264
518 264
517 265
516 265
515 265
514 265
513 265
512 265
511 265
510 265
509 265
508 265
507 266
506 266
505 266
504 266
503 266
502 266
501 266
500 267
499 267
498 267
497 267
496 267
495 267
494 267
493 268
492 268
491 268
490 268
489 268
488 269
487 269
486 269
485 269
484 269
483 270
482 270
481 270
480 270
479 271
478 271
477 271
476 271
475 271
474 272
473 272
472 272
471 273
470 273
469 273
468 273
467 274
466 274
465 274
464 275
463 275
462 275
461 276
460 276
459 276
458 276
457 277
456 277
455 278
454 278
453 278
452 279
451 279
450 279
449 280
448 280
447 281
446 281
445 281
444 282
443 282
442 283
441 283
440 284
439 284
438 284
437 285
436 285
435 286
434 286
433 287
432 287
431 288
430 288
429 289
428 289
427 290
426 290
425 291
424 291
423 292
422 293
421 293
420 294
419 294
418 295
417 295
416 296
415 297
414 297
413 298
412 298
411 299
410 300
409 300
408 301
407 302
406 302
405 303
404 304
403 304
402 305
401 306
400 307
399 307
398 308
397 309
396 310
395 310
394 311
393 312
392 313
391 314
390 314
389 315
388 316
387 317
386 318
385 318
384 319
383 320
382 321
381 322
380 323
379 324
378 325
377 325
376 326
375 327
374 328
373 329
372 330
371 331
370 332
369 333
368 334
367 335
366 336
365 337
364 338
363 339
362 340
361 340
360 340
359 340
358 340
357 340
356 340
355 340
354 339
353 339
352 339
351 338
350 338
349 337
348 337
347 336
346 335
345 335
344 334
343 333
342 332
341 331
340 330
339 329
338 328
337 328
336 327
335 327
334 328
333 328
333 329
332 330
332 331
332 332
332 333
332 334
332 335
332 336
332 337
332 338
332 339
332 340
332 341
332 342
332 343
332 344
332 345
332 346
332 347
332 348
332 349
332 350
332 351
332 352
332 353
332 354
332 355
332 356
332 357
332 358
332 359
332 360
332 361
332 362
332 363
332 364
332 365
332 366
332 367
332 368
332 369
332 370
332 371
332 372
332 373
332 374
332 375
332 376
332 377
332 378
332 379
332 380
332 381
332 382
332 383
332 384
332 385
332 386
332 387
332 388
332 389
332 390
332 391
332 392
332 393
332 394
332 395
332 396
332 397
332 398
332 399
332 400
332 401
332 402
332 403
332 404
332 405
332 406
332 407
332 408
332 409
332 410
332 411
332 412
332 413
332 414
332 415
332 416
332 417
332 418
332 419
332 420
332 421
332 422
332 423
332 424
332 425
332 426
332 427
332 428
332 429
332 430
332 431
332 432
332 433
332 434
332 435
332 436
332 437
332 438
332 439
332 440
332 441
332 442
332 443
332 444
332 445
332 446
332 447
332 448
332 449
332 450
332 451
332 452
332 453
332 454
332 455
332 456
332 457
332 458
332 459
332 460
332 461
332 462
332 463
332 464
333 465
334 466
335 466
336 466
337 466
338 465
339 464
340 463
341 462
342 462
343 461
344 460
345 459
346 458
347 458
348 457
349 456
350 456
351 455
352 455
353 455
354 454
355 454
356 454
357 453
358 453
359 453
360 453
361 453
362 454
363 455
364 456
365 457
366 458
367 459
368 460
369 461
370 462
371 463
372 464
373 465
374 466
375 467
376 467
377 468
378 469
379 470
380 471
381 472
382 473
383 474
384 475
385 476
386 476
387 477
388 478
389 479
390 480
391 480
392 481
393 482
394 483
395 484
396 484
397 485
398 486
399 487
400 487
401 488
402 489
403 490
404 490
405 491
406 492
407 492
408 493
409 494
410 494
411 495
412 496
413 496
414 497
415 498
416 498
417 499
418 499
419 500
420 501
421 501
422 502
423 502
424 503
425 503
426 504
427 505
428 505
429 506
430 506
431 507
432 507
433 508
434 508
435 509
436 509
437 510
438 510
439 511
440 511
441 512
442 512
443 512
444 513
445 513
446 514
447 514
448 515
449 515
450 515
451 516
452 516
453 517
454 517
455 517
456 518
457 518
458 518
459 519
460 519
461 519
462 520
463 520
464 520
465 521
466 521
467 521
468 522
469 522
470 522
471 522
472 523
473 523
474 523
475 524
476 524
477 524
478 524
479 525
480 525
481 525
482 525
483 526
484 526
485 526
486 526
487 526
488 527
489 527
490 527
491 527
492 527
493 528
494 528
495 528
496 528
497 528
498 528
499 529
500 529
501 529
502 529
503 529
504 529
505 529
506 530
507 530
508 530
509 530
510 530
511 530
512 530
513 530
514 530
515 530
516 531
517 531
518 531
519 531
520 531
521 531
522 531
523 531
524 531
525 531
526 531
527 531
528 531
529 531
530 531
531 531
532 532
533 532
534 532
535 532
536 532
537 532
538 532
539 532
540 532
541 532
542 532
543 532
544 532
545 532
546 532
547 532
548 532
549 532
550 532
551 531
552 531
553 531
554 531
555 531
556 531
557 531
558 531
559 531
560 531
561 531
562 531
563 531
564 531
565 531
566 531
567 531
568 531
569 531
570 530
571 530
572 530
573 530
574 530
575 530
576 530
577 530
578 530
579 530
580 529
581 529
582 529
583 529
584 529
585 529
586 529
587 528
588 528
589 528
590 528
591 528
592 528
593 528
594 527
595 527
596 527
597 527
598 527
599 527
600 526
601 526
602 526
603 526
604 526
605 525
606 525
607 525
608 525
609 525
610 524
611 524
612 524
613 524
614 523
615 523
616 523
617 523
618 522
619 522
620 522
621 522
622 521
623 521
624 521
625 520
626 520
627 520
628 520
629 519
630 519
631 519
632 518
633 518
634 518
635 517
636 517
637 517
638 516
639 516
640 516
641 515
642 515
643 515
644 514
645 514
646 513
647 513
648 513
649 512
650 512
651 511
652 511
653 511
654 510
655 510
656 509
657 509
658 508
659 508
660 507
661 507
662 507
663 506
664 506
665 505
666 505
667 504
668 504
669 503
670 503
671 502
672 501
673 501
674 500
675 500
676 499
677 499
678 498
679 497
680 497
681 496
682 496
683 495
684 494
685 494
686 493
687 492
688 492
689 491
690 490
691 490
692 489
693 488
694 487
695 487
696 486
697 485
698 484
699 484
700 483
701 482
702 481
703 480
704 479
705 478
706 478
707 477
708 476
709 475
710 474
711 473
712 472
713 471
714 470
715 469
716 468
717 467
717 466
718 465
719 464
720 463
721 462
722 461
722 460
723 459
724 458
725 457
725 456
726 455
727 454
727 453
728 452
729 451
729 450
730 449
731 448
731 447
732 446
732 445
733 444
733 443
734 442
734 441
735 440
735 439
736 438
736 437
737 436
737 435
738 434
738 433
738 432
739 431
739 430
739 429
740 428
740 427
741 426
741 425
741 424
741 423
742 422
742 421
742 420
742 419
743 418
743 417
743 416
743 415
744 414
744 413
744 412
744 411
744 410
744 409
744 408
745 407
745 406
745 405
745 404
745 403
745 402
745 401
745 400
745 399
745 398
745 397
745 396
745 395
745 394
745 393
745 392
745 391
745 390
745 389
745 388
745 387
745 386
744 385
744 384
744 383
744 382
744 381
744 380
744 379
743 378
743 377
743 376
743 375
743 374
742 373
742 372
742 371
742 370
741 369
741 368
741 367
740 366
740 365
740 364
739 363
739 362
739 361
738 360
738 359
737 358
737 357
736 356
736 355
736 354
735 353
735 352
734 351
734 350
733 349
732 348
732 347
731 346
731 345
730 344
730 343
729 342
728 341
728 340
727 339
726 338
726 337
725 336
724 335
723 334
723 333
722 332
721 331
720 330
719 329
719 328
718 327
717 326
716 325
715 324
714 323
713 322
712 321
711 320
710 319
709 318
708 317
707 316
706 315
705 314
704 313
703 313
702 312
701 311
700 310
699 309
698 308
697 308
696 307
695 306
694 305
693 305
692 304
691 303
690 303
689 302
688 301
687 301
686 300
685 299
684 299
683 298
682 297
681 297
680 296
679 296
678 295
677 294
676 294
675 293
674 293
673 292
672 292
671 291
670 291
669 290
668 290
667 289
666 289
665 288
664 288
663 287
662 287
661 286
660 286
659 285
658 285
657 284
656 284
655 284
654 283
653 283
652 282
651 282
650 282
649 281
648 281
647 280
646 280
645 280
644 279
643 279
642 279
641 278
640 278
639 278
638 277
637 277
636 277
635 276
634 276
633 276
632 275
631 275
630 275
629 274
628 274
627 274
626 274
625 273
624 273
623 273
622 273
621 272
620 272
619 272
618 272
617 271
616 271
615 271
614 271
613 270
612 270
611 270
610 270
609 270
608 269
607 269
606 269
605 269
604 269
603 268
602 268
601 268
600 268
599 268
598 268
597 267
596 267
595 267
594 267
593 267
592 267
591 266
590 266
589 266
588 266
587 266
586 266
585 266
584 266
583 265
582 265
581 265
580 265
579 265
578 265
577 265
576 265
575 265
574 265
573 264
572 264
571 264
570 264
569 264
568 264
567 264
566 264
565 264
564 264
563 264
562 264
561 264
560 264
559 264
558 264
557 264
556 263
555 263
554 263
553 263
552 263
551 263
550 263
549 263
548 263
547 263
546 263
545 263
544 263
543 263
542 263
541 263
540 263
539 263
538 263
537 263
