537 249
536 250
535 250
534 250
533 250
532 250
531 250
530 250
529 250
528 250
527 250
526 250
525 251
524 251
523 251
522 251
521 251
520 251
519 251
518 252
517 252
516 252
515 252
514 252
513 252
512 253
511 253
510 253
509 253
508 254
507 254
506 254
505 254
504 254
503 255
502 255
501 255
500 255
499 256
498 256
497 256
496 257
495 257
494 257
493 257
492 258
491 258
490 258
489 259
488 259
487 259
486 260
485 260
484 260
483 261
482 261
481 261
480 262
479 262
478 263
477 263
476 263
475 264
474 264
473 265
472 265
471 265
470 266
469 266
468 267
467 267
466 268
465 268
464 269
463 269
462 270
461 270
460 271
459 271
458 272
457 272
456 273
455 273
454 274
453 274
452 274
451 275
450 275
449 276
448 276
447 276
446 277
445 277
444 277
443 278
442 278
441 278
440 279
439 279
438 280
437 280
436 280
435 281
434 281
433 281
432 282
431 282
430 282
429 283
428 283
427 283
426 284
425 284
424 285
423 285
422 285
421 286
420 286
419 286
418 287
417 287
416 287
415 288
414 288
413 289
412 289
411 289
410 290
409 290
408 290
407 291
406 291
405 291
404 291
403 292
402 292
401 292
400 292
399 292
398 292
397 292
396 292
395 292
394 292
393 292
392 292
391 292
390 292
389 292
388 292
387 291
386 291
385 291
384 290
383 290
382 290
381 289
380 289
379 289
378 289
377 288
376 288
375 288
374 288
373 288
372 289
371 289
370 290
370 291
370 292
370 293
370 294
370 295
370 296
370 297
370 298
370 299
370 300
370 301
370 302
370 303
370 304
370 305
370 306
370 307
370 308
370 309
370 310
370 311
370 312
370 313
370 314
370 315
370 316
370 317
370 318
370 319
370 320
370 321
370 322
370 323
370 324
370 325
370 326
370 327
370 328
370 329
370 330
370 331
370 332
370 333
370 334
370 335
370 336
370 337
370 338
370 339
370 340
370 341
370 342
370 343
370 344
370 345
370 346
370 347
370 348
370 349
370 350
370 351
370 352
370 353
370 354
370 355
370 356
370 357
370 358
370 359
370 360
370 361
370 362
370 363
370 364
370 365
370 366
370 367
370 368
370 369
370 370
370 371
370 372
370 373
370 374
370 375
370 376
370 377
370 378
370 379
370 380
370 381
370 382
370 383
370 384
370 385
370 386
370 387
370 388
370 389
370 390
370 391
370 392
370 393
370 394
370 395
370 396
370 397
370 398
370 399
370 400
370 401
370 402
370 403
370 404
370 405
370 406
370 407
370 408
370 409
370 410
370 411
370 412
370 413
370 414
370 415
370 416
370 417
370 418
370 419
370 420
370 421
370 422
370 423
370 424
370 425
370 426
370 427
370 428
370 429
370 430
370 431
370 432
370 433
370 434
370 435
370 436
370 437
370 438
370 439
370 440
370 441
370 442
370 443
370 444
370 445
370 446
370 447
370 448
370 449
370 450
370 451
370 452
370 453
370 454
370 455
370 456
370 457
370 458
370 459
370 460
370 461
370 462
370 463
370 464
370 465
370 466
370 467
370 468
370 469
370 470
370 471
370 472
370 473
370 474
370 475
370 476
370 477
370 478
370 479
370 480
370 481
370 482
370 483
370 484
370 485
370 486
370 487
370 488
370 489
370 490
370 491
370 492
370 493
370 494
370 495
370 496
370 497
370 498
370 499
370 500
370 501
370 502
370 503
370 504
370 505
370 506
370 507
370 508
370 509
370 510
370 511
370 512
370 513
370 514
370 515
371 516
371 517
372 517
373 517
374 517
375 517
376 517
377 517
378 517
379 517
380 517
381 516
382 516
383 516
384 515
385 515
386 515
387 514
388 514
389 514
390 514
391 513
392 513
393 513
394 513
395 513
396 513
397 513
398 513
399 514
400 514
401 514
402 514
403 514
404 514
405 514
406 515
407 515
408 515
409 516
410 516
411 516
412 517
413 517
414 517
415 518
416 518
417 519
418 519
419 519
420 520
421 520
422 520
423 521
424 521
425 521
426 522
427 522
428 522
429 523
430 523
431 524
432 524
433 524
434 525
435 525
436 525
437 526
438 526
439 526
440 527
441 527
442 528
443 528
444 528
445 529
446 529
447 529
448 530
449 530
450 530
451 531
452 531
453 531
454 532
455 532
456 532
457 533
458 534
459 534
460 535
461 535
462 536
463 536
464 537
465 537
466 538
467 538
468 539
469 539
470 539
471 540
472 540
473 541
474 541
475 542
476 542
477 542
478 543
479 543
480 544
481 544
482 544
483 545
484 545
485 545
486 546
487 546
488 546
489 547
490 547
491 547
492 548
493 548
494 548
495 549
496 549
497 549
498 549
499 550
500 550
501 550
502 550
503 551
504 551
505 551
506 551
507 552
508 552
509 552
510 552
511 552
512 553
513 553
514 553
515 553
516 553
517 554
518 554
519 554
520 554
521 554
522 554
523 554
524 555
525 555
526 555
527 555
528 555
529 555
530 555
531 555
532 556
533 556
534 556
535 556
536 556
537 556
538 556
539 556
540 556
541 556
542 556
543 556
544 556
545 556
546 556
547 556
548 556
549 556
550 556
551 556
552 556
553 556
554 556
555 556
556 556
557 556
558 556
559 556
560 556
561 556
562 556
563 556
564 556
565 556
566 556
567 556
568 556
569 556
570 555
571 555
572 555
573 555
574 555
575 555
576 555
577 555
578 555
579 554
580 554
581 554
582 554
583 554
584 554
585 553
586 553
587 553
588 553
589 553
590 552
591 552
592 552
593 552
594 552
595 551
596 551
597 551
598 551
599 550
600 550
601 550
602 550
603 549
604 549
605 549
606 549
607 548
608 548
609 548
610 547
611 547
612 547
613 546
614 546
615 546
616 545
617 545
618 545
619 544
620 544
621 544
622 543
623 543
624 542
625 542
626 542
627 541
628 541
629 540
630 540
631 539
632 539
633 538
634 538
635 538
636 537
637 537
638 536
639 536
640 535
641 535
642 534
643 533
644 533
645 532
646 532
647 531
648 531
649 530
650 530
651 529
652 528
653 528
654 527
655 526
656 526
657 525
658 524
659 524
660 523
661 522
662 522
663 521
664 520
665 519
666 519
667 518
668 517
669 516
670 516
671 515
672 514
673 513
674 512
675 511
676 511
677 510
678 509
679 508
680 507
681 506
682 505
683 504
684 503
685 502
686 501
687 500
688 499
689 498
690 497
690 496
691 495
692 494
693 493
694 492
695 491
695 490
696 489
697 488
698 487
698 486
699 485
700 484
701 483
701 482
702 481
703 480
703 479
704 478
705 477
705 476
706 475
706 474
707 473
708 472
708 471
709 470
709 469
710 468
710 467
711 466
711 465
712 464
712 463
713 462
713 461
714 460
714 459
715 458
715 457
716 456
716 455
716 454
717 453
717 452
718 451
718 450
718 449
719 448
719 447
719 446
720 445
720 444
720 443
721 442
721 441
721 440
722 439
722 438
722 437
722 436
723 435
723 434
723 433
723 432
723 431
724 430
724 429
724 428
724 427
724 426
725 425
725 424
725 423
725 422
725 421
725 420
725 419
726 418
726 417
726 416
726 415
726 414
726 413
726 412
726 411
726 410
726 409
726 408
726 407
726 406
726 405
726 404
726 403
726 402
726 401
726 400
726 399
726 398
726 397
726 396
726 395
726 394
726 393
726 392
726 391
726 390
726 389
726 388
726 387
725 386
725 385
725 384
725 383
725 382
725 381
725 380
724 379
724 378
724 377
724 376
724 375
723 374
723 373
723 372
723 371
722 370
722 369
722 368
722 367
721 366
721 365
721 364
721 363
720 362
720 361
720 360
719 359
719 358
719 357
718 356
718 355
717 354
717 353
717 352
716 351
716 350
715 349
715 348
715 347
714 346
714 345
713 344
713 343
712 342
712 341
711 340
711 339
710 338
710 337
709 336
709 335
708 334
707 333
707 332
706 331
706 330
705 329
704 328
704 327
703 326
702 325
702 324
701 323
700 322
700 321
699 320
698 319
697 318
697 317
696 316
695 315
694 314
693 313
693 312
692 311
691 310
690 309
689 308
688 307
687 306
687 305
686 304
685 303
684 302
683 301
682 300
681 299
680 298
679 298
678 297
677 296
676 295
675 294
674 293
673 292
672 291
671 291
670 290
669 289
668 288
667 287
666 287
665 286
664 285
663 284
662 284
661 283
660 282
659 282
658 281
657 280
656 280
655 279
654 278
653 278
652 277
651 276
650 276
649 275
648 275
647 274
646 274
645 273
644 272
643 272
642 271
641 271
640 270
639 270
638 269
637 269
636 268
635 268
634 267
633 267
632 266
631 266
630 266
629 265
628 265
627 264
626 264
625 263
624 263
623 263
622 262
621 262
620 261
619 261
618 261
617 260
616 260
615 260
614 259
613 259
612 259
611 258
610 258
609 258
608 257
607 257
606 257
605 257
604 256
603 256
602 256
601 255
600 255
599 255
598 255
597 254
596 254
595 254
594 254
593 254
592 253
591 253
590 253
589 253
588 253
587 252
586 252
585 252
584 252
583 252
582 251
581 251
580 251
579 251
578 251
577 251
576 251
575 250
574 250
573 250
572 250
571 250
570 250
569 250
568 250
567 250
566 250
565 250
564 249
563 249
562 249
561 249
560 249
559 249
558 249
557 249
556 249
555 249
554 249
553 249
552 249
551 249
550 249
549 249
548 249
547 249
546 249
545 249
544 249
543 249
542 249
541 249
540 249
539 249
538 249
537 249
