550 362
550 363
549 364
549 365
549 366
549 367
549 368
549 369
549 370
549 371
549 372
549 373
549 374
549 375
549 376
549 377
549 378
549 379
549 380
549 381
549 382
549 383
549 384
549 385
549 386
549 387
549 388
549 389
549 390
549 391
549 392
549 393
549 394
549 395
549 396
549 397
549 398
549 399
549 400
549 401
549 402
549 403
549 404
549 405
549 406
549 407
549 408
549 409
549 410
549 411
549 412
549 413
549 414
549 415
549 416
549 417
549 418
549 419
549 420
549 421
549 422
549 423
549 424
549 425
549 426
549 427
549 428
549 429
549 430
549 431
549 432
549 433
549 434
549 435
549 436
549 437
549 438
549 439
549 440
549 441
549 442
549 443
549 444
549 445
549 446
549 447
549 448
549 449
549 450
550 451
551 452
552 452
553 451
554 451
555 451
556 451
557 451
558 451
559 451
560 451
561 451
562 451
563 451
564 450
565 450
566 450
567 450
568 450
569 449
570 449
571 449
572 449
573 448
574 448
575 448
576 447
577 447
578 447
579 446
580 446
581 446
582 445
583 445
584 444
585 444
586 443
587 443
588 442
589 442
590 441
591 440
592 440
593 439
594 438
595 438
596 437
597 436
598 435
599 434
600 433
601 432
602 431
603 430
604 429
605 428
605 427
606 426
607 425
607 424
608 423
608 422
609 421
609 420
610 419
610 418
610 417
611 416
611 415
611 414
611 413
611 412
612 411
612 410
612 409
612 408
612 407
612 406
612 405
612 404
612 403
612 402
611 401
611 400
611 399
611 398
610 397
610 396
610 395
609 394
609 393
608 392
608 391
607 390
607 389
606 388
606 387
605 386
604 385
603 384
603 383
602 382
601 381
600 380
599 379
598 378
597 377
596 377
595 376
594 375
593 374
592 374
591 373
590 372
589 372
588 371
587 371
586 370
585 370
584 369
583 369
582 368
581 368
580 367
579 367
578 367
577 366
576 366
575 366
574 365
573 365
572 365
571 364
570 364
569 364
568 364
567 364
566 363
565 363
564 363
563 363
562 363
561 363
560 362
559 362
558 362
557 362
556 362
555 362
554 362
553 362
552 362
551 362
550 362
