517 188
516 189
515 189
514 189
513 189
512 189
511 189
510 189
509 189
508 189
507 189
506 189
505 189
504 189
503 189
502 190
501 190
500 190
499 190
498 190
497 190
496 190
495 190
494 190
493 191
492 191
491 191
490 191
489 191
488 191
487 191
486 191
485 192
484 192
483 192
482 192
481 192
480 192
479 193
478 193
477 193
476 193
475 193
474 194
473 194
472 194
471 194
470 194
469 195
468 195
467 195
466 195
465 195
464 196
463 196
462 196
461 196
460 197
459 197
458 197
457 197
456 198
455 198
454 198
453 198
452 199
451 199
450 199
449 200
448 200
447 200
446 200
445 201
444 201
443 201
442 202
441 202
440 202
439 203
438 203
437 203
436 204
435 204
434 204
433 205
432 205
431 205
430 206
429 206
428 207
427 207
426 207
425 208
424 208
423 209
422 209
421 209
420 210
419 210
418 211
417 211
416 211
415 212
414 212
413 213
412 213
411 214
410 214
409 215
408 215
407 216
406 216
405 216
404 217
403 217
402 218
401 218
400 219
399 219
398 220
397 221
396 221
395 222
394 222
393 223
392 223
391 224
390 224
389 225
388 225
387 226
386 227
385 227
384 228
383 228
382 229
381 230
380 230
379 231
378 232
377 232
376 233
375 234
374 234
373 235
372 236
371 236
370 237
369 238
368 238
367 239
366 240
365 241
364 241
363 242
362 243
361 243
360 244
359 245
358 246
357 247
356 247
355 248
354 249
353 250
352 251
351 252
350 252
349 253
348 254
347 255
346 256
345 257
344 258
343 259
342 260
341 261
340 262
339 262
338 263
337 264
336 265
336 266
335 267
334 268
333 268
332 268
331 267
330 266
329 266
328 266
327 266
326 266
325 266
324 267
324 268
324 269
324 270
324 271
324 272
324 273
324 274
324 275
324 276
324 277
324 278
324 279
324 280
324 281
324 282
324 283
324 284
324 285
324 286
324 287
324 288
324 289
324 290
324 291
324 292
324 293
324 294
324 295
324 296
324 297
324 298
324 299
324 300
324 301
324 302
324 303
324 304
324 305
324 306
324 307
324 308
324 309
324 310
324 311
324 312
324 313
324 314
324 315
324 316
324 317
324 318
324 319
324 320
324 321
324 322
324 323
324 324
324 325
324 326
324 327
324 328
324 329
324 330
324 331
324 332
324 333
324 334
324 335
324 336
324 337
324 338
324 339
324 340
324 341
324 342
324 343
324 344
324 345
324 346
324 347
324 348
324 349
324 350
324 351
324 352
324 353
324 354
324 355
324 356
324 357
324 358
324 359
324 360
324 361
324 362
324 363
324 364
324 365
324 366
324 367
324 368
324 369
324 370
324 371
324 372
324 373
324 374
324 375
324 376
324 377
324 378
324 379
324 380
324 381
324 382
324 383
324 384
324 385
324 386
324 387
324 388
324 389
324 390
324 391
324 392
324 393
324 394
324 395
324 396
324 397
324 398
324 399
324 400
324 401
324 402
324 403
324 404
324 405
324 406
323 407
323 408
323 409
323 410
323 411
324 412
324 413
324 414
324 415
324 416
324 417
324 418
324 419
324 420
324 421
324 422
324 423
324 424
324 425
324 426
324 427
324 428
324 429
324 430
324 431
324 432
324 433
324 434
324 435
324 436
324 437
324 438
324 439
324 440
324 441
324 442
324 443
324 444
324 445
324 446
324 447
324 448
324 449
324 450
324 451
324 452
324 453
324 454
324 455
324 456
324 457
324 458
324 459
324 460
324 461
324 462
324 463
324 464
324 465
324 466
324 467
324 468
324 469
324 470
324 471
324 472
324 473
324 474
324 475
324 476
324 477
324 478
324 479
324 480
324 481
324 482
324 483
324 484
324 485
324 486
324 487
324 488
324 489
324 490
324 491
324 492
324 493
324 494
324 495
324 496
324 497
324 498
324 499
324 500
324 501
324 502
324 503
324 504
324 505
324 506
324 507
324 508
324 509
324 510
324 511
324 512
324 513
324 514
324 515
324 516
324 517
324 518
324 519
324 520
324 521
324 522
324 523
324 524
324 525
324 526
324 527
324 528
324 529
324 530
324 531
324 532
324 533
324 534
324 535
324 536
324 537
324 538
324 539
324 540
324 541
324 542
324 543
324 544
324 545
324 546
324 547
324 548
324 549
324 550
324 551
325 551
326 552
327 552
328 552
329 552
330 551
331 551
332 550
333 549
334 550
335 551
336 552
337 553
338 554
339 555
340 556
341 557
342 558
343 559
344 560
345 561
346 562
347 562
348 563
349 564
350 565
351 566
352 567
353 568
354 568
355 569
356 570
357 571
358 572
359 572
360 573
361 574
362 575
363 576
364 576
365 577
366 578
367 578
368 579
369 580
370 581
371 581
372 582
373 583
374 583
375 584
376 585
377 585
378 586
379 587
380 587
381 588
382 588
383 589
384 590
385 590
386 591
387 591
388 592
389 593
390 593
391 594
392 594
393 595
394 595
395 596
396 596
397 597
398 597
399 598
400 599
401 599
402 600
403 600
404 601
405 601
406 601
407 602
408 602
409 603
410 603
411 604
412 604
413 605
414 605
415 606
416 606
417 606
418 607
419 607
420 608
421 608
422 609
423 609
424 609
425 610
426 610
427 611
428 611
429 611
430 612
431 612
432 612
433 613
434 613
435 613
436 614
437 614
438 614
439 615
440 615
441 615
442 616
443 616
444 616
445 617
446 617
447 617
448 618
449 618
450 618
451 618
452 619
453 619
454 619
455 620
456 620
457 620
458 620
459 621
460 621
461 621
462 621
463 622
464 622
465 622
466 622
467 622
468 623
469 623
470 623
471 623
472 624
473 624
474 624
475 624
476 624
477 624
478 625
479 625
480 625
481 625
482 625
483 626
484 626
485 626
486 626
487 626
488 626
489 626
490 627
491 627
492 627
493 627
494 627
495 627
496 627
497 627
498 628
499 628
500 628
501 628
502 628
503 628
504 628
505 628
506 628
507 628
508 628
509 629
510 629
511 629
512 629
513 629
514 629
515 629
516 629
517 629
518 629
519 629
520 629
521 629
522 629
523 629
524 629
525 629
526 629
527 629
528 629
529 629
530 629
531 629
532 629
533 629
534 629
535 629
536 629
537 629
538 629
539 629
540 629
541 629
542 629
543 629
544 629
545 629
546 629
547 629
548 629
549 629
550 629
551 629
552 628
553 628
554 628
555 628
556 628
557 628
558 628
559 628
560 628
561 628
562 628
563 627
564 627
565 627
566 627
567 627
568 627
569 627
570 627
571 626
572 626
573 626
574 626
575 626
576 626
577 626
578 625
579 625
580 625
581 625
582 625
583 625
584 624
585 624
586 624
587 624
588 624
589 623
590 623
591 623
592 623
593 623
594 622
595 622
596 622
597 622
598 621
599 621
600 621
601 621
602 620
603 620
604 620
605 620
606 619
607 619
608 619
609 618
610 618
611 618
612 618
613 617
614 617
615 617
616 616
617 616
618 616
619 615
620 615
621 615
622 615
623 614
624 614
625 614
626 613
627 613
628 612
629 612
630 612
631 611
632 611
633 611
634 610
635 610
636 609
637 609
638 609
639 608
640 608
641 607
642 607
643 607
644 606
645 606
646 605
647 605
648 604
649 604
650 604
651 603
652 603
653 602
654 602
655 601
656 601
657 600
658 600
659 599
660 599
661 598
662 598
663 597
664 597
665 596
666 595
667 595
668 594
669 594
670 593
671 593
672 592
673 592
674 591
675 590
676 590
677 589
678 589
679 588
680 587
681 587
682 586
683 585
684 585
685 584
686 583
687 583
688 582
689 581
690 581
691 580
692 579
693 579
694 578
695 577
696 576
697 576
698 575
699 574
700 573
701 573
702 572
703 571
704 570
705 569
706 569
707 568
708 567
709 566
710 565
711 564
712 564
713 563
714 562
715 561
716 560
717 559
718 558
719 557
720 556
721 555
722 554
723 553
724 552
725 551
726 550
727 549
728 548
729 547
730 546
731 545
732 544
733 543
734 542
734 541
735 540
736 539
737 538
738 537
739 536
739 535
740 534
741 533
742 532
743 531
743 530
744 529
745 528
746 527
746 526
747 525
748 524
748 523
749 522
750 521
750 520
751 519
752 518
752 517
753 516
754 515
754 514
755 513
756 512
756 511
757 510
757 509
758 508
759 507
759 506
760 505
760 504
761 503
761 502
762 501
762 500
763 499
763 498
764 497
764 496
765 495
765 494
766 493
766 492
767 491
767 490
768 489
768 488
769 487
769 486
770 485
770 484
770 483
771 482
771 481
772 480
772 479
772 478
773 477
773 476
773 475
774 474
774 473
775 472
775 471
775 470
775 469
776 468
776 467
776 466
777 465
777 464
777 463
778 462
778 461
778 460
778 459
779 458
779 457
779 456
780 455
780 454
780 453
780 452
780 451
781 450
781 449
781 448
781 447
781 446
782 445
782 444
782 443
782 442
782 441
783 440
783 439
783 438
783 437
783 436
783 435
783 434
784 433
784 432
784 431
784 430
784 429
784 428
784 427
784 426
784 425
785 424
785 423
785 422
785 421
785 420
785 419
785 418
785 417
785 416
785 415
785 414
785 413
785 412
785 411
785 410
785 409
785 408
785 407
785 406
785 405
785 404
785 403
785 402
785 401
785 400
785 399
785 398
785 397
785 396
785 395
785 394
784 393
784 392
784 391
784 390
784 389
784 388
784 387
784 386
784 385
784 384
783 383
783 382
783 381
783 380
783 379
783 378
782 377
782 376
782 375
782 374
782 373
782 372
781 371
781 370
781 369
781 368
781 367
780 366
780 365
780 364
780 363
779 362
779 361
779 360
779 359
778 358
778 357
778 356
778 355
777 354
777 353
777 352
776 351
776 350
776 349
775 348
775 347
775 346
774 345
774 344
774 343
773 342
773 341
773 340
772 339
772 338
771 337
771 336
771 335
770 334
770 333
769 332
769 331
768 330
768 329
768 328
767 327
767 326
766 325
766 324
765 323
765 322
764 321
764 320
763 319
763 318
762 317
762 316
761 315
761 314
760 313
759 312
759 311
758 310
758 309
757 308
757 307
756 306
755 305
755 304
754 303
753 302
753 301
752 300
751 299
751 298
750 297
749 296
749 295
748 294
747 293
747 292
746 291
745 290
744 289
744 288
743 287
742 286
741 285
741 284
740 283
739 282
738 281
737 280
736 279
736 278
735 277
734 276
733 275
732 274
731 273
730 272
729 271
729 270
728 269
727 268
726 267
725 266
724 265
723 264
722 263
721 262
720 261
719 260
718 259
717 258
716 258
715 257
714 256
713 255
712 254
711 253
710 252
709 251
708 251
707 250
706 249
705 248
704 247
703 246
702 246
701 245
700 244
699 243
698 243
697 242
696 241
695 240
694 240
693 239
692 238
691 237
690 237
689 236
688 235
687 235
686 234
685 233
684 233
683 232
682 231
681 231
680 230
679 230
678 229
677 228
676 228
675 227
674 227
673 226
672 225
671 225
670 224
669 224
668 223
667 223
666 222
665 221
664 221
663 220
662 220
661 219
660 219
659 218
658 218
657 217
656 217
655 216
654 216
653 215
652 215
651 214
650 214
649 214
648 213
647 213
646 212
645 212
644 211
643 211
642 210
641 210
640 210
639 209
638 209
637 208
636 208
635 208
634 207
633 207
632 207
631 206
630 206
629 205
628 205
627 205
626 204
625 204
624 204
623 203
622 203
621 203
620 202
619 202
618 202
617 201
616 201
615 201
614 200
613 200
612 200
611 200
610 199
609 199
608 199
607 198
606 198
605 198
604 198
603 197
602 197
601 197
600 197
599 196
598 196
597 196
596 196
595 195
594 195
593 195
592 195
591 195
590 194
589 194
588 194
587 194
586 194
585 193
584 193
583 193
582 193
581 193
580 192
579 192
578 192
577 192
576 192
575 192
574 191
573 191
572 191
571 191
570 191
569 191
568 191
567 190
566 190
565 190
564 190
563 190
562 190
561 190
560 190
559 190
558 190
557 189
556 189
555 189
554 189
553 189
552 189
551 189
550 189
549 189
548 189
547 189
546 189
545 189
544 189
543 188
542 188
541 188
540 188
539 188
538 188
537 188
536 188
535 188
534 188
533 188
532 188
531 188
530 188
529 188
528 188
527 188
526 188
525 188
524 188
523 188
522 188
521 188
520 188
519 188
518 188
517 188
