537 332
536 333
535 333
534 333
533 334
532 334
531 334
530 335
529 335
528 335
527 336
526 336
525 337
524 337
523 337
522 338
521 338
520 339
519 339
518 340
517 340
516 340
515 341
514 341
513 342
512 342
511 342
510 343
509 343
508 344
507 344
506 344
505 345
504 345
503 346
502 346
501 346
500 347
499 347
498 348
497 349
496 349
496 350
495 351
495 352
495 353
495 354
495 355
495 356
495 357
495 358
495 359
495 360
495 361
495 362
495 363
495 364
495 365
495 366
495 367
495 368
495 369
495 370
495 371
495 372
495 373
495 374
495 375
495 376
495 377
495 378
495 379
495 380
495 381
495 382
495 383
495 384
495 385
495 386
495 387
495 388
495 389
495 390
495 391
495 392
495 393
495 394
495 395
495 396
495 397
495 398
495 399
495 400
495 401
495 402
495 403
495 404
495 405
495 406
495 407
495 408
495 409
495 410
495 411
495 412
495 413
495 414
495 415
495 416
495 417
495 418
495 419
495 420
495 421
495 422
495 423
495 424
495 425
495 426
495 427
495 428
495 429
495 430
495 431
495 432
495 433
495 434
495 435
495 436
495 437
495 438
495 439
495 440
495 441
495 442
495 443
495 444
495 445
495 446
495 447
495 448
495 449
495 450
495 451
495 452
495 453
496 454
497 455
498 456
499 456
500 457
501 457
502 457
503 458
504 458
505 459
506 459
507 459
508 460
509 460
510 461
511 461
512 461
513 462
514 462
515 463
516 463
517 464
518 464
519 464
520 465
521 465
522 466
523 466
524 466
525 467
526 467
527 468
528 468
529 468
530 469
531 469
532 470
533 470
534 470
535 470
536 471
537 471
538 471
539 471
540 472
541 472
542 472
543 472
544 472
545 472
546 472
547 472
548 472
549 471
550 471
551 471
552 471
553 470
554 470
555 470
556 469
557 469
558 468
559 468
560 467
561 467
562 466
563 465
564 464
565 464
566 463
567 462
568 461
569 460
570 459
571 458
572 457
573 456
574 455
575 454
575 453
576 452
577 451
578 450
578 449
579 448
580 447
580 446
581 445
582 444
582 443
583 442
583 441
584 440
584 439
585 438
585 437
586 436
586 435
587 434
587 433
587 432
588 431
588 430
589 429
589 428
589 427
590 426
590 425
590 424
590 423
591 422
591 421
591 420
591 419
592 418
592 417
592 416
592 415
592 414
592 413
592 412
593 411
593 410
593 409
593 408
593 407
593 406
593 405
593 404
593 403
593 402
593 401
593 400
593 399
593 398
593 397
593 396
593 395
593 394
593 393
593 392
592 391
592 390
592 389
592 388
592 387
592 386
591 385
591 384
591 383
591 382
591 381
590 380
590 379
590 378
589 377
589 376
589 375
588 374
588 373
588 372
587 371
587 370
586 369
586 368
586 367
585 366
585 365
584 364
584 363
583 362
583 361
582 360
581 359
581 358
580 357
580 356
579 355
578 354
577 353
577 352
576 351
575 350
574 349
573 348
573 347
572 346
571 345
570 344
569 343
568 342
567 341
566 341
565 340
564 339
563 338
562 337
561 337
560 336
559 336
558 335
557 335
556 334
555 334
554 333
553 333
552 333
551 332
550 332
549 332
548 332
547 332
546 332
545 332
544 332
543 332
542 332
541 332
540 332
539 332
538 332
537 332
