560 337
559 338
558 338
557 338
556 338
555 338
554 339
553 339
552 339
551 340
550 340
549 340
548 341
547 341
546 341
545 342
544 342
543 342
542 342
541 343
540 343
539 343
538 344
537 344
536 344
535 345
534 345
533 345
532 346
531 346
530 346
529 347
528 347
527 347
526 348
525 348
524 348
523 349
522 349
521 349
520 350
519 350
518 350
517 351
516 351
515 351
514 352
513 352
512 352
511 353
510 353
509 353
508 354
507 354
506 354
505 355
504 355
503 355
502 356
501 356
500 357
500 358
499 359
499 360
499 361
499 362
499 363
499 364
499 365
499 366
499 367
499 368
499 369
499 370
499 371
499 372
499 373
499 374
499 375
499 376
499 377
499 378
499 379
499 380
499 381
499 382
499 383
499 384
499 385
499 386
499 387
499 388
499 389
499 390
499 391
499 392
499 393
499 394
499 395
499 396
499 397
499 398
499 399
499 400
499 401
499 402
499 403
499 404
499 405
499 406
499 407
499 408
499 409
499 410
499 411
499 412
499 413
499 414
499 415
499 416
499 417
499 418
499 419
499 420
499 421
499 422
499 423
499 424
499 425
499 426
499 427
499 428
499 429
499 430
499 431
499 432
499 433
499 434
499 435
499 436
499 437
499 438
499 439
499 440
499 441
499 442
499 443
499 444
499 445
499 446
500 447
500 448
501 449
502 450
503 450
504 450
505 451
506 451
507 451
508 452
509 452
510 452
511 453
512 453
513 453
514 454
515 454
516 454
517 455
518 455
519 455
520 456
521 456
522 456
523 457
524 457
525 457
526 458
527 458
528 458
529 459
530 459
531 459
532 460
533 460
534 460
535 461
536 461
537 461
538 462
539 462
540 462
541 463
542 463
543 463
544 464
545 464
546 464
547 465
548 465
549 465
550 466
551 466
552 466
553 466
554 467
555 467
556 467
557 468
558 468
559 468
560 468
561 468
562 468
563 468
564 468
565 468
566 468
567 468
568 468
569 468
570 467
571 467
572 466
573 465
574 464
575 464
576 463
577 462
578 461
579 460
580 459
581 458
582 457
582 456
583 455
584 454
585 453
586 452
587 451
587 450
588 449
589 448
589 447
590 446
591 445
591 444
592 443
593 442
593 441
594 440
595 439
595 438
596 437
596 436
597 435
597 434
598 433
599 432
599 431
600 430
600 429
601 428
601 427
602 426
602 425
603 424
603 423
603 422
604 421
604 420
605 419
605 418
605 417
606 416
606 415
607 414
607 413
607 412
608 411
608 410
608 409
608 408
609 407
609 406
609 405
609 404
609 403
609 402
609 401
609 400
609 399
609 398
608 397
608 396
608 395
607 394
607 393
607 392
606 391
606 390
606 389
605 388
605 387
605 386
604 385
604 384
603 383
603 382
602 381
602 380
601 379
601 378
600 377
600 376
599 375
599 374
598 373
598 372
597 371
597 370
596 369
596 368
595 367
594 366
594 365
593 364
593 363
592 362
591 361
590 360
590 359
589 358
588 357
588 356
587 355
586 354
585 353
585 352
584 351
583 350
582 349
581 348
580 347
579 346
578 345
577 344
576 343
575 342
574 341
573 340
572 339
571 339
570 338
569 338
568 337
567 337
566 337
565 337
564 337
563 337
562 337
561 337
560 337
