539 338
538 339
537 339
536 339
535 339
534 340
533 340
532 341
531 341
530 341
529 342
528 342
527 342
526 343
525 343
524 343
523 344
522 344
521 345
520 345
519 345
518 346
517 346
516 346
515 347
514 347
513 347
512 348
511 348
510 348
509 349
508 349
507 350
506 350
505 350
504 351
503 351
502 351
501 352
500 352
499 352
498 353
497 353
496 354
495 355
495 356
494 357
494 358
494 359
494 360
494 361
494 362
494 363
494 364
494 365
494 366
494 367
494 368
494 369
494 370
494 371
494 372
494 373
494 374
494 375
494 376
494 377
494 378
494 379
494 380
494 381
494 382
494 383
494 384
494 385
494 386
494 387
494 388
494 389
494 390
494 391
494 392
494 393
494 394
494 395
494 396
494 397
494 398
494 399
494 400
494 401
494 402
494 403
494 404
494 405
494 406
494 407
494 408
494 409
494 410
494 411
494 412
494 413
494 414
494 415
494 416
494 417
494 418
494 419
494 420
494 421
494 422
494 423
494 424
494 425
494 426
494 427
494 428
494 429
494 430
494 431
494 432
494 433
494 434
494 435
494 436
494 437
494 438
494 439
494 440
494 441
494 442
494 443
494 444
494 445
494 446
494 447
494 448
494 449
494 450
494 451
494 452
494 453
494 454
494 455
494 456
495 457
495 458
496 459
497 459
498 460
499 460
500 461
501 461
502 461
503 462
504 462
505 462
506 463
507 463
508 464
509 464
510 464
511 465
512 465
513 465
514 466
515 466
516 466
517 467
518 467
519 467
520 468
521 468
522 469
523 469
524 469
525 470
526 470
527 470
528 471
529 471
530 471
531 472
532 472
533 473
534 473
535 473
536 474
537 474
538 474
539 474
540 474
541 475
542 475
543 475
544 475
545 474
546 474
547 474
548 474
549 473
550 473
551 472
552 471
553 470
554 469
555 468
555 467
556 466
557 465
557 464
558 463
559 462
559 461
560 460
560 459
561 458
561 457
562 456
562 455
562 454
563 453
563 452
564 451
564 450
564 449
565 448
565 447
565 446
565 445
566 444
566 443
566 442
567 441
567 440
567 439
567 438
567 437
568 436
568 435
568 434
568 433
568 432
569 431
569 430
569 429
569 428
569 427
569 426
569 425
570 424
570 423
570 422
570 421
570 420
570 419
570 418
570 417
570 416
570 415
570 414
570 413
570 412
571 411
571 410
571 409
571 408
571 407
571 406
571 405
571 404
571 403
571 402
570 401
570 400
570 399
570 398
570 397
570 396
570 395
570 394
570 393
570 392
570 391
570 390
570 389
569 388
569 387
569 386
569 385
569 384
569 383
569 382
568 381
568 380
568 379
568 378
568 377
568 376
567 375
567 374
567 373
567 372
566 371
566 370
566 369
566 368
565 367
565 366
565 365
564 364
564 363
564 362
563 361
563 360
562 359
562 358
562 357
561 356
561 355
560 354
560 353
559 352
559 351
558 350
558 349
557 348
556 347
556 346
555 345
554 344
553 343
553 342
552 341
551 341
550 340
549 339
548 339
547 339
546 339
545 338
544 338
543 338
542 338
541 338
540 338
539 338
