548 316
547 317
546 317
545 317
544 317
543 318
542 318
541 319
540 319
539 319
538 320
537 320
536 321
535 322
534 322
533 323
532 324
531 324
530 325
529 326
528 327
527 328
526 329
525 329
524 330
523 331
522 332
522 333
521 334
520 335
519 336
518 337
517 338
516 339
515 340
515 341
514 342
513 343
512 344
511 345
511 346
510 347
509 348
508 349
507 350
506 351
505 351
504 351
503 350
502 349
501 348
500 348
499 347
498 346
497 345
496 345
495 344
494 343
493 342
492 342
491 341
490 340
489 339
488 338
487 338
486 337
485 336
484 336
483 335
482 335
481 334
480 334
479 334
478 334
477 334
476 335
475 336
475 337
475 338
475 339
475 340
475 341
475 342
475 343
475 344
475 345
475 346
475 347
475 348
475 349
475 350
475 351
475 352
475 353
475 354
475 355
475 356
475 357
475 358
475 359
475 360
475 361
475 362
475 363
475 364
475 365
475 366
475 367
475 368
475 369
475 370
475 371
475 372
475 373
475 374
475 375
475 376
475 377
475 378
475 379
475 380
475 381
475 382
475 383
475 384
475 385
475 386
475 387
475 388
475 389
475 390
475 391
475 392
475 393
475 394
475 395
475 396
475 397
475 398
475 399
475 400
475 401
475 402
475 403
475 404
475 405
475 406
475 407
475 408
475 409
475 410
475 411
475 412
475 413
475 414
475 415
475 416
475 417
475 418
475 419
475 420
475 421
475 422
475 423
475 424
475 425
475 426
475 427
475 428
475 429
475 430
475 431
475 432
475 433
475 434
475 435
475 436
475 437
475 438
475 439
475 440
475 441
475 442
475 443
475 444
475 445
475 446
475 447
475 448
475 449
475 450
475 451
475 452
475 453
475 454
475 455
475 456
475 457
475 458
475 459
475 460
475 461
475 462
476 463
477 464
478 464
479 464
480 464
481 464
482 464
483 463
484 463
485 462
486 461
487 461
488 460
489 459
490 458
491 458
492 457
493 456
494 455
495 455
496 454
497 453
498 452
499 452
500 451
501 450
502 449
503 448
504 448
505 447
506 447
507 448
508 449
509 450
509 451
510 452
511 453
512 454
513 455
513 456
514 457
515 458
516 459
517 460
518 461
518 462
519 463
520 464
521 465
522 466
523 467
524 468
525 469
526 470
527 471
528 472
529 473
530 473
531 474
532 475
533 476
534 476
535 477
536 477
537 478
538 478
539 479
540 479
541 480
542 480
543 481
544 481
545 481
546 482
547 482
548 482
549 482
550 482
551 483
552 483
553 483
554 483
555 483
556 483
557 483
558 482
559 482
560 482
561 482
562 482
563 481
564 481
565 480
566 480
567 480
568 479
569 478
570 478
571 477
572 476
573 476
574 475
575 474
576 473
577 472
578 472
579 471
580 470
581 469
582 468
583 467
584 466
585 465
586 464
586 463
587 462
588 461
589 460
590 459
591 458
591 457
592 456
593 455
594 454
594 453
595 452
596 451
597 450
597 449
598 448
599 447
599 446
600 445
600 444
601 443
602 442
602 441
603 440
603 439
604 438
604 437
605 436
605 435
606 434
606 433
607 432
607 431
608 430
608 429
609 428
609 427
609 426
610 425
610 424
610 423
611 422
611 421
611 420
612 419
612 418
612 417
613 416
613 415
613 414
613 413
614 412
614 411
614 410
614 409
614 408
614 407
615 406
615 405
615 404
615 403
615 402
615 401
615 400
615 399
615 398
615 397
615 396
615 395
615 394
615 393
615 392
614 391
614 390
614 389
614 388
614 387
614 386
613 385
613 384
613 383
613 382
612 381
612 380
612 379
611 378
611 377
611 376
610 375
610 374
610 373
609 372
609 371
608 370
608 369
607 368
607 367
607 366
606 365
606 364
605 363
605 362
604 361
604 360
603 359
602 358
602 357
601 356
601 355
600 354
599 353
599 352
598 351
598 350
597 349
596 348
595 347
595 346
594 345
593 344
593 343
592 342
591 341
590 340
589 339
589 338
588 337
587 336
586 335
585 334
584 333
583 332
582 331
581 330
580 329
579 328
578 327
577 326
576 325
575 324
574 324
573 323
572 322
571 321
570 321
569 320
568 319
567 319
566 318
565 318
564 318
563 317
562 317
561 317
560 316
559 316
558 316
557 316
556 316
555 316
554 316
553 316
552 316
551 316
550 316
549 316
548 316
