523 339
522 340
522 341
522 342
522 343
522 344
522 345
522 346
522 347
522 348
522 349
522 350
522 351
522 352
522 353
522 354
522 355
522 356
522 357
522 358
522 359
522 360
522 361
522 362
522 363
522 364
522 365
522 366
522 367
522 368
522 369
522 370
522 371
522 372
522 373
522 374
522 375
522 376
522 377
522 378
522 379
522 380
522 381
522 382
522 383
522 384
522 385
522 386
522 387
522 388
522 389
522 390
522 391
522 392
522 393
522 394
522 395
522 396
522 397
522 398
522 399
522 400
522 401
522 402
522 403
522 404
522 405
522 406
522 407
522 408
522 409
522 410
522 411
522 412
522 413
522 414
522 415
522 416
522 417
522 418
522 419
522 420
522 421
522 422
522 423
522 424
522 425
522 426
522 427
522 428
522 429
522 430
522 431
522 432
522 433
522 434
522 435
522 436
522 437
522 438
522 439
522 440
522 441
522 442
522 443
522 444
522 445
522 446
522 447
522 448
522 449
522 450
522 451
522 452
522 453
522 454
522 455
522 456
522 457
522 458
522 459
522 460
522 461
522 462
522 463
522 464
522 465
522 466
522 467
522 468
522 469
522 470
522 471
522 472
522 473
522 474
522 475
522 476
522 477
523 478
524 478
525 478
526 478
527 478
528 477
529 476
530 476
531 475
532 474
533 473
534 472
535 471
536 470
537 469
538 468
539 468
540 467
541 466
542 465
543 464
544 463
545 462
546 461
547 460
548 459
548 458
549 457
550 456
551 455
552 454
553 453
553 452
554 451
555 450
555 449
556 448
557 447
557 446
558 445
558 444
559 443
559 442
560 441
560 440
561 439
561 438
561 437
562 436
562 435
563 434
563 433
563 432
564 431
564 430
564 429
565 428
565 427
565 426
565 425
566 424
566 423
566 422
566 421
566 420
567 419
567 418
567 417
567 416
567 415
567 414
567 413
567 412
567 411
568 410
568 409
568 408
568 407
567 406
567 405
567 404
567 403
567 402
567 401
567 400
567 399
567 398
566 397
566 396
566 395
566 394
566 393
565 392
565 391
565 390
565 389
564 388
564 387
564 386
563 385
563 384
563 383
562 382
562 381
561 380
561 379
561 378
560 377
560 376
559 375
559 374
558 373
558 372
557 371
556 370
556 369
555 368
555 367
554 366
553 365
552 364
552 363
551 362
550 361
549 360
548 359
547 358
546 357
545 356
544 355
543 354
542 353
541 352
540 351
539 350
538 349
537 348
536 347
535 346
534 345
533 344
532 343
531 342
530 342
529 341
528 340
527 340
526 339
525 339
524 339
523 339
