588 330
587 331
586 331
585 331
584 331
583 332
582 332
581 332
580 332
579 333
578 333
577 333
576 333
575 334
574 334
573 334
572 334
571 335
570 335
569 335
568 336
567 336
566 336
565 336
564 337
563 337
562 337
561 338
560 338
559 338
558 339
557 339
556 339
555 340
554 340
553 340
552 341
551 341
550 341
549 342
548 342
547 342
546 343
545 343
544 343
543 344
542 344
541 344
540 345
539 345
538 345
537 346
536 346
535 347
534 347
533 347
532 348
531 348
530 349
529 349
528 349
527 350
526 350
525 351
524 351
523 352
522 352
521 352
520 353
519 353
518 354
517 354
516 355
515 355
514 356
513 356
512 357
511 357
510 358
509 358
508 358
507 358
506 358
505 358
504 359
503 359
502 359
501 360
500 360
499 361
498 361
497 361
496 361
495 360
494 360
493 359
492 359
491 359
490 359
489 359
488 359
487 360
486 360
486 361
485 362
485 363
485 364
485 365
485 366
485 367
485 368
485 369
485 370
485 371
485 372
485 373
485 374
485 375
485 376
485 377
485 378
485 379
485 380
485 381
485 382
485 383
485 384
485 385
485 386
485 387
485 388
485 389
485 390
485 391
485 392
485 393
485 394
485 395
485 396
485 397
485 398
485 399
485 400
485 401
485 402
485 403
485 404
485 405
485 406
485 407
485 408
485 409
485 410
485 411
485 412
485 413
485 414
485 415
485 416
485 417
485 418
485 419
485 420
485 421
485 422
485 423
485 424
485 425
485 426
485 427
485 428
485 429
485 430
485 431
485 432
485 433
485 434
485 435
485 436
485 437
485 438
485 439
485 440
485 441
485 442
485 443
485 444
485 445
486 446
486 447
487 448
488 448
489 448
490 448
491 448
492 448
493 448
494 447
495 447
496 446
497 446
498 446
499 446
500 447
501 447
502 448
503 448
504 448
505 449
506 449
507 449
508 449
509 449
510 450
511 450
512 450
513 451
514 451
515 452
516 452
517 453
518 453
519 454
520 454
521 455
522 455
523 455
524 456
525 456
526 457
527 457
528 458
529 458
530 458
531 459
532 459
533 460
534 460
535 460
536 461
537 461
538 462
539 462
540 462
541 463
542 463
543 463
544 464
545 464
546 464
547 465
548 465
549 465
550 466
551 466
552 466
553 467
554 467
555 468
556 468
557 468
558 468
559 469
560 469
561 469
562 470
563 470
564 470
565 471
566 471
567 471
568 471
569 472
570 472
571 472
572 473
573 473
574 473
575 473
576 474
577 474
578 474
579 474
580 475
581 475
582 475
583 475
584 476
585 476
586 476
587 476
588 477
589 477
590 477
591 477
592 477
593 477
594 477
595 477
596 477
597 476
598 476
599 475
600 474
601 474
602 473
603 472
604 471
605 471
606 470
607 469
608 468
609 468
610 467
611 466
612 465
613 464
614 463
615 463
616 462
617 461
618 460
619 459
620 458
621 457
622 456
623 455
624 454
625 453
626 452
626 451
627 450
628 449
629 448
630 447
630 446
631 445
632 444
633 443
633 442
634 441
634 440
635 439
636 438
636 437
637 436
637 435
638 434
638 433
639 432
639 431
640 430
640 429
640 428
641 427
641 426
641 425
642 424
642 423
642 422
643 421
643 420
643 419
643 418
644 417
644 416
644 415
644 414
644 413
644 412
644 411
645 410
645 409
645 408
645 407
645 406
645 405
645 404
645 403
645 402
645 401
645 400
645 399
645 398
645 397
644 396
644 395
644 394
644 393
644 392
644 391
644 390
643 389
643 388
643 387
643 386
642 385
642 384
642 383
641 382
641 381
641 380
640 379
640 378
640 377
639 376
639 375
638 374
638 373
637 372
637 371
636 370
636 369
635 368
634 367
634 366
633 365
632 364
632 363
631 362
630 361
630 360
629 359
628 358
627 357
626 356
626 355
625 354
624 353
623 352
622 351
621 350
620 349
619 348
618 347
617 346
616 345
615 344
614 344
613 343
612 342
611 341
610 340
609 339
608 339
607 338
606 337
605 336
604 336
603 335
602 334
601 334
600 333
599 332
598 331
597 331
596 330
595 330
594 330
593 330
592 330
591 330
590 330
589 330
588 330
