468 279
467 280
466 280
465 280
464 280
463 280
462 280
461 280
460 280
459 280
458 280
457 280
456 281
455 281
454 281
453 281
452 281
451 281
450 281
449 282
448 282
447 282
446 282
445 282
444 282
443 282
442 283
441 283
440 283
439 283
438 283
437 284
436 284
435 284
434 284
433 285
432 285
431 285
430 285
429 286
428 286
427 286
426 286
425 287
424 287
423 287
422 287
421 288
420 288
419 288
418 289
417 289
416 289
415 290
414 290
413 290
412 291
411 291
410 291
409 292
408 292
407 292
406 293
405 292
404 291
404 290
403 289
402 288
401 287
400 287
399 287
398 288
397 289
397 290
396 291
395 292
394 293
393 294
392 295
392 296
392 297
392 298
392 299
392 300
392 301
392 302
392 303
392 304
392 305
392 306
392 307
392 308
392 309
392 310
392 311
392 312
392 313
392 314
392 315
392 316
392 317
392 318
392 319
392 320
392 321
392 322
392 323
392 324
392 325
392 326
392 327
392 328
392 329
392 330
392 331
392 332
392 333
392 334
392 335
392 336
392 337
392 338
392 339
392 340
392 341
392 342
392 343
392 344
392 345
392 346
392 347
392 348
392 349
392 350
392 351
392 352
392 353
392 354
392 355
392 356
392 357
392 358
392 359
392 360
392 361
392 362
392 363
392 364
392 365
392 366
392 367
392 368
392 369
392 370
392 371
392 372
392 373
392 374
392 375
392 376
392 377
392 378
392 379
392 380
392 381
392 382
392 383
392 384
392 385
392 386
392 387
392 388
392 389
392 390
392 391
392 392
392 393
392 394
392 395
392 396
392 397
392 398
392 399
392 400
392 401
392 402
392 403
392 404
392 405
392 406
392 407
392 408
392 409
392 410
392 411
392 412
392 413
392 414
392 415
392 416
392 417
392 418
392 419
392 420
392 421
392 422
392 423
392 424
392 425
392 426
392 427
392 428
392 429
392 430
392 431
392 432
392 433
392 434
392 435
392 436
392 437
392 438
392 439
392 440
392 441
392 442
392 443
392 444
392 445
392 446
392 447
392 448
392 449
392 450
392 451
392 452
392 453
392 454
392 455
392 456
392 457
392 458
392 459
392 460
392 461
392 462
392 463
392 464
392 465
392 466
392 467
392 468
392 469
392 470
392 471
392 472
392 473
392 474
392 475
392 476
392 477
392 478
392 479
392 480
392 481
392 482
392 483
392 484
392 485
392 486
392 487
392 488
392 489
392 490
392 491
392 492
392 493
392 494
392 495
392 496
392 497
392 498
392 499
392 500
392 501
392 502
392 503
392 504
392 505
392 506
392 507
392 508
392 509
392 510
393 511
394 511
395 512
396 513
396 514
397 515
398 516
399 517
400 517
401 517
402 517
403 516
403 515
404 514
405 513
405 512
406 511
407 512
408 512
409 512
410 513
411 513
412 513
413 514
414 514
415 515
416 515
417 515
418 515
419 516
420 516
421 516
422 517
423 517
424 517
425 518
426 518
427 518
428 518
429 519
430 519
431 519
432 519
433 520
434 520
435 520
436 520
437 520
438 521
439 521
440 521
441 521
442 521
443 522
444 522
445 522
446 522
447 522
448 522
449 523
450 523
451 523
452 523
453 523
454 523
455 523
456 524
457 524
458 524
459 524
460 524
461 524
462 524
463 524
464 524
465 524
466 525
467 525
468 525
469 525
470 525
471 525
472 525
473 525
474 525
475 525
476 525
477 525
478 525
479 525
480 525
481 525
482 525
483 525
484 525
485 525
486 525
487 525
488 525
489 525
490 525
491 525
492 525
493 525
494 525
495 525
496 525
497 525
498 525
499 525
500 524
501 524
502 524
503 524
504 524
505 524
506 524
507 524
508 524
509 523
510 523
511 523
512 523
513 523
514 523
515 523
516 523
517 522
518 522
519 522
520 522
521 522
522 521
523 521
524 521
525 521
526 521
527 520
528 520
529 520
530 520
531 520
532 519
533 519
534 519
535 519
536 518
537 518
538 518
539 518
540 517
541 517
542 517
543 516
544 516
545 516
546 515
547 515
548 515
549 514
550 514
551 514
552 513
553 513
554 513
555 512
556 512
557 512
558 511
559 511
560 510
561 510
562 510
563 509
564 509
565 508
566 508
567 507
568 507
569 507
570 506
571 506
572 505
573 505
574 504
575 504
576 503
577 503
578 502
579 502
580 501
581 500
582 500
583 499
584 499
585 498
586 497
587 497
588 496
589 496
590 495
591 494
592 494
593 493
594 492
595 492
596 491
597 490
598 489
599 489
600 488
601 487
602 486
603 486
604 485
605 484
606 483
607 482
608 481
609 480
610 479
611 479
612 478
613 477
614 476
615 475
616 474
616 473
617 472
618 471
619 470
620 469
621 468
622 467
623 466
623 465
624 464
625 463
626 462
626 461
627 460
628 459
629 458
629 457
630 456
631 455
631 454
632 453
632 452
633 451
633 450
634 449
635 448
635 447
636 446
636 445
637 444
637 443
638 442
638 441
638 440
639 439
639 438
640 437
640 436
640 435
641 434
641 433
641 432
642 431
642 430
642 429
643 428
643 427
643 426
643 425
644 424
644 423
644 422
644 421
645 420
645 419
645 418
645 417
645 416
645 415
646 414
646 413
646 412
646 411
646 410
646 409
646 408
646 407
646 406
646 405
646 404
647 403
647 402
647 401
646 400
646 399
646 398
646 397
646 396
646 395
646 394
646 393
646 392
646 391
646 390
645 389
645 388
645 387
645 386
645 385
645 384
644 383
644 382
644 381
644 380
643 379
643 378
643 377
643 376
642 375
642 374
642 373
641 372
641 371
641 370
640 369
640 368
640 367
639 366
639 365
638 364
638 363
637 362
637 361
637 360
636 359
636 358
635 357
634 356
634 355
633 354
633 353
632 352
632 351
631 350
630 349
630 348
629 347
628 346
628 345
627 344
626 343
626 342
625 341
624 340
623 339
622 338
622 337
621 336
620 335
619 334
618 333
617 332
616 331
615 330
614 329
613 328
612 327
611 326
610 325
609 324
608 323
607 322
606 321
605 320
604 319
603 319
602 318
601 317
600 316
599 315
598 315
597 314
596 313
595 313
594 312
593 311
592 310
591 310
590 309
589 309
588 308
587 307
586 307
585 306
584 305
583 305
582 304
581 304
580 303
579 303
578 302
577 302
576 301
575 301
574 300
573 299
572 299
571 299
570 298
569 298
568 297
567 297
566 296
565 296
564 295
563 295
562 295
561 294
560 294
559 293
558 293
557 293
556 292
555 292
554 291
553 291
552 291
551 290
550 290
549 290
548 289
547 289
546 289
545 288
544 288
543 288
542 287
541 287
540 287
539 287
538 286
537 286
536 286
535 286
534 285
533 285
532 285
531 285
530 284
529 284
528 284
527 284
526 283
525 283
524 283
523 283
522 283
521 282
520 282
519 282
518 282
517 282
516 282
515 281
514 281
513 281
512 281
511 281
510 281
509 281
508 281
507 280
506 280
505 280
504 280
503 280
502 280
501 280
500 280
499 280
498 280
497 279
496 279
495 279
494 279
493 279
492 279
491 279
490 279
489 279
488 279
487 279
486 279
485 279
484 279
483 279
482 279
481 279
480 279
479 279
478 279
477 279
476 279
475 279
474 279
473 279
472 279
471 279
470 279
469 279
468 279
