561 330
560 331
559 331
558 331
557 331
556 331
555 331
554 332
553 332
552 332
551 332
550 333
549 333
548 333
547 334
546 334
545 334
544 335
543 335
542 336
541 336
540 337
539 337
538 338
537 338
536 339
535 339
534 340
533 340
532 341
531 341
530 342
529 342
528 343
527 344
526 344
525 345
524 346
523 346
522 347
521 348
520 349
519 350
518 350
517 351
516 352
515 353
514 354
513 355
513 356
512 357
511 358
510 358
509 358
508 358
507 357
506 356
505 355
504 355
503 355
502 354
501 353
500 353
499 352
498 352
497 352
496 351
495 350
494 349
493 349
492 348
491 349
490 349
489 348
488 347
487 346
486 346
485 346
484 345
483 344
482 344
481 344
480 343
479 342
478 341
477 341
476 341
475 341
474 340
473 339
472 338
471 338
470 337
469 338
468 338
467 339
466 340
466 341
466 342
466 343
466 344
466 345
466 346
466 347
466 348
466 349
466 350
466 351
466 352
466 353
466 354
466 355
466 356
466 357
466 358
466 359
466 360
466 361
466 362
466 363
466 364
466 365
466 366
466 367
466 368
466 369
466 370
466 371
466 372
466 373
466 374
466 375
466 376
466 377
466 378
466 379
466 380
466 381
466 382
466 383
466 384
466 385
466 386
466 387
466 388
466 389
466 390
466 391
466 392
466 393
466 394
466 395
466 396
466 397
466 398
466 399
466 400
466 401
466 402
466 403
466 404
466 405
466 406
466 407
466 408
466 409
466 410
466 411
466 412
466 413
466 414
466 415
466 416
466 417
466 418
466 419
466 420
466 421
466 422
466 423
466 424
466 425
466 426
466 427
466 428
466 429
466 430
466 431
466 432
466 433
466 434
466 435
466 436
466 437
466 438
466 439
466 440
466 441
466 442
466 443
466 444
466 445
466 446
466 447
466 448
466 449
466 450
466 451
466 452
466 453
466 454
466 455
466 456
466 457
466 458
466 459
466 460
466 461
466 462
466 463
466 464
466 465
466 466
466 467
466 468
466 469
466 470
466 471
466 472
466 473
466 474
467 475
468 475
469 476
470 476
471 476
472 476
473 475
474 474
475 473
476 472
477 472
478 472
479 472
479 471
480 470
481 470
482 470
483 469
484 468
485 467
486 467
487 467
488 467
489 466
490 465
491 465
492 465
493 465
494 465
495 464
496 463
496 462
497 461
498 461
499 461
500 461
501 460
502 459
503 459
504 458
505 458
506 457
507 456
508 456
509 456
510 455
511 456
512 457
513 458
514 459
515 460
516 461
517 462
518 463
519 464
520 465
521 466
522 466
523 467
524 468
525 468
526 469
527 470
528 470
529 471
530 472
531 472
532 473
533 473
534 474
535 474
536 475
537 475
538 476
539 476
540 477
541 477
542 478
543 478
544 479
545 479
546 479
547 480
548 480
549 481
550 481
551 481
552 481
553 482
554 482
555 482
556 482
557 482
558 483
559 483
560 483
561 483
562 483
563 483
564 483
565 483
566 483
567 483
568 483
569 483
570 483
571 483
572 483
573 483
574 483
575 482
576 482
577 482
578 482
579 481
580 481
581 480
582 480
583 479
584 478
585 478
586 477
587 476
588 476
589 475
590 474
591 473
592 472
593 471
594 470
595 469
596 468
597 467
598 466
599 465
599 464
600 463
601 462
602 461
602 460
603 459
604 458
604 457
605 456
605 455
606 454
607 453
607 452
608 451
608 450
609 449
609 448
610 447
610 446
610 445
611 444
611 443
612 442
612 441
612 440
613 439
613 438
613 437
614 436
614 435
614 434
615 433
615 432
615 431
615 430
616 429
616 428
616 427
616 426
617 425
617 424
617 423
617 422
617 421
617 420
618 419
618 418
618 417
618 416
618 415
618 414
618 413
618 412
618 411
618 410
618 409
619 408
619 407
619 406
619 405
618 404
618 403
618 402
618 401
618 400
618 399
618 398
618 397
618 396
618 395
618 394
617 393
617 392
617 391
617 390
617 389
617 388
616 387
616 386
616 385
616 384
615 383
615 382
615 381
615 380
614 379
614 378
614 377
613 376
613 375
613 374
612 373
612 372
612 371
611 370
611 369
610 368
610 367
609 366
609 365
608 364
608 363
607 362
607 361
606 360
606 359
605 358
605 357
604 356
603 355
603 354
602 353
601 352
601 351
600 350
599 349
598 348
597 347
596 346
596 345
595 344
594 343
593 342
592 341
591 340
590 340
589 339
588 338
587 337
586 336
585 336
584 335
583 334
582 334
581 333
580 333
579 332
578 332
577 332
576 331
575 331
574 331
573 331
572 330
571 330
570 330
569 330
568 330
567 330
566 330
565 330
564 330
563 330
562 330
561 330
