556 321
555 322
554 322
553 322
552 322
551 322
550 322
549 323
548 323
547 323
546 323
545 324
544 324
543 324
542 325
541 325
540 325
539 326
538 326
537 326
536 327
535 327
534 328
533 328
532 329
531 329
530 330
529 330
528 331
527 331
526 332
525 332
524 333
523 334
522 334
521 335
520 336
519 336
518 337
517 338
516 339
515 339
514 340
513 341
512 342
511 342
510 343
509 344
508 345
507 346
506 346
505 347
504 348
503 348
502 348
501 348
500 347
499 346
498 346
497 346
496 346
495 346
494 345
493 345
492 345
491 345
490 345
489 344
488 344
487 343
486 342
485 342
484 342
483 342
482 342
481 341
480 341
479 340
478 339
477 339
476 338
475 338
474 338
473 338
472 338
471 337
470 336
469 336
468 335
467 335
466 335
465 335
464 335
463 334
462 333
461 333
460 332
459 332
458 333
457 332
456 332
455 331
454 331
453 331
452 331
451 331
450 331
450 332
449 333
449 334
449 335
449 336
449 337
449 338
449 339
449 340
449 341
449 342
449 343
449 344
449 345
449 346
449 347
449 348
449 349
449 350
449 351
449 352
449 353
449 354
449 355
449 356
449 357
449 358
449 359
449 360
449 361
449 362
449 363
449 364
449 365
449 366
449 367
449 368
449 369
449 370
449 371
449 372
449 373
449 374
449 375
449 376
449 377
449 378
449 379
449 380
449 381
449 382
449 383
449 384
449 385
449 386
449 387
449 388
449 389
449 390
449 391
449 392
449 393
449 394
449 395
449 396
449 397
449 398
449 399
449 400
449 401
449 402
449 403
449 404
449 405
449 406
449 407
449 408
449 409
449 410
449 411
449 412
449 413
449 414
449 415
449 416
449 417
449 418
449 419
449 420
449 421
449 422
449 423
449 424
449 425
449 426
449 427
449 428
449 429
449 430
449 431
449 432
449 433
449 434
449 435
449 436
449 437
449 438
449 439
449 440
449 441
449 442
449 443
449 444
449 445
449 446
449 447
449 448
449 449
449 450
449 451
449 452
449 453
449 454
449 455
449 456
449 457
449 458
449 459
449 460
449 461
449 462
449 463
449 464
449 465
449 466
449 467
449 468
449 469
449 470
450 471
451 472
452 472
453 472
454 472
455 472
456 471
457 470
458 470
459 470
460 470
461 470
462 469
463 468
464 468
465 467
466 468
467 468
468 467
469 467
470 466
471 466
472 465
473 465
474 465
475 465
476 464
477 464
478 463
479 463
480 462
481 462
482 461
483 461
484 461
485 461
486 461
487 460
488 459
489 458
490 458
491 458
492 458
493 458
494 458
495 457
496 457
497 457
498 457
499 456
500 456
501 455
502 454
503 455
504 455
505 456
506 456
507 457
508 458
509 459
510 460
511 460
512 461
513 462
514 463
515 463
516 464
517 465
518 466
519 466
520 467
521 468
522 468
523 469
524 470
525 470
526 471
527 472
528 472
529 473
530 473
531 474
532 474
533 475
534 475
535 476
536 476
537 476
538 477
539 477
540 478
541 478
542 478
543 479
544 479
545 479
546 479
547 480
548 480
549 480
550 480
551 481
552 481
553 481
554 481
555 481
556 481
557 481
558 482
559 482
560 482
561 482
562 482
563 482
564 482
565 482
566 482
567 482
568 481
569 481
570 481
571 481
572 481
573 481
574 481
575 480
576 480
577 480
578 480
579 480
580 479
581 479
582 479
583 478
584 478
585 477
586 477
587 477
588 476
589 476
590 475
591 475
592 474
593 473
594 473
595 472
596 471
597 471
598 470
599 469
600 468
601 467
602 467
603 466
604 465
605 464
605 463
606 462
607 461
608 460
609 459
609 458
610 457
611 456
612 455
612 454
613 453
613 452
614 451
615 450
615 449
616 448
616 447
616 446
617 445
617 444
618 443
618 442
619 441
619 440
619 439
620 438
620 437
620 436
621 435
621 434
621 433
622 432
622 431
622 430
623 429
623 428
623 427
624 426
624 425
624 424
624 423
625 422
625 421
625 420
625 419
626 418
626 417
626 416
626 415
627 414
627 413
627 412
627 411
627 410
627 409
628 408
628 407
628 406
628 405
628 404
628 403
628 402
628 401
628 400
628 399
628 398
628 397
628 396
628 395
627 394
627 393
627 392
627 391
627 390
627 389
626 388
626 387
626 386
626 385
625 384
625 383
625 382
625 381
624 380
624 379
624 378
624 377
623 376
623 375
623 374
622 373
622 372
622 371
622 370
621 369
621 368
620 367
620 366
620 365
619 364
619 363
619 362
618 361
618 360
617 359
617 358
617 357
616 356
616 355
615 354
615 353
614 352
614 351
613 350
612 349
612 348
611 347
610 346
610 345
609 344
608 343
607 342
606 341
606 340
605 339
604 338
603 337
602 336
601 335
600 334
599 334
598 333
597 332
596 331
595 331
594 330
593 329
592 329
591 328
590 328
589 327
588 327
587 326
586 326
585 325
584 325
583 325
582 324
581 324
580 324
579 323
578 323
577 323
576 322
575 322
574 322
573 322
572 322
571 322
570 322
569 321
568 321
567 321
566 321
565 321
564 321
563 321
562 321
561 321
560 321
559 321
558 321
557 321
556 321
