561 350
560 351
559 351
558 351
557 351
556 351
555 351
554 352
553 352
552 352
551 352
550 352
549 353
548 353
547 353
546 353
545 354
544 354
543 354
542 355
541 355
540 355
539 356
538 356
537 356
536 357
535 357
534 357
533 358
532 358
531 358
530 359
529 359
528 360
527 360
526 360
525 361
524 361
523 362
522 362
521 363
520 363
519 364
518 364
517 365
516 365
515 366
514 366
513 367
512 367
511 368
510 368
509 369
508 369
507 370
506 370
505 371
504 371
503 372
502 372
501 373
500 373
499 374
498 374
497 374
496 374
495 373
494 372
493 371
492 370
491 369
490 369
489 369
488 369
487 368
486 368
485 368
484 367
483 366
483 365
482 364
481 363
480 362
479 362
478 361
477 361
476 361
475 361
474 361
473 361
472 362
471 363
471 364
471 365
471 366
471 367
471 368
471 369
471 370
471 371
471 372
471 373
471 374
471 375
471 376
471 377
471 378
471 379
471 380
471 381
471 382
471 383
471 384
471 385
471 386
471 387
471 388
471 389
471 390
471 391
471 392
471 393
471 394
471 395
471 396
471 397
471 398
471 399
471 400
471 401
471 402
471 403
471 404
471 405
471 406
471 407
471 408
471 409
471 410
471 411
471 412
471 413
471 414
471 415
471 416
470 417
470 418
470 419
470 420
471 421
471 422
471 423
471 424
471 425
471 426
471 427
471 428
471 429
471 430
471 431
471 432
471 433
471 434
471 435
471 436
471 437
471 438
471 439
471 440
471 441
471 442
471 443
471 444
471 445
471 446
471 447
471 448
471 449
471 450
471 451
471 452
471 453
471 454
471 455
471 456
471 457
471 458
471 459
471 460
471 461
471 462
471 463
471 464
471 465
471 466
471 467
471 468
471 469
471 470
471 471
471 472
471 473
471 474
472 475
473 476
474 476
475 476
476 476
477 476
478 476
479 475
480 475
481 474
482 473
483 472
483 471
484 470
485 469
486 469
487 469
488 468
489 468
490 468
491 468
492 467
493 466
494 465
495 464
496 463
497 463
498 463
499 463
500 464
501 464
502 465
503 465
504 466
505 466
506 467
507 467
508 468
509 468
510 469
511 469
512 470
513 470
514 471
515 471
516 472
517 472
518 473
519 473
520 474
521 474
522 475
523 475
524 476
525 476
526 476
527 477
528 477
529 478
530 478
531 478
532 479
533 479
534 480
535 480
536 480
537 481
538 481
539 481
540 482
541 482
542 482
543 483
544 483
545 483
546 483
547 484
548 484
549 484
550 484
551 485
552 485
553 485
554 485
555 486
556 486
557 486
558 486
559 486
560 486
561 487
562 487
563 487
564 487
565 487
566 487
567 487
568 487
569 487
570 487
571 487
572 487
573 487
574 487
575 487
576 487
577 487
578 487
579 487
580 486
581 486
582 486
583 486
584 486
585 485
586 485
587 485
588 485
589 484
590 484
591 484
592 483
593 483
594 483
595 482
596 481
597 481
598 480
599 480
600 479
601 478
602 477
603 477
604 476
605 475
606 474
607 473
608 472
608 471
609 470
610 469
611 468
611 467
612 466
612 465
613 464
613 463
614 462
614 461
615 460
615 459
616 458
616 457
617 456
617 455
617 454
618 453
618 452
618 451
618 450
619 449
619 448
619 447
619 446
620 445
620 444
620 443
620 442
620 441
621 440
621 439
621 438
621 437
621 436
621 435
621 434
621 433
622 432
622 431
622 430
622 429
622 428
622 427
622 426
622 425
622 424
622 423
622 422
622 421
622 420
622 419
622 418
622 417
622 416
622 415
622 414
622 413
622 412
622 411
622 410
622 409
622 408
622 407
622 406
622 405
621 404
621 403
621 402
621 401
621 400
621 399
621 398
621 397
620 396
620 395
620 394
620 393
620 392
620 391
619 390
619 389
619 388
619 387
618 386
618 385
618 384
617 383
617 382
617 381
616 380
616 379
615 378
615 377
614 376
614 375
613 374
613 373
612 372
612 371
611 370
610 369
610 368
609 367
608 366
608 365
607 364
606 363
605 362
604 361
603 360
602 359
601 359
600 358
599 357
598 357
597 356
596 355
595 355
594 354
593 354
592 354
591 353
590 353
589 353
588 352
587 352
586 352
585 351
584 351
583 351
582 351
581 351
580 351
579 350
578 350
577 350
576 350
575 350
574 350
573 350
572 350
571 350
570 350
569 350
568 350
567 350
566 350
565 350
564 350
563 350
562 350
561 350
