553 331
552 332
551 332
550 332
549 332
548 332
547 332
546 332
545 333
544 333
543 333
542 333
541 333
540 334
539 334
538 334
537 334
536 334
535 335
534 335
533 335
532 336
531 336
530 336
529 336
528 337
527 337
526 337
525 338
524 338
523 339
522 339
521 340
520 340
519 340
518 340
517 340
516 339
515 338
514 338
513 337
512 337
511 336
510 336
509 337
508 337
507 337
506 337
505 336
504 335
503 334
502 334
501 334
500 334
499 334
498 335
497 336
497 337
497 338
497 339
497 340
497 341
497 342
497 343
497 344
497 345
497 346
497 347
497 348
497 349
497 350
497 351
497 352
497 353
497 354
497 355
497 356
497 357
497 358
497 359
497 360
497 361
497 362
497 363
497 364
497 365
497 366
497 367
497 368
497 369
497 370
497 371
497 372
497 373
497 374
497 375
497 376
497 377
497 378
497 379
497 380
497 381
497 382
497 383
497 384
497 385
497 386
497 387
497 388
497 389
497 390
497 391
497 392
497 393
497 394
497 395
497 396
497 397
497 398
497 399
497 400
497 401
497 402
497 403
497 404
497 405
497 406
497 407
497 408
497 409
497 410
497 411
497 412
497 413
497 414
497 415
497 416
497 417
497 418
497 419
497 420
497 421
497 422
497 423
497 424
497 425
497 426
497 427
497 428
497 429
497 430
497 431
497 432
497 433
497 434
497 435
497 436
497 437
497 438
497 439
497 440
497 441
497 442
497 443
497 444
497 445
497 446
497 447
497 448
497 449
497 450
497 451
497 452
497 453
497 454
497 455
497 456
497 457
497 458
497 459
498 460
498 461
499 461
500 462
501 462
502 462
503 461
504 461
505 460
506 459
507 458
508 458
509 459
510 459
511 459
512 459
513 459
514 458
515 457
516 456
517 455
518 455
519 455
520 456
521 456
522 456
523 457
524 457
525 458
526 458
527 458
528 459
529 459
530 459
531 460
532 460
533 460
534 461
535 461
536 461
537 461
538 462
539 462
540 462
541 462
542 462
543 463
544 463
545 463
546 463
547 463
548 463
549 464
550 464
551 464
552 464
553 464
554 464
555 464
556 464
557 465
558 465
559 465
560 465
561 465
562 465
563 465
564 465
565 465
566 465
567 465
568 465
569 465
570 465
571 465
572 465
573 465
574 465
575 465
576 465
577 464
578 464
579 464
580 464
581 464
582 464
583 463
584 463
585 463
586 463
587 462
588 462
589 462
590 461
591 461
592 461
593 460
594 460
595 459
596 459
597 459
598 458
599 457
600 457
601 456
602 456
603 455
604 454
605 453
606 453
607 452
608 451
609 450
610 449
611 448
612 447
613 446
614 445
615 444
616 443
616 442
617 441
618 440
618 439
619 438
620 437
620 436
621 435
621 434
622 433
622 432
623 431
623 430
624 429
624 428
624 427
625 426
625 425
625 424
626 423
626 422
626 421
627 420
627 419
627 418
628 417
628 416
628 415
628 414
628 413
629 412
629 411
629 410
629 409
629 408
630 407
630 406
630 405
630 404
630 403
630 402
630 401
630 400
630 399
630 398
630 397
630 396
630 395
630 394
630 393
630 392
630 391
630 390
630 389
629 388
629 387
629 386
629 385
629 384
629 383
628 382
628 381
628 380
628 379
627 378
627 377
627 376
627 375
626 374
626 373
626 372
625 371
625 370
625 369
624 368
624 367
623 366
623 365
622 364
622 363
621 362
621 361
620 360
620 359
619 358
619 357
618 356
617 355
617 354
616 353
615 352
614 351
614 350
613 349
612 348
611 347
610 346
609 345
608 345
607 344
606 343
605 342
604 341
603 341
602 340
601 339
600 339
599 338
598 338
597 337
596 337
595 336
594 336
593 335
592 335
591 334
590 334
589 334
588 333
587 333
586 333
585 333
584 332
583 332
582 332
581 332
580 332
579 331
578 331
577 331
576 331
575 331
574 331
573 331
572 331
571 331
570 331
569 331
568 331
567 331
566 331
565 331
564 331
563 331
562 331
561 331
560 331
559 331
558 331
557 331
556 331
555 331
554 331
553 331
