566 306
565 307
564 307
563 307
562 307
561 307
560 308
559 308
558 308
557 309
556 309
555 310
554 310
553 311
552 311
551 312
550 313
549 313
548 314
547 314
546 315
545 316
544 317
543 317
542 318
541 319
540 320
539 321
538 322
537 322
536 323
535 324
534 325
533 326
532 327
531 328
530 329
529 330
528 331
528 332
527 333
526 334
525 335
524 335
523 335
522 335
521 334
520 333
519 332
518 331
517 331
516 331
515 331
514 331
513 332
512 332
511 333
510 334
510 335
510 336
510 337
510 338
510 339
510 340
510 341
510 342
510 343
510 344
510 345
510 346
510 347
510 348
510 349
510 350
510 351
510 352
510 353
510 354
510 355
510 356
510 357
510 358
510 359
510 360
510 361
510 362
510 363
510 364
510 365
510 366
510 367
510 368
510 369
510 370
510 371
510 372
510 373
510 374
510 375
510 376
510 377
510 378
510 379
510 380
510 381
510 382
510 383
510 384
510 385
510 386
510 387
510 388
510 389
510 390
510 391
510 392
510 393
510 394
509 395
509 396
509 397
509 398
510 399
510 400
510 401
510 402
510 403
510 404
510 405
510 406
510 407
510 408
510 409
510 410
510 411
510 412
510 413
510 414
510 415
510 416
510 417
510 418
510 419
510 420
510 421
510 422
510 423
510 424
510 425
510 426
510 427
510 428
510 429
510 430
510 431
510 432
510 433
510 434
510 435
510 436
510 437
510 438
510 439
510 440
510 441
510 442
510 443
510 444
510 445
510 446
510 447
510 448
510 449
510 450
510 451
510 452
510 453
510 454
510 455
510 456
510 457
510 458
510 459
511 460
512 461
513 461
514 462
515 462
516 462
517 462
518 462
519 461
520 461
521 460
522 459
523 458
524 458
525 458
526 459
526 460
527 461
528 462
529 463
530 464
531 465
532 466
533 467
534 468
535 469
536 470
537 471
538 472
539 473
540 473
541 474
542 475
543 476
544 477
545 477
546 478
547 479
548 479
549 480
550 481
551 481
552 482
553 482
554 483
555 483
556 484
557 484
558 485
559 485
560 486
561 486
562 486
563 486
564 487
565 487
566 487
567 487
568 487
569 486
570 486
571 486
572 485
573 485
574 484
575 484
576 483
577 482
578 482
579 481
580 480
581 479
582 478
583 478
584 477
585 476
586 475
587 474
588 473
589 472
590 471
591 470
592 469
592 468
593 467
594 466
595 465
596 464
596 463
597 462
598 461
598 460
599 459
600 458
600 457
601 456
601 455
602 454
602 453
603 452
603 451
604 450
604 449
604 448
605 447
605 446
605 445
606 444
606 443
606 442
607 441
607 440
607 439
607 438
608 437
608 436
608 435
608 434
608 433
609 432
609 431
609 430
609 429
609 428
609 427
609 426
610 425
610 424
610 423
610 422
610 421
610 420
610 419
610 418
610 417
610 416
611 415
611 414
611 413
611 412
611 411
611 410
611 409
611 408
611 407
611 406
611 405
611 404
611 403
611 402
611 401
611 400
611 399
611 398
611 397
611 396
611 395
611 394
611 393
611 392
611 391
611 390
611 389
611 388
611 387
611 386
611 385
611 384
611 383
611 382
611 381
611 380
611 379
611 378
610 377
610 376
610 375
610 374
610 373
610 372
610 371
610 370
610 369
610 368
609 367
609 366
609 365
609 364
609 363
609 362
609 361
608 360
608 359
608 358
608 357
608 356
607 355
607 354
607 353
607 352
606 351
606 350
606 349
605 348
605 347
605 346
604 345
604 344
604 343
603 342
603 341
602 340
602 339
601 338
601 337
600 336
599 335
599 334
598 333
597 332
597 331
596 330
595 329
595 328
594 327
593 326
592 325
591 324
590 323
590 322
589 321
588 320
587 319
586 318
585 317
584 317
583 316
582 315
581 314
580 313
579 312
578 312
577 311
576 310
575 310
574 309
573 308
572 308
571 307
570 307
569 307
568 307
567 306
566 306
