490 235
489 236
488 236
487 236
486 237
485 238
484 239
484 240
484 241
484 242
484 243
484 244
484 245
484 246
484 247
484 248
484 249
484 250
484 251
484 252
484 253
484 254
484 255
484 256
484 257
484 258
484 259
484 260
484 261
484 262
484 263
484 264
484 265
484 266
484 267
484 268
484 269
484 270
484 271
484 272
484 273
484 274
484 275
484 276
484 277
484 278
484 279
484 280
484 281
484 282
484 283
484 284
484 285
484 286
484 287
484 288
484 289
484 290
484 291
484 292
484 293
484 294
484 295
484 296
484 297
484 298
484 299
484 300
484 301
484 302
484 303
484 304
484 305
484 306
484 307
484 308
484 309
484 310
484 311
484 312
484 313
484 314
484 315
484 316
484 317
484 318
484 319
484 320
484 321
484 322
484 323
484 324
484 325
484 326
484 327
484 328
484 329
484 330
484 331
484 332
484 333
484 334
484 335
484 336
484 337
484 338
484 339
484 340
484 341
484 342
484 343
484 344
484 345
484 346
484 347
484 348
484 349
484 350
484 351
484 352
484 353
484 354
484 355
484 356
484 357
484 358
484 359
484 360
484 361
484 362
484 363
484 364
484 365
484 366
484 367
484 368
484 369
484 370
484 371
484 372
484 373
484 374
484 375
484 376
484 377
484 378
484 379
484 380
484 381
484 382
484 383
484 384
483 385
483 386
483 387
483 388
484 389
484 390
484 391
484 392
484 393
484 394
484 395
484 396
484 397
484 398
484 399
484 400
484 401
484 402
484 403
484 404
484 405
484 406
484 407
484 408
484 409
484 410
484 411
484 412
484 413
484 414
484 415
484 416
484 417
484 418
484 419
484 420
484 421
484 422
484 423
484 424
484 425
484 426
484 427
484 428
484 429
484 430
484 431
484 432
484 433
484 434
484 435
484 436
484 437
484 438
484 439
484 440
484 441
484 442
484 443
484 444
484 445
484 446
484 447
484 448
484 449
484 450
484 451
484 452
484 453
484 454
484 455
484 456
484 457
484 458
484 459
484 460
484 461
484 462
484 463
484 464
484 465
484 466
484 467
484 468
484 469
484 470
484 471
484 472
484 473
484 474
484 475
484 476
484 477
484 478
484 479
484 480
484 481
484 482
484 483
484 484
484 485
484 486
484 487
484 488
484 489
484 490
484 491
484 492
484 493
484 494
484 495
484 496
484 497
484 498
484 499
484 500
484 501
484 502
484 503
484 504
484 505
484 506
484 507
484 508
484 509
484 510
484 511
484 512
484 513
484 514
484 515
484 516
484 517
484 518
484 519
484 520
484 521
484 522
484 523
484 524
484 525
484 526
484 527
484 528
484 529
484 530
484 531
484 532
484 533
484 534
485 535
486 536
487 537
488 537
489 537
490 538
491 538
492 538
493 537
494 537
495 537
496 536
497 535
497 534
498 533
498 532
498 531
499 530
499 529
500 528
501 528
502 528
503 527
504 527
505 527
506 527
507 527
508 526
509 526
510 526
511 526
512 526
513 525
514 525
515 525
516 525
517 525
518 524
519 524
520 524
521 524
522 523
523 523
524 523
525 523
526 522
527 522
528 522
529 521
530 521
531 521
532 520
533 520
534 520
535 519
536 519
537 519
538 518
539 518
540 518
541 517
542 517
543 517
544 516
545 516
546 515
547 515
548 515
549 514
550 514
551 513
552 513
553 512
554 512
555 511
556 511
557 510
558 510
559 509
560 509
561 508
562 508
563 507
564 507
565 506
566 506
567 505
568 504
569 504
570 503
571 503
572 502
573 501
574 501
575 500
576 499
577 499
578 498
579 497
580 496
581 496
582 495
583 494
584 493
585 492
586 492
587 491
588 490
589 489
590 488
591 487
592 486
593 485
594 484
595 483
596 482
597 481
598 480
599 479
600 478
601 477
602 476
603 475
603 474
604 473
605 472
606 471
607 470
607 469
608 468
609 467
609 466
610 465
611 464
611 463
612 462
613 461
613 460
614 459
614 458
615 457
616 456
616 455
617 454
617 453
618 452
618 451
619 450
619 449
620 448
620 447
621 446
621 445
622 444
622 443
622 442
623 441
623 440
624 439
624 438
624 437
625 436
625 435
625 434
626 433
626 432
626 431
627 430
627 429
627 428
628 427
628 426
628 425
628 424
629 423
629 422
629 421
629 420
630 419
630 418
630 417
630 416
630 415
631 414
631 413
631 412
631 411
631 410
631 409
632 408
632 407
632 406
632 405
632 404
632 403
632 402
632 401
633 400
633 399
633 398
633 397
633 396
633 395
633 394
633 393
633 392
633 391
633 390
633 389
633 388
633 387
633 386
633 385
633 384
633 383
633 382
633 381
633 380
633 379
633 378
633 377
633 376
633 375
633 374
633 373
632 372
632 371
632 370
632 369
632 368
632 367
632 366
632 365
631 364
631 363
631 362
631 361
631 360
631 359
630 358
630 357
630 356
630 355
630 354
629 353
629 352
629 351
629 350
628 349
628 348
628 347
628 346
627 345
627 344
627 343
626 342
626 341
626 340
625 339
625 338
625 337
624 336
624 335
624 334
623 333
623 332
622 331
622 330
622 329
621 328
621 327
620 326
620 325
619 324
619 323
618 322
618 321
617 320
617 319
616 318
616 317
615 316
614 315
614 314
613 313
613 312
612 311
611 310
611 309
610 308
609 307
609 306
608 305
607 304
606 303
606 302
605 301
604 300
603 299
602 298
602 297
601 296
600 295
599 294
598 293
597 292
596 291
595 290
594 289
593 288
592 287
591 286
590 285
589 284
588 283
587 282
586 281
585 281
584 280
583 279
582 278
581 277
580 277
579 276
578 275
577 275
576 274
575 273
574 272
573 272
572 271
571 271
570 270
569 269
568 269
567 268
566 267
565 267
564 266
563 266
562 265
561 265
560 264
559 264
558 263
557 263
556 262
555 262
554 261
553 261
552 260
551 260
550 259
549 259
548 259
547 258
546 258
545 257
544 257
543 256
542 256
541 256
540 255
539 255
538 255
537 254
536 254
535 254
534 253
533 253
532 253
531 252
530 252
529 252
528 251
527 251
526 251
525 251
524 250
523 250
522 250
521 249
520 249
519 249
518 249
517 248
516 248
515 248
514 248
513 248
512 247
511 247
510 247
509 247
508 247
507 246
506 246
505 246
504 246
503 246
502 245
501 245
500 245
499 244
499 243
498 242
498 241
498 240
497 239
497 238
496 237
495 236
494 236
493 236
492 236
491 235
490 235
