512 237
511 238
511 239
510 240
510 241
510 242
509 243
509 244
509 245
508 246
508 247
507 248
507 249
507 250
506 251
506 252
505 253
505 254
504 255
504 256
503 257
502 258
502 259
501 260
501 261
500 262
499 263
498 264
498 265
497 266
496 267
495 268
494 269
494 270
493 271
492 272
491 273
490 274
489 275
488 276
487 277
486 277
485 278
484 279
483 280
482 281
481 281
480 282
479 283
478 284
477 284
476 285
475 285
474 286
473 287
472 287
471 288
470 288
469 289
468 289
467 290
466 290
465 290
464 291
463 291
462 291
461 292
460 292
459 292
458 292
457 292
456 293
455 293
455 294
454 295
454 296
454 297
454 298
454 299
454 300
454 301
454 302
454 303
454 304
454 305
454 306
454 307
454 308
454 309
454 310
454 311
454 312
454 313
454 314
454 315
454 316
454 317
454 318
454 319
454 320
454 321
454 322
454 323
454 324
454 325
454 326
454 327
454 328
454 329
454 330
454 331
454 332
454 333
454 334
454 335
454 336
454 337
454 338
454 339
454 340
454 341
454 342
454 343
454 344
454 345
454 346
454 347
454 348
454 349
454 350
454 351
454 352
454 353
454 354
454 355
454 356
454 357
454 358
454 359
454 360
454 361
454 362
454 363
454 364
454 365
454 366
454 367
454 368
454 369
454 370
454 371
454 372
454 373
454 374
454 375
454 376
454 377
454 378
454 379
454 380
454 381
454 382
454 383
454 384
454 385
454 386
454 387
454 388
454 389
454 390
454 391
454 392
454 393
454 394
454 395
454 396
454 397
454 398
454 399
454 400
454 401
454 402
454 403
454 404
454 405
454 406
454 407
454 408
454 409
454 410
454 411
454 412
454 413
454 414
454 415
454 416
454 417
454 418
454 419
454 420
454 421
454 422
454 423
454 424
454 425
454 426
454 427
454 428
454 429
454 430
454 431
454 432
454 433
454 434
454 435
454 436
454 437
454 438
454 439
454 440
454 441
454 442
454 443
454 444
454 445
454 446
454 447
454 448
454 449
454 450
454 451
454 452
454 453
454 454
454 455
454 456
454 457
454 458
454 459
454 460
454 461
454 462
454 463
454 464
454 465
454 466
454 467
454 468
454 469
454 470
454 471
454 472
454 473
454 474
454 475
454 476
454 477
454 478
454 479
454 480
454 481
454 482
454 483
454 484
454 485
454 486
454 487
454 488
454 489
454 490
454 491
454 492
454 493
454 494
454 495
454 496
454 497
454 498
454 499
454 500
454 501
454 502
454 503
454 504
454 505
454 506
454 507
454 508
454 509
454 510
454 511
454 512
454 513
454 514
454 515
454 516
454 517
454 518
455 519
456 520
457 520
458 520
459 520
460 521
461 521
462 521
463 522
464 522
465 522
466 523
467 523
468 524
469 524
470 525
471 525
472 526
473 526
474 527
475 527
476 528
477 529
478 529
479 530
480 531
481 531
482 532
483 533
484 534
485 534
486 535
487 536
488 537
489 538
490 539
491 540
492 541
493 542
494 543
495 544
495 545
496 546
497 547
498 548
499 549
499 550
500 551
501 552
501 553
502 554
503 555
503 556
504 557
504 558
505 559
505 560
506 561
506 562
507 563
507 564
507 565
508 566
508 567
509 568
509 569
509 570
510 571
510 572
510 573
511 574
512 575
513 576
514 576
515 576
516 576
517 575
518 575
519 575
520 575
521 575
522 575
523 575
524 574
524 573
525 572
525 571
526 570
527 569
528 568
529 567
530 566
531 565
532 565
533 564
534 564
535 564
536 564
537 563
538 563
539 563
540 562
541 562
542 562
543 561
544 561
545 561
546 560
547 560
548 560
549 559
550 559
551 558
552 558
553 558
554 557
555 557
556 556
557 556
558 555
559 555
560 554
561 554
562 553
563 553
564 552
565 552
566 551
567 551
568 550
569 550
570 549
571 548
572 548
573 547
574 547
575 546
576 545
577 545
578 544
579 543
580 543
581 542
582 541
583 540
584 540
585 539
586 538
587 537
588 537
589 536
590 535
591 534
592 533
593 532
594 531
595 530
596 529
597 528
598 528
599 527
600 526
600 525
601 524
602 523
603 522
604 521
605 520
606 519
607 518
608 517
608 516
609 515
610 514
611 513
611 512
612 511
613 510
614 509
614 508
615 507
616 506
616 505
617 504
618 503
618 502
619 501
620 500
620 499
621 498
621 497
622 496
623 495
623 494
624 493
624 492
625 491
625 490
626 489
626 488
627 487
627 486
628 485
628 484
629 483
629 482
629 481
630 480
630 479
631 478
631 477
632 476
632 475
632 474
633 473
633 472
633 471
634 470
634 469
635 468
635 467
635 466
636 465
636 464
636 463
636 462
637 461
637 460
637 459
638 458
638 457
638 456
638 455
639 454
639 453
639 452
639 451
640 450
640 449
640 448
640 447
641 446
641 445
641 444
641 443
641 442
642 441
642 440
642 439
642 438
642 437
642 436
642 435
643 434
643 433
643 432
643 431
643 430
643 429
643 428
643 427
644 426
644 425
644 424
644 423
644 422
644 421
644 420
644 419
644 418
644 417
644 416
644 415
644 414
644 413
644 412
644 411
644 410
644 409
645 408
645 407
645 406
645 405
645 404
644 403
644 402
644 401
644 400
644 399
644 398
644 397
644 396
644 395
644 394
644 393
644 392
644 391
644 390
644 389
644 388
644 387
643 386
643 385
643 384
643 383
643 382
643 381
643 380
643 379
643 378
642 377
642 376
642 375
642 374
642 373
641 372
641 371
641 370
641 369
641 368
641 367
640 366
640 365
640 364
640 363
639 362
639 361
639 360
639 359
639 358
638 357
638 356
638 355
637 354
637 353
637 352
637 351
636 350
636 349
636 348
635 347
635 346
635 345
634 344
634 343
634 342
633 341
633 340
632 339
632 338
632 337
631 336
631 335
630 334
630 333
630 332
629 331
629 330
628 329
628 328
627 327
627 326
626 325
626 324
625 323
625 322
624 321
624 320
623 319
623 318
622 317
622 316
621 315
620 314
620 313
619 312
619 311
618 310
617 309
617 308
616 307
615 306
615 305
614 304
613 303
612 302
612 301
611 300
610 299
609 298
609 297
608 296
607 295
606 294
605 293
604 292
603 291
603 290
602 289
601 288
600 287
599 286
598 285
597 284
596 283
595 282
594 281
593 280
592 280
591 279
590 278
589 277
588 276
587 275
586 275
585 274
584 273
583 272
582 272
581 271
580 270
579 269
578 269
577 268
576 267
575 267
574 266
573 266
572 265
571 264
570 264
569 263
568 263
567 262
566 261
565 261
564 260
563 260
562 259
561 259
560 258
559 258
558 257
557 257
556 257
555 256
554 256
553 255
552 255
551 254
550 254
549 254
548 253
547 253
546 252
545 252
544 252
543 251
542 251
541 251
540 250
539 250
538 250
537 249
536 249
535 249
534 249
533 248
532 248
531 247
530 247
529 246
528 245
527 244
526 243
525 242
525 241
524 240
524 239
523 238
522 238
521 237
520 237
519 237
518 238
517 238
516 237
515 237
514 237
513 237
512 237
