608 314
607 315
606 315
605 315
604 315
603 315
602 315
601 315
600 315
599 315
598 315
597 316
596 316
595 316
594 316
593 316
592 317
591 317
590 317
589 317
588 318
587 318
586 318
585 319
584 319
583 319
582 320
581 320
580 321
579 321
578 321
577 322
576 322
575 323
574 323
573 324
572 324
571 325
570 325
569 326
568 326
567 327
566 328
565 328
564 329
563 329
562 330
561 331
560 331
559 332
558 333
557 333
556 334
555 335
554 335
553 336
552 337
551 337
550 338
549 339
548 340
547 340
546 341
545 342
544 343
543 343
542 344
541 345
540 346
539 347
538 347
537 348
536 349
535 350
534 351
533 352
532 352
531 353
530 354
529 355
528 355
527 356
526 357
525 357
524 358
523 359
522 359
521 360
520 360
519 361
518 361
517 362
516 362
515 362
514 362
513 362
512 362
511 362
510 362
509 362
508 362
507 361
506 361
505 361
504 360
503 360
502 359
501 359
500 358
499 358
498 357
497 356
496 355
496 354
495 353
495 352
495 351
494 350
493 349
492 349
491 349
490 349
489 349
489 350
488 351
488 352
488 353
488 354
488 355
488 356
488 357
488 358
488 359
488 360
488 361
488 362
488 363
488 364
488 365
488 366
488 367
488 368
488 369
488 370
488 371
488 372
488 373
488 374
488 375
488 376
488 377
488 378
488 379
488 380
488 381
488 382
488 383
488 384
488 385
488 386
488 387
488 388
488 389
488 390
488 391
488 392
488 393
488 394
488 395
488 396
488 397
488 398
488 399
488 400
488 401
488 402
488 403
488 404
488 405
488 406
488 407
488 408
488 409
488 410
488 411
488 412
488 413
488 414
488 415
488 416
488 417
488 418
488 419
488 420
488 421
488 422
488 423
488 424
488 425
488 426
488 427
488 428
488 429
488 430
488 431
488 432
488 433
488 434
488 435
488 436
488 437
488 438
488 439
488 440
488 441
488 442
488 443
488 444
488 445
488 446
488 447
489 448
490 449
491 449
492 449
493 448
494 447
495 446
495 445
495 444
496 443
496 442
497 441
498 440
499 440
500 439
501 438
502 438
503 437
504 437
505 437
506 436
507 436
508 436
509 435
510 435
511 435
512 435
513 435
514 435
515 435
516 435
517 435
518 436
519 436
520 437
521 437
522 438
523 439
524 439
525 440
526 440
527 441
528 442
529 443
530 443
531 444
532 445
533 446
534 447
535 447
536 448
537 449
538 450
539 451
540 451
541 452
542 453
543 454
544 455
545 455
546 456
547 457
548 458
549 458
550 459
551 460
552 461
553 461
554 462
555 463
556 463
557 464
558 465
559 465
560 466
561 467
562 467
563 468
564 468
565 469
566 470
567 470
568 471
569 471
570 472
571 472
572 473
573 473
574 474
575 474
576 475
577 475
578 476
579 476
580 477
581 477
582 478
583 478
584 478
585 479
586 479
587 479
588 480
589 480
590 480
591 480
592 481
593 481
594 481
595 481
596 482
597 482
598 482
599 482
600 482
601 482
602 482
603 483
604 483
605 483
606 483
607 483
608 483
609 483
610 483
611 483
612 483
613 483
614 483
615 482
616 482
617 482
618 482
619 482
620 482
621 481
622 481
623 481
624 481
625 480
626 480
627 480
628 479
629 479
630 479
631 478
632 478
633 478
634 477
635 477
636 476
637 476
638 475
639 475
640 474
641 473
642 473
643 472
644 472
645 471
646 470
647 469
648 469
649 468
650 467
651 466
652 466
653 465
654 464
655 463
656 462
657 461
658 460
659 459
660 458
661 457
662 456
662 455
663 454
664 453
664 452
665 451
666 450
666 449
667 448
668 447
668 446
669 445
669 444
670 443
670 442
671 441
671 440
672 439
672 438
673 437
673 436
674 435
674 434
674 433
675 432
675 431
675 430
676 429
676 428
677 427
677 426
677 425
677 424
678 423
678 422
678 421
678 420
679 419
679 418
679 417
679 416
680 415
680 414
680 413
680 412
680 411
680 410
680 409
681 408
681 407
681 406
681 405
681 404
681 403
681 402
681 401
681 400
681 399
681 398
681 397
681 396
681 395
681 394
681 393
681 392
681 391
681 390
681 389
680 388
680 387
680 386
680 385
680 384
680 383
679 382
679 381
679 380
679 379
679 378
678 377
678 376
678 375
678 374
677 373
677 372
677 371
676 370
676 369
676 368
675 367
675 366
675 365
674 364
674 363
673 362
673 361
673 360
672 359
672 358
671 357
671 356
670 355
670 354
669 353
669 352
668 351
667 350
667 349
666 348
666 347
665 346
664 345
663 344
663 343
662 342
661 341
660 340
660 339
659 338
658 337
657 336
656 335
655 334
654 333
653 332
652 332
651 331
650 330
649 329
648 329
647 328
646 327
645 326
644 326
643 325
642 324
641 324
640 323
639 323
638 322
637 322
636 321
635 321
634 320
633 320
632 319
631 319
630 319
629 318
628 318
627 317
626 317
625 317
624 317
623 316
622 316
621 316
620 316
619 315
618 315
617 315
616 315
615 315
614 315
613 315
612 315
611 315
610 315
609 315
608 314
