508 311
507 312
506 312
505 312
504 313
504 314
504 315
504 316
504 317
504 318
504 319
504 320
504 321
504 322
504 323
504 324
504 325
504 326
504 327
504 328
504 329
504 330
504 331
504 332
504 333
504 334
504 335
504 336
504 337
504 338
504 339
504 340
504 341
504 342
504 343
504 344
504 345
504 346
504 347
504 348
504 349
504 350
504 351
504 352
504 353
504 354
504 355
504 356
504 357
504 358
504 359
504 360
504 361
504 362
504 363
504 364
504 365
504 366
504 367
504 368
504 369
504 370
504 371
504 372
504 373
504 374
504 375
504 376
504 377
504 378
504 379
504 380
504 381
504 382
504 383
504 384
504 385
504 386
503 387
503 388
503 389
503 390
504 391
504 392
504 393
504 394
504 395
504 396
504 397
504 398
504 399
504 400
504 401
504 402
504 403
504 404
504 405
504 406
504 407
504 408
504 409
504 410
504 411
504 412
504 413
504 414
504 415
504 416
504 417
504 418
504 419
504 420
504 421
504 422
504 423
504 424
504 425
504 426
504 427
504 428
504 429
504 430
504 431
504 432
504 433
504 434
504 435
504 436
504 437
504 438
504 439
504 440
504 441
504 442
504 443
504 444
504 445
504 446
504 447
504 448
504 449
504 450
504 451
504 452
504 453
504 454
504 455
504 456
504 457
504 458
504 459
504 460
504 461
504 462
504 463
504 464
505 465
506 465
507 465
508 466
509 466
510 466
511 465
512 465
512 464
513 463
514 463
515 463
516 462
517 462
518 462
519 462
520 462
521 462
522 462
523 462
524 461
525 461
526 461
527 461
528 461
529 461
530 460
531 460
532 460
533 460
534 460
535 460
536 459
537 459
538 459
539 459
540 459
541 459
542 458
543 458
544 458
545 458
546 458
547 457
548 457
549 457
550 457
551 456
552 456
553 456
554 456
555 456
556 455
557 455
558 455
559 455
560 454
561 454
562 454
563 454
564 453
565 453
566 453
567 452
568 452
569 452
570 452
571 451
572 451
573 451
574 450
575 450
576 450
577 449
578 449
579 448
580 448
581 448
582 447
583 447
584 446
585 446
586 445
587 445
588 444
589 443
590 442
591 441
592 440
593 439
594 438
595 437
596 436
597 435
597 434
598 433
599 432
599 431
600 430
600 429
601 428
601 427
602 426
602 425
603 424
603 423
603 422
603 421
604 420
604 419
604 418
604 417
604 416
604 415
604 414
605 413
605 412
605 411
605 410
605 409
605 408
605 407
605 406
605 405
605 404
605 403
605 402
605 401
605 400
605 399
605 398
605 397
605 396
605 395
605 394
605 393
605 392
605 391
605 390
605 389
605 388
605 387
605 386
605 385
605 384
605 383
605 382
605 381
605 380
605 379
605 378
605 377
605 376
605 375
605 374
605 373
605 372
605 371
605 370
605 369
605 368
605 367
605 366
605 365
605 364
604 363
604 362
604 361
604 360
604 359
604 358
604 357
603 356
603 355
603 354
603 353
602 352
602 351
601 350
601 349
600 348
600 347
599 346
599 345
598 344
597 343
596 342
596 341
595 340
594 339
593 338
592 337
591 336
590 335
589 334
588 333
587 333
586 332
585 331
584 331
583 330
582 330
581 329
580 329
579 329
578 328
577 328
576 328
575 327
574 327
573 327
572 326
571 326
570 326
569 325
568 325
567 325
566 324
565 324
564 324
563 324
562 323
561 323
560 323
559 323
558 322
557 322
556 322
555 322
554 321
553 321
552 321
551 321
550 320
549 320
548 320
547 320
546 320
545 319
544 319
543 319
542 319
541 319
540 318
539 318
538 318
537 318
536 318
535 317
534 317
533 317
532 317
531 317
530 317
529 316
528 316
527 316
526 316
525 316
524 316
523 316
522 315
521 315
520 315
519 315
518 315
517 315
516 315
515 315
514 314
513 314
512 313
512 312
511 312
510 311
509 311
508 311
