491 268
490 269
489 270
488 271
487 272
486 273
486 274
485 275
484 276
484 277
483 278
483 279
482 280
482 281
481 282
481 283
481 284
480 285
480 286
480 287
479 288
479 289
479 290
479 291
479 292
479 293
479 294
479 295
479 296
479 297
479 298
479 299
479 300
479 301
479 302
479 303
479 304
479 305
479 306
479 307
479 308
479 309
479 310
479 311
479 312
479 313
479 314
479 315
479 316
479 317
479 318
479 319
479 320
479 321
479 322
479 323
479 324
479 325
479 326
479 327
479 328
479 329
479 330
479 331
479 332
479 333
479 334
479 335
479 336
479 337
479 338
479 339
479 340
479 341
479 342
479 343
479 344
479 345
479 346
479 347
479 348
479 349
479 350
479 351
479 352
479 353
479 354
479 355
479 356
479 357
479 358
479 359
479 360
479 361
479 362
479 363
479 364
479 365
479 366
479 367
479 368
479 369
479 370
479 371
479 372
479 373
479 374
479 375
479 376
479 377
479 378
479 379
479 380
479 381
479 382
479 383
479 384
479 385
479 386
479 387
479 388
479 389
479 390
479 391
479 392
479 393
479 394
479 395
479 396
479 397
479 398
479 399
479 400
479 401
479 402
479 403
479 404
479 405
479 406
479 407
479 408
479 409
479 410
479 411
479 412
479 413
479 414
479 415
479 416
479 417
479 418
479 419
479 420
479 421
479 422
479 423
479 424
479 425
479 426
479 427
479 428
479 429
479 430
479 431
479 432
479 433
479 434
479 435
479 436
479 437
479 438
479 439
479 440
479 441
479 442
479 443
479 444
479 445
479 446
479 447
479 448
479 449
479 450
479 451
479 452
479 453
479 454
479 455
479 456
479 457
479 458
479 459
479 460
479 461
479 462
479 463
479 464
479 465
479 466
479 467
479 468
479 469
479 470
479 471
479 472
479 473
479 474
479 475
479 476
479 477
479 478
479 479
479 480
479 481
479 482
479 483
479 484
479 485
479 486
479 487
479 488
479 489
479 490
479 491
479 492
479 493
479 494
479 495
479 496
479 497
479 498
479 499
479 500
479 501
479 502
479 503
479 504
479 505
479 506
479 507
479 508
479 509
479 510
479 511
479 512
479 513
479 514
479 515
479 516
479 517
479 518
479 519
479 520
479 521
479 522
479 523
479 524
479 525
479 526
479 527
479 528
479 529
479 530
479 531
479 532
479 533
479 534
479 535
479 536
479 537
479 538
480 539
480 540
480 541
481 542
481 543
481 544
482 545
482 546
483 547
483 548
484 549
484 550
485 551
486 552
486 553
487 554
488 555
489 556
490 557
491 558
492 558
493 558
494 558
495 558
496 557
497 557
498 556
499 555
500 554
500 553
501 552
501 551
501 550
501 549
501 548
502 547
503 546
504 545
505 545
506 544
507 544
508 543
509 543
510 542
511 542
512 541
513 541
514 540
515 540
516 539
517 538
518 538
519 537
520 537
521 536
522 536
523 535
524 534
525 534
526 533
527 532
528 532
529 531
530 530
531 530
532 529
533 528
534 527
535 527
536 526
537 525
538 524
539 524
540 523
541 522
542 521
543 520
544 520
545 519
546 518
547 517
548 516
549 515
550 514
551 513
552 512
553 511
554 510
555 509
556 508
557 507
558 506
559 505
560 504
561 503
562 502
562 501
563 500
564 499
565 498
566 497
566 496
567 495
568 494
569 493
569 492
570 491
571 490
572 489
572 488
573 487
574 486
574 485
575 484
575 483
576 482
577 481
577 480
578 479
578 478
579 477
579 476
580 475
580 474
581 473
581 472
582 471
582 470
583 469
583 468
584 467
584 466
585 465
585 464
586 463
586 462
586 461
587 460
587 459
588 458
588 457
588 456
589 455
589 454
589 453
590 452
590 451
590 450
590 449
591 448
591 447
591 446
592 445
592 444
592 443
592 442
593 441
593 440
593 439
593 438
593 437
593 436
594 435
594 434
594 433
594 432
594 431
594 430
595 429
595 428
595 427
595 426
595 425
595 424
595 423
595 422
595 421
595 420
595 419
596 418
596 417
596 416
596 415
596 414
596 413
596 412
596 411
596 410
596 409
595 408
595 407
595 406
595 405
595 404
595 403
595 402
595 401
595 400
595 399
595 398
595 397
594 396
594 395
594 394
594 393
594 392
594 391
593 390
593 389
593 388
593 387
593 386
592 385
592 384
592 383
592 382
592 381
591 380
591 379
591 378
590 377
590 376
590 375
590 374
589 373
589 372
589 371
588 370
588 369
587 368
587 367
587 366
586 365
586 364
586 363
585 362
585 361
584 360
584 359
583 358
583 357
582 356
582 355
581 354
581 353
580 352
580 351
579 350
579 349
578 348
578 347
577 346
577 345
576 344
575 343
575 342
574 341
573 340
573 339
572 338
571 337
571 336
570 335
569 334
569 333
568 332
567 331
566 330
566 329
565 328
564 327
563 326
562 325
562 324
561 323
560 322
559 321
558 320
557 319
556 318
555 317
554 316
553 315
552 314
551 313
550 312
549 311
548 310
547 309
546 308
545 307
544 306
543 306
542 305
541 304
540 303
539 302
538 302
537 301
536 300
535 299
534 299
533 298
532 297
531 296
530 296
529 295
528 294
527 294
526 293
525 292
524 292
523 291
522 291
521 290
520 289
519 289
518 288
517 288
516 287
515 286
514 286
513 285
512 285
511 284
510 284
509 283
508 283
507 282
506 282
505 281
504 281
503 280
502 279
501 278
501 277
501 276
501 275
500 274
500 273
500 272
499 271
498 270
497 269
496 269
495 268
494 268
493 268
492 268
491 268
