541 336
540 337
539 337
538 337
537 337
536 337
535 338
534 338
533 338
532 338
531 339
530 339
529 339
528 340
527 340
526 341
525 341
524 341
523 342
522 342
521 343
520 344
519 344
518 345
517 345
516 346
515 347
514 347
513 348
512 348
511 349
510 350
509 350
508 351
507 351
506 352
505 353
504 353
503 354
502 354
501 354
500 354
499 353
498 353
497 352
496 352
495 351
494 350
493 349
492 348
491 348
490 347
489 346
488 345
487 345
486 345
485 345
485 346
484 347
484 348
484 349
484 350
484 351
484 352
484 353
484 354
484 355
484 356
484 357
484 358
484 359
484 360
484 361
484 362
484 363
484 364
484 365
484 366
484 367
484 368
484 369
484 370
484 371
484 372
484 373
484 374
484 375
484 376
484 377
484 378
484 379
484 380
484 381
484 382
484 383
484 384
484 385
484 386
484 387
484 388
484 389
484 390
484 391
484 392
484 393
484 394
484 395
484 396
484 397
484 398
484 399
484 400
484 401
484 402
484 403
484 404
484 405
484 406
484 407
484 408
484 409
484 410
484 411
484 412
484 413
484 414
484 415
484 416
484 417
484 418
484 419
484 420
484 421
484 422
484 423
484 424
484 425
484 426
484 427
484 428
484 429
484 430
484 431
485 432
486 432
487 432
488 432
489 431
490 430
491 430
492 429
493 428
494 427
495 426
496 426
497 425
498 424
499 424
500 423
501 423
502 423
503 423
504 424
505 424
506 425
507 426
508 426
509 427
510 427
511 428
512 429
513 429
514 430
515 430
516 431
517 432
518 432
519 433
520 434
521 434
522 435
523 435
524 436
525 436
526 437
527 437
528 437
529 438
530 438
531 438
532 439
533 439
534 439
535 440
536 440
537 440
538 440
539 440
540 441
541 441
542 441
543 441
544 441
545 441
546 441
547 441
548 441
549 441
550 441
551 441
552 441
553 441
554 441
555 441
556 441
557 441
558 440
559 440
560 440
561 440
562 440
563 439
564 439
565 439
566 439
567 438
568 438
569 437
570 437
571 437
572 436
573 436
574 435
575 435
576 434
577 434
578 433
579 433
580 432
581 431
582 431
583 430
584 429
585 428
586 427
587 427
588 426
589 425
590 424
591 423
591 422
592 421
593 420
594 419
594 418
595 417
596 416
596 415
597 414
598 413
598 412
599 411
599 410
600 409
600 408
600 407
601 406
601 405
601 404
602 403
602 402
602 401
603 400
603 399
603 398
603 397
603 396
604 395
604 394
604 393
604 392
604 391
604 390
604 389
604 388
604 387
604 386
604 385
604 384
604 383
604 382
603 381
603 380
603 379
603 378
603 377
602 376
602 375
602 374
601 373
601 372
601 371
600 370
600 369
600 368
599 367
599 366
598 365
598 364
597 363
596 362
596 361
595 360
594 359
594 358
593 357
592 356
591 355
590 354
589 353
589 352
588 351
587 351
586 350
585 349
584 348
583 347
582 347
581 346
580 345
579 345
578 344
577 343
576 343
575 342
574 342
573 341
572 341
571 340
570 340
569 340
568 339
567 339
566 339
565 338
564 338
563 338
562 337
561 337
560 337
559 337
558 337
557 337
556 336
555 336
554 336
553 336
552 336
551 336
550 336
549 336
548 336
547 336
546 336
545 336
544 336
543 336
542 336
541 336
