543 331
542 332
541 332
540 332
539 333
538 333
537 333
536 334
535 334
534 334
533 335
532 335
531 335
530 336
529 336
528 337
527 337
526 337
525 338
524 338
523 339
522 339
521 340
520 340
519 341
518 341
517 342
516 343
515 343
514 344
513 344
512 345
511 346
510 346
509 347
508 348
507 348
506 349
505 350
504 351
503 351
502 352
501 353
500 354
499 355
498 356
497 356
496 357
495 358
494 359
493 360
492 361
491 362
490 363
489 364
488 365
487 365
486 365
485 365
484 365
483 365
482 364
481 363
480 362
480 361
479 360
478 360
477 360
476 360
475 361
475 362
475 363
475 364
475 365
475 366
475 367
475 368
475 369
475 370
475 371
475 372
475 373
475 374
475 375
475 376
475 377
475 378
475 379
475 380
475 381
475 382
475 383
475 384
475 385
475 386
475 387
475 388
475 389
475 390
475 391
475 392
475 393
475 394
475 395
475 396
475 397
475 398
475 399
475 400
475 401
475 402
475 403
475 404
475 405
475 406
475 407
475 408
475 409
475 410
475 411
475 412
475 413
475 414
475 415
475 416
475 417
475 418
475 419
475 420
475 421
475 422
475 423
475 424
475 425
475 426
476 427
477 427
478 427
479 427
480 426
480 425
481 424
482 423
483 422
484 422
485 422
486 422
487 422
488 422
489 423
490 424
491 425
492 426
493 427
494 428
495 429
496 430
497 431
498 431
499 432
500 433
501 434
502 435
503 436
504 436
505 437
506 438
507 439
508 439
509 440
510 441
511 441
512 442
513 443
514 443
515 444
516 444
517 445
518 446
519 446
520 447
521 447
522 448
523 448
524 449
525 449
526 450
527 450
528 450
529 451
530 451
531 452
532 452
533 452
534 453
535 453
536 453
537 454
538 454
539 454
540 455
541 455
542 455
543 456
544 456
545 456
546 456
547 456
548 456
549 456
550 456
551 456
552 456
553 456
554 456
555 455
556 455
557 455
558 455
559 454
560 454
561 454
562 454
563 453
564 453
565 452
566 452
567 451
568 451
569 450
570 450
571 449
572 449
573 448
574 447
575 447
576 446
577 445
578 445
579 444
580 443
581 442
582 441
583 441
584 440
585 439
586 438
587 437
588 436
589 435
590 434
591 433
592 432
592 431
593 430
594 429
595 428
596 427
596 426
597 425
598 424
598 423
599 422
599 421
600 420
601 419
601 418
602 417
602 416
603 415
603 414
603 413
604 412
604 411
605 410
605 409
605 408
606 407
606 406
606 405
607 404
607 403
607 402
607 401
607 400
607 399
608 398
608 397
608 396
608 395
608 394
608 393
608 392
608 391
608 390
608 389
607 388
607 387
607 386
607 385
607 384
607 383
606 382
606 381
606 380
605 379
605 378
605 377
604 376
604 375
603 374
603 373
603 372
602 371
602 370
601 369
601 368
600 367
599 366
599 365
598 364
598 363
597 362
596 361
595 360
595 359
594 358
593 357
592 356
592 355
591 354
590 353
589 352
588 351
587 350
586 349
585 348
584 347
583 346
582 346
581 345
580 344
579 343
578 342
577 342
576 341
575 340
574 340
573 339
572 338
571 338
570 337
569 337
568 336
567 336
566 335
565 335
564 334
563 334
562 333
561 333
560 333
559 333
558 332
557 332
556 332
555 332
554 331
553 331
552 331
551 331
550 331
549 331
548 331
547 331
546 331
545 331
544 331
543 331
