532 289
531 290
530 290
529 290
528 290
527 290
526 290
525 290
524 291
523 291
522 291
521 291
520 291
519 292
518 292
517 292
516 292
515 293
514 293
513 293
512 293
511 294
510 294
509 294
508 295
507 295
506 295
505 295
504 296
503 296
502 297
501 297
500 297
499 298
498 298
497 298
496 299
495 299
494 299
493 300
492 300
491 301
490 301
489 302
488 302
487 302
486 303
485 303
484 304
483 304
482 305
481 305
480 305
479 306
478 306
477 307
476 307
475 308
474 308
473 309
472 309
471 310
470 310
469 311
468 311
467 312
466 312
465 313
464 313
463 314
462 314
461 315
460 315
459 316
458 316
457 317
456 318
455 318
454 319
453 319
452 320
451 320
450 321
449 321
448 322
447 322
446 323
445 323
444 324
443 325
442 325
441 326
440 326
439 327
438 327
437 328
436 328
435 329
434 329
433 329
432 329
431 328
430 328
429 327
428 326
427 325
426 325
425 324
424 323
423 323
422 322
421 321
420 320
419 320
418 319
417 318
416 317
415 317
414 316
413 316
412 316
411 316
410 317
410 318
410 319
410 320
410 321
410 322
410 323
410 324
410 325
410 326
410 327
410 328
410 329
410 330
410 331
410 332
410 333
410 334
410 335
410 336
410 337
410 338
410 339
410 340
410 341
410 342
410 343
410 344
410 345
410 346
410 347
410 348
410 349
410 350
410 351
410 352
410 353
410 354
410 355
410 356
410 357
410 358
410 359
410 360
410 361
410 362
410 363
410 364
410 365
410 366
410 367
410 368
410 369
410 370
410 371
410 372
410 373
410 374
410 375
410 376
410 377
410 378
410 379
410 380
410 381
410 382
410 383
410 384
410 385
410 386
410 387
410 388
410 389
410 390
410 391
410 392
410 393
410 394
410 395
410 396
409 397
409 398
409 399
409 400
410 401
410 402
410 403
410 404
410 405
410 406
410 407
410 408
410 409
410 410
410 411
410 412
410 413
410 414
410 415
410 416
410 417
410 418
410 419
410 420
410 421
410 422
410 423
410 424
410 425
410 426
410 427
410 428
410 429
410 430
410 431
410 432
410 433
410 434
410 435
410 436
410 437
410 438
410 439
410 440
410 441
410 442
410 443
410 444
410 445
410 446
410 447
410 448
410 449
410 450
410 451
410 452
410 453
410 454
410 455
410 456
410 457
410 458
410 459
410 460
410 461
410 462
410 463
410 464
410 465
410 466
410 467
410 468
410 469
410 470
410 471
410 472
410 473
410 474
410 475
410 476
410 477
410 478
410 479
410 480
411 481
412 482
413 481
414 481
415 481
416 480
417 479
418 478
419 478
420 477
421 476
422 475
423 475
424 474
425 473
426 473
427 472
428 471
429 470
430 470
431 469
432 468
433 468
434 468
435 468
436 469
437 470
438 470
439 471
440 471
441 472
442 472
443 473
444 473
445 474
446 474
447 475
448 475
449 476
450 477
451 477
452 478
453 478
454 479
455 479
456 480
457 480
458 481
459 481
460 482
461 482
462 483
463 483
464 484
465 484
466 485
467 485
468 486
469 486
470 487
471 487
472 488
473 488
474 489
475 489
476 490
477 490
478 491
479 491
480 492
481 492
482 493
483 493
484 494
485 494
486 495
487 495
488 495
489 496
490 496
491 497
492 497
493 497
494 498
495 498
496 499
497 499
498 499
499 500
500 500
501 500
502 501
503 501
504 501
505 502
506 502
507 502
508 503
509 503
510 503
511 504
512 504
513 504
514 504
515 505
516 505
517 505
518 505
519 506
520 506
521 506
522 506
523 506
524 507
525 507
526 507
527 507
528 507
529 507
530 508
531 508
532 508
533 508
534 508
535 508
536 508
537 508
538 508
539 508
540 508
541 508
542 508
543 508
544 508
545 508
546 508
547 508
548 508
549 508
550 508
551 508
552 508
553 508
554 508
555 508
556 508
557 508
558 508
559 508
560 508
561 508
562 508
563 508
564 508
565 507
566 507
567 507
568 507
569 507
570 507
571 507
572 507
573 507
574 506
575 506
576 506
577 506
578 506
579 506
580 506
581 505
582 505
583 505
584 505
585 505
586 504
587 504
588 504
589 504
590 504
591 503
592 503
593 503
594 503
595 502
596 502
597 502
598 502
599 501
600 501
601 501
602 501
603 500
604 500
605 500
606 499
607 499
608 499
609 498
610 498
611 498
612 498
613 497
614 497
615 496
616 496
617 496
618 495
619 495
620 495
621 494
622 494
623 493
624 493
625 492
626 492
627 492
628 491
629 491
630 490
631 490
632 489
633 489
634 488
635 488
636 487
637 487
638 486
639 486
640 485
641 485
642 484
643 483
644 483
645 482
646 482
647 481
648 480
649 480
650 479
651 478
652 478
653 477
654 476
655 476
656 475
657 474
658 473
659 473
660 472
661 471
662 470
663 469
664 469
665 468
666 467
667 466
668 465
669 464
670 463
671 462
672 461
673 460
674 459
675 458
676 457
677 456
677 455
678 454
679 453
680 452
681 451
681 450
682 449
683 448
684 447
684 446
685 445
686 444
686 443
687 442
687 441
688 440
688 439
689 438
690 437
690 436
691 435
691 434
692 433
692 432
692 431
693 430
693 429
694 428
694 427
694 426
695 425
695 424
695 423
696 422
696 421
696 420
696 419
697 418
697 417
697 416
697 415
698 414
698 413
698 412
698 411
698 410
698 409
698 408
699 407
699 406
699 405
699 404
699 403
699 402
699 401
699 400
699 399
699 398
699 397
699 396
699 395
699 394
699 393
699 392
699 391
699 390
698 389
698 388
698 387
698 386
698 385
698 384
698 383
697 382
697 381
697 380
697 379
696 378
696 377
696 376
696 375
695 374
695 373
695 372
694 371
694 370
693 369
693 368
693 367
692 366
692 365
691 364
691 363
690 362
690 361
689 360
689 359
688 358
688 357
687 356
687 355
686 354
685 353
685 352
684 351
683 350
683 349
682 348
681 347
680 346
680 345
679 344
678 343
677 342
676 341
675 340
675 339
674 338
673 337
672 336
671 335
670 334
669 333
668 332
667 331
666 330
665 330
664 329
663 328
662 327
661 326
660 325
659 325
658 324
657 323
656 322
655 322
654 321
653 320
652 320
651 319
650 318
649 318
648 317
647 316
646 316
645 315
644 314
643 314
642 313
641 313
640 312
639 312
638 311
637 311
636 310
635 310
634 309
633 309
632 308
631 308
630 307
629 307
628 306
627 306
626 305
625 305
624 304
623 304
622 304
621 303
620 303
619 302
618 302
617 302
616 301
615 301
614 300
613 300
612 300
611 299
610 299
609 299
608 298
607 298
606 298
605 298
604 297
603 297
602 297
601 296
600 296
599 296
598 296
597 295
596 295
595 295
594 295
593 294
592 294
591 294
590 294
589 293
588 293
587 293
586 293
585 293
584 292
583 292
582 292
581 292
580 292
579 292
578 291
577 291
576 291
575 291
574 291
573 291
572 291
571 290
570 290
569 290
568 290
567 290
566 290
565 290
564 290
563 290
562 290
561 289
560 289
559 289
558 289
557 289
556 289
555 289
554 289
553 289
552 289
551 289
550 289
549 289
548 289
547 289
546 289
545 289
544 289
543 289
542 289
541 289
540 289
539 289
538 289
537 289
536 289
535 289
534 289
533 289
532 289
