547 282
546 283
545 283
544 283
543 283
542 283
541 283
540 283
539 283
538 283
537 283
536 283
535 283
534 283
533 283
532 283
531 283
530 283
529 283
528 283
527 284
526 284
525 284
524 284
523 284
522 284
521 284
520 284
519 284
518 285
517 285
516 285
515 285
514 285
513 285
512 285
511 286
510 286
509 286
508 286
507 286
506 286
505 287
504 287
503 287
502 287
501 288
500 288
499 288
498 288
497 288
496 289
495 289
494 289
493 289
492 290
491 290
490 290
489 290
488 291
487 291
486 291
485 292
484 292
483 292
482 293
481 293
480 293
479 294
478 294
477 294
476 295
475 295
474 295
473 296
472 296
471 296
470 297
469 297
468 297
467 298
466 298
465 299
464 299
463 300
462 300
461 300
460 301
459 301
458 302
457 302
456 303
455 303
454 304
453 304
452 305
451 305
450 306
449 306
448 307
447 307
446 308
445 309
444 309
443 310
442 310
441 311
440 311
439 312
438 312
437 313
436 313
435 314
434 314
433 315
432 315
431 316
430 316
429 317
428 317
427 318
426 318
425 319
424 319
423 320
422 320
421 321
420 321
419 322
418 322
417 323
416 323
415 324
414 324
413 325
412 325
411 325
410 326
409 326
408 327
407 327
406 327
405 328
404 328
403 328
402 328
401 328
400 329
399 329
398 329
397 329
396 329
395 328
394 328
393 328
392 328
391 328
390 327
389 327
388 327
387 326
386 326
385 325
384 324
383 324
382 323
381 323
380 322
379 322
378 321
377 320
376 320
375 319
374 318
373 318
372 317
371 316
370 316
369 315
368 314
367 314
366 313
365 312
364 312
363 312
362 311
361 312
360 312
359 313
359 314
359 315
359 316
359 317
359 318
359 319
359 320
359 321
359 322
359 323
359 324
359 325
359 326
359 327
359 328
359 329
359 330
359 331
359 332
359 333
359 334
359 335
359 336
359 337
359 338
359 339
359 340
359 341
359 342
359 343
359 344
359 345
359 346
359 347
359 348
359 349
359 350
359 351
359 352
359 353
359 354
359 355
359 356
359 357
359 358
359 359
359 360
359 361
359 362
359 363
359 364
359 365
359 366
359 367
359 368
359 369
359 370
359 371
359 372
359 373
359 374
359 375
359 376
359 377
359 378
359 379
359 380
359 381
359 382
359 383
359 384
359 385
359 386
359 387
359 388
359 389
359 390
359 391
359 392
359 393
359 394
359 395
359 396
359 397
359 398
359 399
359 400
359 401
359 402
359 403
359 404
359 405
359 406
359 407
359 408
359 409
359 410
359 411
359 412
359 413
359 414
359 415
359 416
359 417
359 418
359 419
359 420
359 421
359 422
359 423
359 424
359 425
359 426
359 427
359 428
359 429
359 430
359 431
359 432
359 433
359 434
359 435
359 436
359 437
359 438
359 439
359 440
359 441
359 442
359 443
359 444
359 445
359 446
359 447
359 448
359 449
359 450
359 451
359 452
359 453
359 454
359 455
359 456
359 457
359 458
359 459
359 460
359 461
359 462
359 463
359 464
359 465
359 466
359 467
359 468
359 469
359 470
359 471
359 472
359 473
359 474
359 475
359 476
359 477
359 478
359 479
359 480
359 481
359 482
359 483
359 484
359 485
359 486
359 487
359 488
359 489
359 490
359 491
359 492
360 493
361 494
362 494
363 494
364 493
365 493
366 492
367 492
368 491
369 490
370 490
371 489
372 488
373 488
374 487
375 486
376 486
377 485
378 484
379 484
380 483
381 483
382 482
383 481
384 481
385 480
386 480
387 479
388 479
389 478
390 478
391 478
392 478
393 477
394 477
395 477
396 477
397 477
398 477
399 477
400 477
401 477
402 477
403 477
404 477
405 478
406 478
407 478
408 479
409 479
410 479
411 480
412 480
413 481
414 481
415 482
416 482
417 483
418 483
419 483
420 484
421 484
422 485
423 485
424 486
425 486
426 487
427 487
428 488
429 488
430 489
431 489
432 490
433 491
434 491
435 492
436 492
437 493
438 493
439 494
440 494
441 495
442 495
443 496
444 496
445 497
446 497
447 498
448 498
449 499
450 500
451 500
452 501
453 501
454 502
455 502
456 503
457 503
458 504
459 504
460 504
461 505
462 505
463 506
464 506
465 507
466 507
467 507
468 508
469 508
470 509
471 509
472 509
473 510
474 510
475 511
476 511
477 511
478 512
479 512
480 512
481 513
482 513
483 513
484 513
485 514
486 514
487 514
488 515
489 515
490 515
491 515
492 516
493 516
494 516
495 516
496 517
497 517
498 517
499 517
500 518
501 518
502 518
503 518
504 518
505 519
506 519
507 519
508 519
509 519
510 520
511 520
512 520
513 520
514 520
515 520
516 521
517 521
518 521
519 521
520 521
521 521
522 521
523 521
524 522
525 522
526 522
527 522
528 522
529 522
530 522
531 522
532 522
533 522
534 522
535 522
536 523
537 523
538 523
539 523
540 523
541 523
542 523
543 523
544 523
545 523
546 523
547 523
548 523
549 523
550 523
551 523
552 523
553 523
554 523
555 523
556 523
557 523
558 523
559 523
560 523
561 523
562 522
563 522
564 522
565 522
566 522
567 522
568 522
569 522
570 522
571 522
572 522
573 522
574 522
575 521
576 521
577 521
578 521
579 521
580 521
581 521
582 521
583 520
584 520
585 520
586 520
587 520
588 520
589 519
590 519
591 519
592 519
593 519
594 518
595 518
596 518
597 518
598 518
599 517
600 517
601 517
602 517
603 516
604 516
605 516
606 516
607 515
608 515
609 515
610 515
611 514
612 514
613 514
614 513
615 513
616 513
617 512
618 512
619 512
620 511
621 511
622 511
623 510
624 510
625 510
626 509
627 509
628 509
629 508
630 508
631 507
632 507
633 506
634 506
635 506
636 505
637 505
638 504
639 504
640 503
641 503
642 502
643 502
644 501
645 501
646 500
647 500
648 499
649 499
650 498
651 498
652 497
653 497
654 496
655 495
656 495
657 494
658 494
659 493
660 492
661 492
662 491
663 490
664 490
665 489
666 488
667 488
668 487
669 486
670 485
671 485
672 484
673 483
674 482
675 481
676 481
677 480
678 479
679 478
680 477
681 476
682 475
683 474
684 473
685 472
686 471
687 470
688 469
689 468
690 467
691 466
691 465
692 464
693 463
694 462
695 461
695 460
696 459
697 458
698 457
698 456
699 455
700 454
700 453
701 452
701 451
702 450
703 449
703 448
704 447
704 446
705 445
705 444
706 443
706 442
707 441
707 440
708 439
708 438
708 437
709 436
709 435
710 434
710 433
710 432
711 431
711 430
711 429
712 428
712 427
712 426
712 425
713 424
713 423
713 422
713 421
713 420
714 419
714 418
714 417
714 416
714 415
714 414
715 413
715 412
715 411
715 410
715 409
715 408
715 407
715 406
715 405
715 404
715 403
715 402
715 401
715 400
715 399
715 398
715 397
715 396
715 395
715 394
715 393
714 392
714 391
714 390
714 389
714 388
714 387
714 386
713 385
713 384
713 383
713 382
712 381
712 380
712 379
712 378
711 377
711 376
711 375
711 374
710 373
710 372
709 371
709 370
709 369
708 368
708 367
707 366
707 365
707 364
706 363
706 362
705 361
705 360
704 359
703 358
703 357
702 356
702 355
701 354
701 353
700 352
699 351
699 350
698 349
697 348
697 347
696 346
695 345
694 344
694 343
693 342
692 341
691 340
690 339
689 338
688 337
688 336
687 335
686 334
685 333
684 332
683 331
682 330
681 329
680 328
679 327
678 327
677 326
676 325
675 324
674 323
673 322
672 322
671 321
670 320
669 319
668 319
667 318
666 317
665 316
664 316
663 315
662 314
661 314
660 313
659 312
658 312
657 311
656 311
655 310
654 309
653 309
652 308
651 308
650 307
649 307
648 306
647 305
646 305
645 304
644 304
643 303
642 303
641 302
640 302
639 302
638 301
637 301
636 300
635 300
634 299
633 299
632 298
631 298
630 298
629 297
628 297
627 296
626 296
625 296
624 295
623 295
622 295
621 294
620 294
619 294
618 293
617 293
616 293
615 292
614 292
613 292
612 291
611 291
610 291
609 291
608 290
607 290
606 290
605 289
604 289
603 289
602 289
601 288
600 288
599 288
598 288
597 288
596 287
595 287
594 287
593 287
592 287
591 286
590 286
589 286
588 286
587 286
586 285
585 285
584 285
583 285
582 285
581 285
580 285
579 284
578 284
577 284
576 284
575 284
574 284
573 284
572 284
571 284
570 283
569 283
568 283
567 283
566 283
565 283
564 283
563 283
562 283
561 283
560 283
559 283
558 283
557 283
556 283
555 283
554 283
553 283
552 283
551 283
550 282
549 282
548 282
547 282
