511 204
510 205
509 205
508 205
507 205
506 205
505 205
504 205
503 205
502 205
501 206
500 206
499 206
498 206
497 206
496 206
495 207
494 207
493 207
492 207
491 207
490 207
489 208
488 208
487 208
486 208
485 208
484 209
483 209
482 210
481 210
480 210
479 211
478 211
477 212
476 212
475 213
474 214
473 214
472 215
471 216
470 216
469 217
468 218
467 218
466 219
465 220
464 221
463 222
462 223
461 223
460 224
459 225
458 226
457 227
456 228
455 229
454 230
453 231
452 232
451 233
450 234
450 235
449 236
448 237
447 238
446 239
446 240
445 241
444 242
443 243
443 244
442 245
441 246
441 247
440 248
439 249
439 250
438 251
437 252
437 253
436 254
435 255
435 256
434 257
434 258
433 259
432 260
432 261
431 262
431 263
430 264
430 265
429 266
429 267
428 268
428 269
428 270
427 271
427 272
426 273
426 274
425 275
425 276
424 277
424 278
424 279
423 280
423 281
422 282
422 283
421 284
421 285
420 286
420 287
419 288
419 289
418 290
417 291
417 292
416 293
415 294
414 295
413 295
412 295
411 295
410 295
409 294
408 294
407 293
406 292
405 292
404 291
403 290
402 290
401 289
400 289
399 289
398 289
397 289
396 289
395 290
394 291
393 292
393 293
392 294
392 295
392 296
392 297
392 298
392 299
392 300
392 301
392 302
392 303
392 304
392 305
392 306
392 307
392 308
392 309
392 310
392 311
392 312
392 313
392 314
392 315
392 316
392 317
392 318
392 319
392 320
392 321
392 322
392 323
392 324
392 325
392 326
392 327
392 328
392 329
392 330
392 331
392 332
392 333
392 334
392 335
392 336
392 337
392 338
392 339
392 340
392 341
392 342
392 343
392 344
392 345
392 346
392 347
392 348
392 349
392 350
392 351
392 352
392 353
392 354
392 355
392 356
392 357
392 358
392 359
392 360
392 361
392 362
392 363
392 364
392 365
392 366
392 367
392 368
392 369
392 370
392 371
392 372
392 373
392 374
392 375
392 376
392 377
392 378
392 379
392 380
392 381
392 382
392 383
392 384
392 385
392 386
392 387
392 388
392 389
392 390
392 391
392 392
392 393
392 394
392 395
392 396
392 397
392 398
392 399
392 400
392 401
392 402
392 403
392 404
392 405
392 406
392 407
392 408
392 409
392 410
392 411
392 412
392 413
392 414
392 415
392 416
392 417
392 418
392 419
392 420
392 421
392 422
392 423
392 424
392 425
392 426
392 427
392 428
392 429
392 430
392 431
392 432
392 433
392 434
392 435
392 436
392 437
392 438
392 439
392 440
392 441
392 442
392 443
392 444
392 445
392 446
392 447
392 448
392 449
392 450
392 451
392 452
392 453
392 454
392 455
392 456
392 457
392 458
392 459
392 460
392 461
392 462
392 463
392 464
392 465
392 466
392 467
392 468
392 469
392 470
392 471
392 472
392 473
392 474
392 475
392 476
392 477
392 478
392 479
392 480
392 481
392 482
392 483
392 484
392 485
392 486
392 487
392 488
392 489
392 490
392 491
392 492
392 493
392 494
392 495
392 496
392 497
393 498
393 499
394 500
395 501
396 501
397 502
398 502
399 502
400 502
401 501
402 501
403 500
404 500
405 499
406 498
407 498
408 497
409 496
410 496
411 495
412 495
413 496
414 496
415 497
416 498
417 499
418 500
418 501
419 502
419 503
420 504
420 505
421 506
421 507
422 508
422 509
423 510
423 511
424 512
424 513
425 514
425 515
426 516
426 517
426 518
427 519
427 520
428 521
428 522
429 523
429 524
430 525
430 526
431 527
431 528
432 529
432 530
433 531
434 532
434 533
435 534
435 535
436 536
437 537
437 538
438 539
439 540
439 541
440 542
441 543
441 544
442 545
443 546
444 547
444 548
445 549
446 550
447 551
447 552
448 553
449 554
450 555
451 556
451 557
452 558
453 559
454 560
455 561
456 562
457 562
458 563
459 564
460 565
461 566
462 567
463 568
464 569
465 569
466 570
467 571
468 572
469 572
470 573
471 574
472 574
473 575
474 576
475 576
476 577
477 577
478 578
479 578
480 579
481 579
482 580
483 580
484 581
485 581
486 581
487 581
488 581
489 582
490 582
491 582
492 582
493 582
494 582
495 583
496 583
497 583
498 583
499 583
500 583
501 584
502 584
503 584
504 584
505 584
506 584
507 584
508 584
509 585
510 585
511 585
512 585
513 585
514 585
515 585
516 585
517 585
518 585
519 585
520 585
521 585
522 585
523 586
524 586
525 586
526 586
527 586
528 586
529 586
530 586
531 586
532 586
533 586
534 586
535 586
536 586
537 586
538 586
539 585
540 585
541 585
542 585
543 585
544 585
545 585
546 585
547 585
548 585
549 585
550 585
551 585
552 585
553 585
554 584
555 584
556 584
557 584
558 584
559 584
560 584
561 584
562 584
563 583
564 583
565 583
566 583
567 583
568 583
569 582
570 582
571 582
572 582
573 582
574 581
575 581
576 581
577 581
578 581
579 580
580 580
581 580
582 580
583 580
584 579
585 579
586 579
587 578
588 578
589 578
590 578
591 577
592 577
593 577
594 577
595 576
596 576
597 576
598 575
599 575
600 575
601 574
602 574
603 574
604 573
605 573
606 573
607 572
608 572
609 571
610 571
611 571
612 570
613 570
614 570
615 569
616 569
617 568
618 568
619 567
620 567
621 567
622 566
623 566
624 565
625 565
626 564
627 564
628 563
629 563
630 562
631 562
632 561
633 561
634 560
635 560
636 559
637 558
638 558
639 557
640 557
641 556
642 556
643 555
644 554
645 554
646 553
647 553
648 552
649 551
650 551
651 550
652 549
653 549
654 548
655 547
656 546
657 546
658 545
659 544
660 544
661 543
662 542
663 541
664 541
665 540
666 539
667 538
668 537
669 537
670 536
671 535
672 534
673 533
674 532
675 531
676 530
677 529
678 529
679 528
680 527
681 526
682 525
683 524
684 523
685 522
685 521
686 520
687 519
688 518
689 517
690 516
691 515
692 514
693 513
694 512
694 511
695 510
696 509
697 508
698 507
698 506
699 505
700 504
701 503
701 502
702 501
703 500
703 499
704 498
705 497
706 496
706 495
707 494
708 493
708 492
709 491
709 490
710 489
711 488
711 487
712 486
712 485
713 484
714 483
714 482
715 481
715 480
716 479
716 478
717 477
717 476
718 475
718 474
719 473
719 472
720 471
720 470
721 469
721 468
722 467
722 466
722 465
723 464
723 463
724 462
724 461
724 460
725 459
725 458
726 457
726 456
726 455
727 454
727 453
727 452
728 451
728 450
728 449
729 448
729 447
729 446
730 445
730 444
730 443
730 442
731 441
731 440
731 439
732 438
732 437
732 436
732 435
732 434
733 433
733 432
733 431
733 430
734 429
734 428
734 427
734 426
734 425
734 424
735 423
735 422
735 421
735 420
735 419
735 418
735 417
736 416
736 415
736 414
736 413
736 412
736 411
736 410
736 409
736 408
736 407
736 406
737 405
737 404
737 403
737 402
737 401
737 400
737 399
737 398
737 397
737 396
737 395
737 394
737 393
737 392
737 391
737 390
737 389
737 388
737 387
737 386
737 385
737 384
736 383
736 382
736 381
736 380
736 379
736 378
736 377
736 376
736 375
736 374
736 373
735 372
735 371
735 370
735 369
735 368
735 367
735 366
734 365
734 364
734 363
734 362
734 361
733 360
733 359
733 358
733 357
733 356
732 355
732 354
732 353
732 352
731 351
731 350
731 349
731 348
730 347
730 346
730 345
729 344
729 343
729 342
729 341
728 340
728 339
728 338
727 337
727 336
727 335
726 334
726 333
725 332
725 331
725 330
724 329
724 328
724 327
723 326
723 325
722 324
722 323
721 322
721 321
721 320
720 319
720 318
719 317
719 316
718 315
718 314
717 313
717 312
716 311
716 310
715 309
715 308
714 307
713 306
713 305
712 304
712 303
711 302
710 301
710 300
709 299
709 298
708 297
707 296
707 295
706 294
705 293
705 292
704 291
703 290
703 289
702 288
701 287
700 286
700 285
699 284
698 283
697 282
697 281
696 280
695 279
694 278
693 277
692 276
692 275
691 274
690 273
689 272
688 271
687 270
686 269
685 268
684 267
683 266
682 265
681 264
680 263
679 262
678 261
677 260
676 259
675 258
674 257
673 256
672 255
671 254
670 254
669 253
668 252
667 251
666 250
665 249
664 249
663 248
662 247
661 246
660 246
659 245
658 244
657 243
656 243
655 242
654 241
653 241
652 240
651 239
650 239
649 238
648 237
647 237
646 236
645 235
644 235
643 234
642 234
641 233
640 232
639 232
638 231
637 231
636 230
635 230
634 229
633 229
632 228
631 228
630 227
629 226
628 226
627 226
626 225
625 225
624 224
623 224
622 223
621 223
620 222
619 222
618 221
617 221
616 221
615 220
614 220
613 219
612 219
611 218
610 218
609 218
608 217
607 217
606 217
605 216
604 216
603 216
602 215
601 215
600 215
599 214
598 214
597 214
596 213
595 213
594 213
593 212
592 212
591 212
590 212
589 211
588 211
587 211
586 210
585 210
584 210
583 210
582 209
581 209
580 209
579 209
578 209
577 208
576 208
575 208
574 208
573 208
572 207
571 207
570 207
569 207
568 207
567 206
566 206
565 206
564 206
563 206
562 206
561 206
560 205
559 205
558 205
557 205
556 205
555 205
554 205
553 205
552 205
551 204
550 204
549 204
548 204
547 204
546 204
545 204
544 204
543 204
542 204
541 204
540 204
539 204
538 204
537 204
536 204
535 204
534 204
533 204
532 204
531 204
530 204
529 204
528 204
527 204
526 204
525 204
524 204
523 204
522 204
521 204
520 204
519 204
518 204
517 204
516 204
515 204
514 204
513 204
512 204
511 204
