503 182
502 183
501 183
500 183
499 183
498 183
497 184
496 184
495 184
494 184
493 185
492 185
491 185
490 185
489 186
488 186
487 186
486 187
485 187
484 188
483 188
482 188
481 189
480 189
479 190
478 190
477 191
476 191
475 192
474 192
473 193
472 193
471 194
470 194
469 195
468 195
467 196
466 197
465 197
464 198
463 199
462 199
461 200
460 201
459 201
458 202
457 203
456 204
455 204
454 205
453 206
452 207
451 208
450 208
449 209
448 210
447 210
446 211
445 212
444 213
443 213
442 214
441 214
440 214
439 215
438 215
437 215
436 215
435 215
434 215
433 214
432 214
431 214
430 213
429 212
428 211
427 210
426 209
425 209
424 208
423 208
422 208
421 208
420 208
419 209
418 209
417 210
416 211
415 212
415 213
414 214
414 215
414 216
414 217
414 218
414 219
414 220
414 221
414 222
414 223
414 224
414 225
414 226
414 227
414 228
414 229
414 230
414 231
414 232
414 233
414 234
414 235
414 236
414 237
414 238
414 239
414 240
414 241
414 242
414 243
414 244
414 245
414 246
414 247
414 248
414 249
414 250
414 251
414 252
414 253
414 254
414 255
414 256
414 257
414 258
414 259
414 260
414 261
414 262
414 263
414 264
414 265
414 266
414 267
414 268
414 269
414 270
414 271
414 272
414 273
414 274
414 275
414 276
414 277
414 278
414 279
414 280
414 281
414 282
414 283
414 284
414 285
414 286
414 287
414 288
414 289
414 290
414 291
414 292
414 293
414 294
414 295
414 296
414 297
414 298
414 299
414 300
414 301
414 302
414 303
414 304
414 305
414 306
414 307
414 308
414 309
414 310
414 311
414 312
414 313
414 314
414 315
414 316
414 317
414 318
414 319
414 320
414 321
414 322
414 323
414 324
414 325
414 326
414 327
414 328
414 329
414 330
414 331
414 332
414 333
414 334
414 335
414 336
414 337
414 338
414 339
414 340
414 341
414 342
414 343
414 344
414 345
414 346
414 347
414 348
414 349
414 350
414 351
414 352
414 353
414 354
414 355
414 356
414 357
414 358
414 359
414 360
414 361
414 362
414 363
414 364
414 365
414 366
414 367
414 368
414 369
414 370
414 371
414 372
414 373
414 374
414 375
414 376
414 377
414 378
414 379
414 380
414 381
414 382
414 383
414 384
414 385
414 386
414 387
414 388
414 389
414 390
414 391
414 392
414 393
414 394
414 395
414 396
414 397
414 398
414 399
414 400
414 401
414 402
414 403
414 404
414 405
414 406
414 407
414 408
414 409
414 410
414 411
414 412
414 413
414 414
414 415
414 416
414 417
414 418
414 419
414 420
414 421
414 422
414 423
414 424
414 425
414 426
414 427
414 428
414 429
414 430
414 431
414 432
414 433
414 434
414 435
414 436
414 437
414 438
414 439
414 440
414 441
414 442
414 443
414 444
414 445
414 446
414 447
414 448
414 449
414 450
414 451
414 452
414 453
414 454
414 455
414 456
414 457
414 458
414 459
414 460
414 461
414 462
414 463
414 464
414 465
414 466
414 467
414 468
414 469
414 470
414 471
414 472
414 473
414 474
414 475
414 476
414 477
414 478
414 479
414 480
414 481
414 482
414 483
414 484
414 485
414 486
414 487
414 488
414 489
414 490
414 491
414 492
414 493
414 494
414 495
414 496
414 497
414 498
414 499
414 500
414 501
414 502
414 503
414 504
414 505
414 506
414 507
414 508
414 509
414 510
414 511
414 512
414 513
414 514
414 515
414 516
414 517
414 518
414 519
414 520
414 521
414 522
414 523
414 524
414 525
414 526
414 527
414 528
414 529
414 530
414 531
414 532
414 533
414 534
414 535
414 536
414 537
414 538
414 539
414 540
414 541
414 542
414 543
414 544
414 545
414 546
414 547
414 548
414 549
414 550
414 551
414 552
414 553
414 554
414 555
414 556
414 557
414 558
414 559
414 560
414 561
414 562
414 563
414 564
414 565
414 566
414 567
414 568
414 569
414 570
414 571
414 572
414 573
414 574
414 575
414 576
414 577
414 578
414 579
414 580
414 581
414 582
414 583
414 584
414 585
414 586
414 587
414 588
414 589
414 590
414 591
414 592
414 593
414 594
414 595
414 596
414 597
414 598
414 599
414 600
414 601
414 602
414 603
414 604
414 605
414 606
414 607
414 608
414 609
414 610
414 611
414 612
415 613
415 614
416 615
417 616
418 616
419 617
420 617
421 617
422 618
423 617
424 617
425 617
426 616
427 615
428 615
429 614
430 613
431 612
432 612
433 611
434 611
435 611
436 611
437 611
438 611
439 611
440 611
441 611
442 612
443 612
444 613
445 614
446 614
447 615
448 616
449 617
450 617
451 618
452 619
453 620
454 620
455 621
456 622
457 623
458 624
459 624
460 625
461 626
462 626
463 627
464 628
465 628
466 629
467 630
468 630
469 631
470 631
471 632
472 632
473 633
474 633
475 634
476 634
477 635
478 635
479 636
480 636
481 637
482 637
483 638
484 638
485 638
486 639
487 639
488 639
489 640
490 640
491 640
492 641
493 641
494 641
495 641
496 642
497 642
498 642
499 642
500 643
501 643
502 643
503 643
504 643
505 643
506 643
507 644
508 644
509 644
510 644
511 644
512 644
513 644
514 644
515 644
516 644
517 644
518 644
519 643
520 643
521 643
522 643
523 643
524 643
525 642
526 642
527 642
528 642
529 641
530 641
531 641
532 641
533 640
534 640
535 640
536 639
537 639
538 639
539 638
540 638
541 637
542 637
543 636
544 636
545 636
546 635
547 635
548 634
549 634
550 633
551 632
552 632
553 631
554 631
555 630
556 630
557 629
558 628
559 628
560 627
561 626
562 625
563 625
564 624
565 623
566 622
567 622
568 621
569 620
570 619
571 618
572 617
573 616
574 616
575 615
576 614
577 613
578 612
579 611
580 610
580 609
581 608
582 607
583 606
584 605
585 604
586 603
587 602
587 601
588 600
589 599
590 598
591 597
591 596
592 595
593 594
594 593
594 592
595 591
596 590
596 589
597 588
598 587
598 586
599 585
600 584
600 583
601 582
602 581
602 580
603 579
603 578
604 577
605 576
605 575
606 574
606 573
607 572
607 571
608 570
608 569
609 568
609 567
610 566
611 565
611 564
612 563
612 562
613 561
613 560
613 559
614 558
614 557
615 556
615 555
616 554
616 553
617 552
617 551
618 550
618 549
618 548
619 547
619 546
620 545
620 544
621 543
621 542
621 541
622 540
622 539
622 538
623 537
623 536
624 535
624 534
624 533
625 532
625 531
625 530
626 529
626 528
626 527
627 526
627 525
627 524
628 523
628 522
628 521
629 520
629 519
629 518
630 517
630 516
630 515
631 514
631 513
631 512
631 511
632 510
632 509
632 508
633 507
633 506
633 505
633 504
634 503
634 502
634 501
634 500
635 499
635 498
635 497
635 496
636 495
636 494
636 493
636 492
637 491
637 490
637 489
637 488
637 487
638 486
638 485
638 484
638 483
638 482
639 481
639 480
639 479
639 478
639 477
640 476
640 475
640 474
640 473
640 472
640 471
641 470
641 469
641 468
641 467
641 466
641 465
642 464
642 463
642 462
642 461
642 460
642 459
642 458
643 457
643 456
643 455
643 454
643 453
643 452
643 451
643 450
643 449
644 448
644 447
644 446
644 445
644 444
644 443
644 442
644 441
644 440
644 439
645 438
645 437
645 436
645 435
645 434
645 433
645 432
645 431
645 430
645 429
645 428
645 427
645 426
645 425
645 424
645 423
646 422
646 421
646 420
646 419
646 418
646 417
646 416
646 415
646 414
646 413
646 412
646 411
646 410
646 409
646 408
646 407
646 406
646 405
646 404
645 403
645 402
645 401
645 400
645 399
645 398
645 397
645 396
645 395
645 394
645 393
645 392
645 391
645 390
645 389
645 388
644 387
644 386
644 385
644 384
644 383
644 382
644 381
644 380
644 379
644 378
644 377
643 376
643 375
643 374
643 373
643 372
643 371
643 370
643 369
642 368
642 367
642 366
642 365
642 364
642 363
642 362
641 361
641 360
641 359
641 358
641 357
641 356
640 355
640 354
640 353
640 352
640 351
640 350
639 349
639 348
639 347
639 346
639 345
638 344
638 343
638 342
638 341
638 340
637 339
637 338
637 337
637 336
637 335
636 334
636 333
636 332
636 331
635 330
635 329
635 328
635 327
634 326
634 325
634 324
634 323
633 322
633 321
633 320
633 319
632 318
632 317
632 316
632 315
631 314
631 313
631 312
630 311
630 310
630 309
629 308
629 307
629 306
629 305
628 304
628 303
628 302
627 301
627 300
627 299
626 298
626 297
626 296
625 295
625 294
624 293
624 292
624 291
623 290
623 289
623 288
622 287
622 286
621 285
621 284
621 283
620 282
620 281
619 280
619 279
619 278
618 277
618 276
617 275
617 274
616 273
616 272
616 271
615 270
615 269
614 268
614 267
613 266
613 265
612 264
612 263
611 262
611 261
610 260
610 259
609 258
609 257
608 256
608 255
607 254
606 253
606 252
605 251
605 250
604 249
604 248
603 247
602 246
602 245
601 244
601 243
600 242
599 241
599 240
598 239
597 238
597 237
596 236
595 235
595 234
594 233
593 232
592 231
592 230
591 229
590 228
589 227
588 226
588 225
587 224
586 223
585 222
584 221
584 220
583 219
582 218
581 217
580 216
579 215
578 214
577 213
576 212
575 211
574 210
573 209
572 208
571 207
570 206
569 206
568 205
567 204
566 203
565 202
564 202
563 201
562 200
561 199
560 199
559 198
558 197
557 197
556 196
555 195
554 195
553 194
552 194
551 193
550 193
549 192
548 191
547 191
546 190
545 190
544 190
543 189
542 189
541 188
540 188
539 187
538 187
537 187
536 186
535 186
534 186
533 185
532 185
531 185
530 184
529 184
528 184
527 184
526 183
525 183
524 183
523 183
522 183
521 182
520 182
519 182
518 182
517 182
516 182
515 182
514 182
513 182
512 182
511 182
510 182
509 182
508 182
507 182
506 182
505 182
504 182
503 182
