545 86
544 87
543 87
542 87
541 87
540 88
539 88
538 89
537 89
536 90
535 90
534 91
533 91
532 92
531 93
530 94
529 95
528 95
528 96
528 97
528 98
528 99
528 100
528 101
528 102
528 103
528 104
528 105
528 106
528 107
528 108
528 109
528 110
528 111
528 112
528 113
528 114
528 115
528 116
528 117
528 118
528 119
528 120
528 121
528 122
528 123
528 124
528 125
528 126
528 127
528 128
528 129
528 130
528 131
528 132
528 133
528 134
528 135
528 136
528 137
528 138
528 139
528 140
528 141
528 142
528 143
528 144
528 145
528 146
528 147
528 148
528 149
528 150
528 151
528 152
528 153
528 154
528 155
528 156
528 157
528 158
528 159
528 160
528 161
528 162
528 163
528 164
528 165
528 166
528 167
528 168
528 169
528 170
528 171
528 172
528 173
528 174
528 175
528 176
528 177
528 178
528 179
528 180
528 181
528 182
528 183
528 184
528 185
528 186
528 187
528 188
528 189
528 190
528 191
528 192
528 193
528 194
528 195
528 196
528 197
528 198
528 199
528 200
528 201
528 202
528 203
528 204
528 205
528 206
528 207
528 208
528 209
528 210
528 211
528 212
528 213
528 214
528 215
528 216
528 217
528 218
528 219
528 220
528 221
528 222
528 223
528 224
528 225
528 226
528 227
528 228
528 229
528 230
528 231
528 232
528 233
528 234
528 235
528 236
528 237
528 238
528 239
528 240
528 241
528 242
528 243
528 244
528 245
528 246
528 247
528 248
528 249
528 250
528 251
528 252
528 253
528 254
528 255
528 256
528 257
528 258
528 259
528 260
528 261
528 262
528 263
528 264
528 265
528 266
528 267
528 268
528 269
528 270
528 271
528 272
528 273
528 274
528 275
528 276
528 277
528 278
528 279
528 280
528 281
528 282
528 283
528 284
528 285
528 286
528 287
528 288
528 289
528 290
528 291
528 292
528 293
528 294
528 295
528 296
528 297
528 298
528 299
528 300
528 301
528 302
528 303
528 304
528 305
528 306
528 307
528 308
528 309
528 310
528 311
528 312
528 313
528 314
528 315
528 316
528 317
528 318
528 319
528 320
528 321
528 322
528 323
528 324
528 325
528 326
528 327
528 328
528 329
528 330
528 331
528 332
528 333
528 334
528 335
528 336
528 337
528 338
528 339
528 340
528 341
528 342
528 343
528 344
528 345
528 346
528 347
528 348
528 349
528 350
528 351
528 352
528 353
528 354
528 355
528 356
528 357
528 358
528 359
528 360
528 361
528 362
528 363
528 364
528 365
528 366
528 367
528 368
528 369
528 370
528 371
528 372
528 373
528 374
528 375
528 376
528 377
528 378
528 379
528 380
528 381
528 382
528 383
528 384
528 385
528 386
528 387
528 388
528 389
528 390
528 391
528 392
528 393
528 394
528 395
528 396
528 397
528 398
528 399
528 400
528 401
528 402
528 403
528 404
528 405
528 406
528 407
528 408
528 409
528 410
528 411
528 412
528 413
528 414
528 415
528 416
528 417
528 418
528 419
528 420
528 421
528 422
528 423
528 424
528 425
528 426
528 427
528 428
528 429
528 430
528 431
528 432
528 433
528 434
528 435
528 436
528 437
528 438
528 439
528 440
528 441
528 442
528 443
528 444
528 445
528 446
528 447
528 448
528 449
528 450
528 451
528 452
528 453
528 454
528 455
528 456
528 457
528 458
528 459
528 460
528 461
528 462
528 463
528 464
528 465
528 466
528 467
528 468
528 469
528 470
528 471
528 472
528 473
528 474
528 475
528 476
528 477
528 478
528 479
528 480
528 481
528 482
528 483
528 484
528 485
528 486
528 487
528 488
528 489
528 490
528 491
528 492
528 493
528 494
528 495
528 496
528 497
528 498
528 499
528 500
528 501
528 502
528 503
528 504
528 505
528 506
528 507
528 508
528 509
528 510
528 511
528 512
528 513
528 514
528 515
528 516
528 517
528 518
528 519
528 520
528 521
528 522
528 523
528 524
528 525
528 526
528 527
528 528
528 529
528 530
528 531
528 532
528 533
528 534
528 535
528 536
528 537
528 538
528 539
528 540
528 541
528 542
528 543
528 544
528 545
528 546
528 547
528 548
528 549
528 550
528 551
528 552
528 553
528 554
528 555
528 556
528 557
528 558
528 559
528 560
528 561
528 562
528 563
528 564
528 565
528 566
528 567
528 568
528 569
528 570
528 571
528 572
528 573
528 574
528 575
528 576
528 577
528 578
528 579
528 580
528 581
528 582
528 583
528 584
528 585
528 586
528 587
528 588
528 589
528 590
528 591
528 592
528 593
528 594
528 595
528 596
528 597
528 598
528 599
528 600
528 601
528 602
528 603
528 604
528 605
528 606
528 607
528 608
528 609
528 610
528 611
528 612
528 613
528 614
528 615
528 616
528 617
528 618
528 619
528 620
528 621
528 622
528 623
528 624
528 625
528 626
528 627
528 628
528 629
528 630
528 631
528 632
528 633
528 634
528 635
528 636
528 637
528 638
528 639
528 640
528 641
528 642
528 643
528 644
528 645
528 646
528 647
528 648
528 649
528 650
528 651
528 652
528 653
528 654
528 655
528 656
528 657
528 658
528 659
528 660
528 661
528 662
528 663
528 664
528 665
528 666
528 667
528 668
528 669
528 670
528 671
528 672
528 673
528 674
528 675
528 676
528 677
528 678
528 679
528 680
528 681
528 682
528 683
528 684
528 685
528 686
528 687
528 688
528 689
528 690
528 691
528 692
528 693
528 694
529 695
530 695
531 696
532 697
533 698
534 698
535 699
536 700
537 700
538 701
539 701
540 701
541 702
542 702
543 702
544 703
545 703
546 703
547 703
548 703
549 703
550 703
551 703
552 703
553 703
554 703
555 703
556 702
557 702
558 702
559 701
560 701
561 700
562 700
563 699
564 699
565 698
566 697
567 697
568 696
569 695
570 694
571 693
572 692
573 691
574 690
575 689
576 688
577 687
577 686
578 685
579 684
580 683
580 682
581 681
582 680
582 679
583 678
584 677
584 676
585 675
585 674
586 673
586 672
587 671
588 670
588 669
589 668
589 667
590 666
590 665
591 664
591 663
592 662
592 661
592 660
593 659
593 658
594 657
594 656
595 655
595 654
595 653
596 652
596 651
597 650
597 649
598 648
598 647
598 646
599 645
599 644
599 643
600 642
600 641
600 640
601 639
601 638
601 637
602 636
602 635
602 634
603 633
603 632
603 631
604 630
604 629
604 628
605 627
605 626
605 625
606 624
606 623
606 622
607 621
607 620
607 619
607 618
608 617
608 616
608 615
609 614
609 613
609 612
609 611
610 610
610 609
610 608
610 607
611 606
611 605
611 604
611 603
612 602
612 601
612 600
612 599
613 598
613 597
613 596
613 595
614 594
614 593
614 592
614 591
614 590
615 589
615 588
615 587
615 586
616 585
616 584
616 583
616 582
616 581
617 580
617 579
617 578
617 577
617 576
618 575
618 574
618 573
618 572
618 571
619 570
619 569
619 568
619 567
619 566
619 565
620 564
620 563
620 562
620 561
620 560
621 559
621 558
621 557
621 556
621 555
621 554
621 553
622 552
622 551
622 550
622 549
622 548
622 547
623 546
623 545
623 544
623 543
623 542
623 541
623 540
624 539
624 538
624 537
624 536
624 535
624 534
624 533
625 532
625 531
625 530
625 529
625 528
625 527
625 526
625 525
626 524
626 523
626 522
626 521
626 520
626 519
626 518
626 517
627 516
627 515
627 514
627 513
627 512
627 511
627 510
627 509
627 508
628 507
628 506
628 505
628 504
628 503
628 502
628 501
628 500
628 499
628 498
629 497
629 496
629 495
629 494
629 493
629 492
629 491
629 490
629 489
629 488
629 487
630 486
630 485
630 484
630 483
630 482
630 481
630 480
630 479
630 478
630 477
630 476
630 475
630 474
631 473
631 472
631 471
631 470
631 469
631 468
631 467
631 466
631 465
631 464
631 463
631 462
631 461
631 460
631 459
632 458
632 457
632 456
632 455
632 454
632 453
632 452
632 451
632 450
632 449
632 448
632 447
632 446
632 445
632 444
632 443
632 442
632 441
632 440
632 439
632 438
633 437
633 436
633 435
633 434
633 433
633 432
633 431
633 430
633 429
633 428
633 427
633 426
633 425
633 424
633 423
633 422
633 421
633 420
633 419
633 418
633 417
633 416
633 415
633 414
633 413
633 412
633 411
633 410
633 409
633 408
633 407
633 406
633 405
633 404
633 403
633 402
633 401
633 400
633 399
633 398
633 397
633 396
633 395
633 394
633 393
633 392
633 391
633 390
633 389
633 388
633 387
633 386
633 385
633 384
633 383
633 382
633 381
633 380
633 379
633 378
633 377
633 376
633 375
633 374
633 373
633 372
633 371
633 370
633 369
633 368
633 367
633 366
633 365
633 364
633 363
633 362
633 361
633 360
633 359
633 358
633 357
633 356
633 355
633 354
633 353
633 352
632 351
632 350
632 349
632 348
632 347
632 346
632 345
632 344
632 343
632 342
632 341
632 340
632 339
632 338
632 337
632 336
632 335
632 334
632 333
632 332
632 331
631 330
631 329
631 328
631 327
631 326
631 325
631 324
631 323
631 322
631 321
631 320
631 319
631 318
631 317
631 316
630 315
630 314
630 313
630 312
630 311
630 310
630 309
630 308
630 307
630 306
630 305
630 304
630 303
629 302
629 301
629 300
629 299
629 298
629 297
629 296
629 295
629 294
629 293
629 292
628 291
628 290
628 289
628 288
628 287
628 286
628 285
628 284
628 283
628 282
627 281
627 280
627 279
627 278
627 277
627 276
627 275
627 274
627 273
626 272
626 271
626 270
626 269
626 268
626 267
626 266
626 265
625 264
625 263
625 262
625 261
625 260
625 259
625 258
625 257
624 256
624 255
624 254
624 253
624 252
624 251
624 250
623 249
623 248
623 247
623 246
623 245
623 244
623 243
622 242
622 241
622 240
622 239
622 238
622 237
621 236
621 235
621 234
621 233
621 232
621 231
620 230
620 229
620 228
620 227
620 226
620 225
619 224
619 223
619 222
619 221
619 220
618 219
618 218
618 217
618 216
618 215
618 214
617 213
617 212
617 211
617 210
617 209
616 208
616 207
616 206
616 205
615 204
615 203
615 202
615 201
615 200
614 199
614 198
614 197
614 196
613 195
613 194
613 193
613 192
613 191
612 190
612 189
612 188
612 187
611 186
611 185
611 184
611 183
610 182
610 181
610 180
610 179
609 178
609 177
609 176
608 175
608 174
608 173
608 172
607 171
607 170
607 169
606 168
606 167
606 166
606 165
605 164
605 163
605 162
604 161
604 160
604 159
603 158
603 157
603 156
602 155
602 154
602 153
601 152
601 151
601 150
600 149
600 148
600 147
599 146
599 145
599 144
598 143
598 142
597 141
597 140
597 139
596 138
596 137
595 136
595 135
595 134
594 133
594 132
593 131
593 130
592 129
592 128
591 127
591 126
590 125
590 124
589 123
589 122
588 121
588 120
587 119
587 118
586 117
586 116
585 115
585 114
584 113
583 112
583 111
582 110
581 109
581 108
580 107
579 106
579 105
578 104
577 103
576 102
576 101
575 100
574 99
573 98
572 97
571 96
570 95
569 94
568 93
567 93
566 92
565 91
564 91
563 90
562 89
561 89
560 88
559 88
558 88
557 87
556 87
555 87
554 86
553 86
552 86
551 86
550 86
549 86
548 86
547 86
546 86
545 86
