464 239
464 240
464 241
464 242
464 243
464 244
464 245
464 246
464 247
464 248
464 249
464 250
464 251
464 252
464 253
464 254
464 255
464 256
464 257
464 258
464 259
464 260
464 261
464 262
464 263
464 264
464 265
464 266
464 267
464 268
464 269
464 270
464 271
464 272
464 273
464 274
464 275
464 276
464 277
464 278
464 279
464 280
464 281
464 282
464 283
464 284
464 285
464 286
464 287
464 288
464 289
464 290
464 291
464 292
464 293
464 294
464 295
464 296
464 297
464 298
464 299
464 300
464 301
464 302
464 303
464 304
464 305
464 306
464 307
464 308
464 309
464 310
464 311
464 312
464 313
464 314
464 315
464 316
464 317
464 318
464 319
464 320
464 321
464 322
464 323
464 324
464 325
464 326
464 327
464 328
464 329
464 330
464 331
464 332
464 333
464 334
464 335
464 336
464 337
464 338
464 339
464 340
464 341
464 342
464 343
464 344
464 345
464 346
464 347
464 348
464 349
464 350
464 351
464 352
464 353
464 354
464 355
464 356
464 357
464 358
464 359
464 360
464 361
464 362
464 363
464 364
464 365
464 366
464 367
464 368
464 369
464 370
464 371
464 372
464 373
464 374
464 375
464 376
464 377
464 378
464 379
464 380
464 381
464 382
464 383
464 384
464 385
464 386
464 387
464 388
464 389
464 390
464 391
464 392
464 393
464 394
464 395
464 396
464 397
464 398
464 399
464 400
464 401
464 402
464 403
464 404
464 405
464 406
464 407
464 408
464 409
464 410
464 411
464 412
464 413
464 414
464 415
464 416
464 417
464 418
464 419
464 420
464 421
464 422
464 423
464 424
464 425
464 426
464 427
464 428
464 429
464 430
464 431
464 432
464 433
464 434
464 435
464 436
464 437
464 438
464 439
464 440
464 441
464 442
464 443
464 444
464 445
464 446
464 447
464 448
464 449
464 450
464 451
464 452
464 453
464 454
464 455
464 456
464 457
464 458
464 459
464 460
464 461
464 462
464 463
464 464
464 465
464 466
464 467
464 468
464 469
464 470
464 471
464 472
464 473
464 474
464 475
464 476
464 477
464 478
464 479
464 480
464 481
464 482
464 483
464 484
464 485
464 486
464 487
464 488
464 489
464 490
464 491
464 492
464 493
464 494
464 495
464 496
464 497
464 498
464 499
464 500
464 501
464 502
464 503
464 504
464 505
464 506
464 507
464 508
464 509
464 510
464 511
464 512
464 513
464 514
464 515
464 516
464 517
464 518
464 519
464 520
464 521
464 522
464 523
464 524
464 525
464 526
464 527
464 528
464 529
464 530
464 531
464 532
464 533
464 534
464 535
464 536
464 537
464 538
464 539
464 540
464 541
464 542
464 543
464 544
464 545
464 546
464 547
464 548
464 549
464 550
464 551
464 552
464 553
464 554
464 555
464 556
464 557
464 558
464 559
464 560
464 561
464 562
464 563
464 564
464 565
464 566
464 567
464 568
464 569
464 570
465 570
466 570
467 570
468 570
469 570
470 570
471 570
472 570
473 570
474 570
475 570
476 569
477 569
478 569
479 569
480 569
481 569
482 569
483 569
484 569
485 568
486 568
487 568
488 568
489 568
490 568
491 567
492 567
493 567
494 567
495 567
496 566
497 566
498 566
499 566
500 566
501 565
502 565
503 565
504 565
505 564
506 564
507 564
508 564
509 563
510 563
511 563
512 562
513 562
514 562
515 561
516 561
517 561
518 560
519 560
520 560
521 559
522 559
523 559
524 558
525 558
526 557
527 557
528 557
529 556
530 556
531 555
532 555
533 555
534 554
535 554
536 553
537 553
538 552
539 552
540 551
541 551
542 550
543 550
544 549
545 549
546 548
547 548
548 547
549 546
550 546
551 545
552 545
553 544
554 543
555 543
556 542
557 541
558 541
559 540
560 540
561 539
562 538
563 537
564 537
565 536
566 535
567 534
568 534
569 533
570 532
571 531
572 531
573 530
574 529
575 528
576 527
577 526
578 525
579 525
580 524
581 523
582 522
583 521
584 520
585 519
586 518
587 517
588 516
589 515
590 514
591 513
591 512
592 511
593 510
594 509
595 508
596 507
597 506
597 505
598 504
599 503
600 502
600 501
601 500
602 499
603 498
603 497
604 496
605 495
605 494
606 493
607 492
607 491
608 490
609 489
609 488
610 487
610 486
611 485
612 484
612 483
613 482
613 481
614 480
614 479
615 478
615 477
616 476
616 475
617 474
617 473
618 472
618 471
619 470
619 469
620 468
620 467
621 466
621 465
621 464
622 463
622 462
623 461
623 460
623 459
624 458
624 457
624 456
625 455
625 454
625 453
626 452
626 451
626 450
627 449
627 448
627 447
627 446
628 445
628 444
628 443
628 442
629 441
629 440
629 439
629 438
630 437
630 436
630 435
630 434
630 433
630 432
631 431
631 430
631 429
631 428
631 427
631 426
631 425
632 424
632 423
632 422
632 421
632 420
632 419
632 418
632 417
632 416
632 415
633 414
633 413
633 412
633 411
633 410
633 409
633 408
633 407
633 406
633 405
633 404
633 403
633 402
633 401
633 400
633 399
633 398
633 397
633 396
633 395
632 394
632 393
632 392
632 391
632 390
632 389
632 388
632 387
632 386
632 385
631 384
631 383
631 382
631 381
631 380
631 379
631 378
630 377
630 376
630 375
630 374
630 373
629 372
629 371
629 370
629 369
629 368
628 367
628 366
628 365
628 364
627 363
627 362
627 361
626 360
626 359
626 358
626 357
625 356
625 355
624 354
624 353
624 352
623 351
623 350
623 349
622 348
622 347
622 346
621 345
621 344
620 343
620 342
620 341
619 340
619 339
618 338
618 337
617 336
617 335
616 334
616 333
615 332
615 331
614 330
614 329
613 328
613 327
612 326
611 325
611 324
610 323
610 322
609 321
608 320
608 319
607 318
606 317
606 316
605 315
605 314
604 313
603 312
602 311
602 310
601 309
600 308
599 307
599 306
598 305
597 304
596 303
595 302
595 301
594 300
593 299
592 298
591 297
590 296
589 295
588 294
587 293
586 292
585 291
584 290
583 289
582 288
581 287
580 286
579 285
578 284
577 283
576 282
575 281
574 280
573 280
572 279
571 278
570 277
569 276
568 276
567 275
566 274
565 273
564 273
563 272
562 271
561 271
560 270
559 269
558 269
557 268
556 267
555 267
554 266
553 265
552 265
551 264
550 264
549 263
548 262
547 262
546 261
545 261
544 260
543 260
542 259
541 259
540 258
539 258
538 257
537 257
536 256
535 256
534 255
533 255
532 254
531 254
530 254
529 253
528 253
527 252
526 252
525 252
524 251
523 251
522 250
521 250
520 250
519 249
518 249
517 249
516 248
515 248
514 248
513 247
512 247
511 247
510 246
509 246
508 246
507 246
506 245
505 245
504 245
503 245
502 244
501 244
500 244
499 244
498 243
497 243
496 243
495 243
494 243
493 242
492 242
491 242
490 242
489 242
488 241
487 241
486 241
485 241
484 241
483 241
482 241
481 240
480 240
479 240
478 240
477 240
476 240
475 240
474 240
473 240
472 240
471 240
470 240
469 239
468 239
467 239
466 239
465 239
464 239
