540 194
539 195
538 195
537 195
536 195
535 195
534 195
533 195
532 195
531 196
530 196
529 196
528 196
527 196
526 196
525 196
524 197
523 197
522 197
521 197
520 197
519 198
518 198
517 198
516 198
515 198
514 199
513 199
512 199
511 199
510 199
509 200
508 200
507 200
506 200
505 201
504 201
503 201
502 202
501 202
500 202
499 202
498 203
497 203
496 203
495 204
494 204
493 204
492 205
491 205
490 205
489 206
488 206
487 206
486 207
485 207
484 208
483 208
482 208
481 209
480 209
479 210
478 210
477 210
476 211
475 211
474 212
473 212
472 213
471 213
470 213
469 214
468 214
467 215
466 215
465 216
464 216
463 217
462 217
461 218
460 219
459 219
458 220
457 220
456 221
455 221
454 222
453 222
452 223
451 224
450 224
449 225
448 225
447 226
446 227
445 227
444 228
443 229
442 229
441 230
440 231
439 231
438 232
437 233
436 234
435 234
434 235
433 236
432 237
431 237
430 238
429 239
428 240
427 241
426 241
425 242
424 243
423 244
422 245
421 246
420 246
419 247
418 248
417 249
416 250
415 251
414 252
413 253
412 254
411 255
410 256
409 257
408 258
407 259
406 260
405 261
405 262
404 263
403 264
402 265
401 266
400 267
399 268
399 269
398 270
397 271
396 272
395 273
395 274
394 275
393 276
392 277
392 278
392 279
392 280
392 281
392 282
392 283
392 284
392 285
392 286
392 287
392 288
392 289
392 290
392 291
392 292
392 293
392 294
392 295
392 296
392 297
392 298
392 299
392 300
392 301
392 302
392 303
392 304
392 305
392 306
392 307
392 308
392 309
392 310
392 311
392 312
392 313
392 314
392 315
392 316
392 317
392 318
392 319
392 320
392 321
392 322
392 323
392 324
392 325
392 326
392 327
392 328
392 329
392 330
392 331
392 332
392 333
392 334
392 335
392 336
392 337
392 338
392 339
392 340
392 341
392 342
392 343
392 344
392 345
392 346
392 347
392 348
392 349
392 350
392 351
392 352
392 353
392 354
392 355
392 356
392 357
392 358
392 359
392 360
392 361
392 362
392 363
392 364
392 365
392 366
392 367
392 368
392 369
392 370
392 371
392 372
392 373
392 374
392 375
392 376
392 377
392 378
392 379
392 380
392 381
392 382
392 383
392 384
392 385
392 386
392 387
392 388
392 389
392 390
392 391
392 392
392 393
392 394
392 395
392 396
392 397
392 398
392 399
392 400
392 401
392 402
392 403
392 404
392 405
392 406
392 407
392 408
392 409
392 410
392 411
392 412
392 413
392 414
392 415
392 416
392 417
392 418
392 419
392 420
392 421
392 422
392 423
392 424
392 425
392 426
392 427
392 428
392 429
392 430
392 431
392 432
392 433
392 434
392 435
392 436
392 437
392 438
392 439
392 440
392 441
392 442
392 443
392 444
392 445
392 446
392 447
392 448
392 449
392 450
392 451
392 452
392 453
392 454
392 455
392 456
392 457
392 458
392 459
392 460
392 461
392 462
392 463
392 464
392 465
392 466
392 467
392 468
392 469
392 470
392 471
392 472
392 473
392 474
392 475
392 476
392 477
392 478
392 479
392 480
392 481
392 482
392 483
392 484
392 485
392 486
392 487
392 488
392 489
392 490
392 491
392 492
392 493
392 494
392 495
392 496
392 497
392 498
392 499
392 500
392 501
392 502
392 503
392 504
392 505
392 506
392 507
392 508
393 509
394 510
394 511
395 512
396 513
397 514
398 515
398 516
399 517
400 518
401 519
402 520
403 521
403 522
404 523
405 524
406 525
407 526
408 527
409 528
410 529
411 530
412 531
413 532
414 533
415 534
416 535
417 536
418 537
419 538
420 539
421 540
422 540
423 541
424 542
425 543
426 544
427 545
428 545
429 546
430 547
431 548
432 549
433 549
434 550
435 551
436 552
437 552
438 553
439 554
440 554
441 555
442 556
443 556
444 557
445 558
446 558
447 559
448 560
449 560
450 561
451 562
452 562
453 563
454 563
455 564
456 564
457 565
458 566
459 566
460 567
461 567
462 568
463 568
464 569
465 569
466 570
467 570
468 571
469 571
470 572
471 572
472 573
473 573
474 573
475 574
476 574
477 575
478 575
479 576
480 576
481 576
482 577
483 577
484 578
485 578
486 578
487 579
488 579
489 579
490 580
491 580
492 580
493 581
494 581
495 581
496 582
497 582
498 582
499 583
500 583
501 583
502 584
503 584
504 584
505 584
506 585
507 585
508 585
509 585
510 586
511 586
512 586
513 586
514 587
515 587
516 587
517 587
518 587
519 588
520 588
521 588
522 588
523 588
524 589
525 589
526 589
527 589
528 589
529 589
530 590
531 590
532 590
533 590
534 590
535 590
536 590
537 590
538 590
539 591
540 591
541 591
542 591
543 591
544 591
545 591
546 591
547 591
548 591
549 591
550 591
551 591
552 591
553 592
554 592
555 592
556 592
557 592
558 592
559 592
560 592
561 592
562 592
563 592
564 592
565 591
566 591
567 591
568 591
569 591
570 591
571 591
572 591
573 591
574 591
575 591
576 591
577 591
578 591
579 591
580 591
581 591
582 590
583 590
584 590
585 590
586 590
587 590
588 590
589 590
590 589
591 589
592 589
593 589
594 589
595 589
596 588
597 588
598 588
599 588
600 588
601 588
602 587
603 587
604 587
605 587
606 587
607 586
608 586
609 586
610 586
611 585
612 585
613 585
614 585
615 584
616 584
617 584
618 583
619 583
620 583
621 583
622 582
623 582
624 582
625 581
626 581
627 581
628 580
629 580
630 580
631 579
632 579
633 579
634 578
635 578
636 577
637 577
638 577
639 576
640 576
641 575
642 575
643 575
644 574
645 574
646 573
647 573
648 572
649 572
650 572
651 571
652 571
653 570
654 570
655 569
656 569
657 568
658 568
659 567
660 566
661 566
662 565
663 565
664 564
665 564
666 563
667 563
668 562
669 561
670 561
671 560
672 559
673 559
674 558
675 558
676 557
677 556
678 555
679 555
680 554
681 553
682 553
683 552
684 551
685 551
686 550
687 549
688 548
689 547
690 547
691 546
692 545
693 544
694 543
695 543
696 542
697 541
698 540
699 539
700 538
701 537
702 536
703 535
704 535
705 534
706 533
707 532
708 531
709 530
710 529
711 528
712 527
713 526
713 525
714 524
715 523
716 522
717 521
718 520
719 519
720 518
720 517
721 516
722 515
723 514
724 513
724 512
725 511
726 510
727 509
727 508
728 507
729 506
730 505
730 504
731 503
732 502
732 501
733 500
734 499
734 498
735 497
736 496
736 495
737 494
737 493
738 492
739 491
739 490
740 489
740 488
741 487
741 486
742 485
743 484
743 483
744 482
744 481
745 480
745 479
746 478
746 477
747 476
747 475
747 474
748 473
748 472
749 471
749 470
750 469
750 468
751 467
751 466
751 465
752 464
752 463
753 462
753 461
753 460
754 459
754 458
754 457
755 456
755 455
755 454
756 453
756 452
756 451
757 450
757 449
757 448
758 447
758 446
758 445
758 444
759 443
759 442
759 441
759 440
760 439
760 438
760 437
760 436
761 435
761 434
761 433
761 432
762 431
762 430
762 429
762 428
762 427
762 426
763 425
763 424
763 423
763 422
763 421
763 420
764 419
764 418
764 417
764 416
764 415
764 414
764 413
764 412
764 411
765 410
765 409
765 408
765 407
765 406
765 405
765 404
765 403
765 402
765 401
765 400
765 399
765 398
765 397
765 396
765 395
765 394
765 393
765 392
765 391
765 390
765 389
765 388
765 387
765 386
765 385
765 384
765 383
765 382
765 381
765 380
765 379
765 378
765 377
765 376
765 375
764 374
764 373
764 372
764 371
764 370
764 369
764 368
764 367
763 366
763 365
763 364
763 363
763 362
763 361
763 360
762 359
762 358
762 357
762 356
762 355
761 354
761 353
761 352
761 351
761 350
760 349
760 348
760 347
760 346
759 345
759 344
759 343
759 342
758 341
758 340
758 339
757 338
757 337
757 336
757 335
756 334
756 333
756 332
755 331
755 330
755 329
754 328
754 327
754 326
753 325
753 324
752 323
752 322
752 321
751 320
751 319
750 318
750 317
750 316
749 315
749 314
748 313
748 312
747 311
747 310
746 309
746 308
745 307
745 306
744 305
744 304
743 303
743 302
742 301
742 300
741 299
741 298
740 297
740 296
739 295
738 294
738 293
737 292
737 291
736 290
735 289
735 288
734 287
733 286
733 285
732 284
731 283
731 282
730 281
729 280
729 279
728 278
727 277
726 276
726 275
725 274
724 273
723 272
723 271
722 270
721 269
720 268
719 267
719 266
718 265
717 264
716 263
715 262
714 261
713 260
712 259
711 258
710 257
709 256
708 255
707 254
706 253
705 252
704 251
703 250
702 249
701 248
700 247
699 246
698 245
697 244
696 243
695 243
694 242
693 241
692 240
691 239
690 238
689 238
688 237
687 236
686 235
685 235
684 234
683 233
682 232
681 232
680 231
679 230
678 230
677 229
676 228
675 228
674 227
673 226
672 226
671 225
670 225
669 224
668 223
667 223
666 222
665 222
664 221
663 220
662 220
661 219
660 219
659 218
658 218
657 217
656 217
655 216
654 216
653 215
652 215
651 214
650 214
649 213
648 213
647 212
646 212
645 211
644 211
643 211
642 210
641 210
640 209
639 209
638 208
637 208
636 208
635 207
634 207
633 207
632 206
631 206
630 205
629 205
628 205
627 204
626 204
625 204
624 203
623 203
622 203
621 203
620 202
619 202
618 202
617 201
616 201
615 201
614 201
613 200
612 200
611 200
610 200
609 199
608 199
607 199
606 199
605 198
604 198
603 198
602 198
601 198
600 197
599 197
598 197
597 197
596 197
595 197
594 196
593 196
592 196
591 196
590 196
589 196
588 195
587 195
586 195
585 195
584 195
583 195
582 195
581 195
580 195
579 194
578 194
577 194
576 194
575 194
574 194
573 194
572 194
571 194
570 194
569 194
568 194
567 194
566 194
565 194
564 194
563 194
562 194
561 194
560 194
559 194
558 194
557 194
556 194
555 194
554 194
553 194
552 194
551 194
550 194
549 194
548 194
547 194
546 194
545 194
544 194
543 194
542 194
541 194
540 194
