501 34
500 35
499 35
498 35
497 35
496 35
495 35
494 35
493 35
492 35
491 35
490 35
489 35
488 35
487 35
486 35
485 35
484 35
483 35
482 35
481 35
480 36
479 36
478 36
477 36
476 36
475 36
474 36
473 36
472 36
471 37
470 37
469 37
468 37
467 37
466 37
465 37
464 37
463 38
462 38
461 38
460 38
459 38
458 38
457 38
456 39
455 39
454 39
453 39
452 39
451 39
450 40
449 40
448 40
447 40
446 40
445 41
444 41
443 41
442 41
441 41
440 42
439 42
438 42
437 42
436 43
435 43
434 43
433 43
432 44
431 44
430 44
429 44
428 45
427 45
426 45
425 45
424 46
423 46
422 46
421 46
420 47
419 47
418 47
417 48
416 48
415 48
414 48
413 49
412 49
411 49
410 50
409 50
408 50
407 51
406 51
405 51
404 52
403 52
402 52
401 53
400 53
399 54
398 54
397 54
396 55
395 55
394 55
393 56
392 56
391 57
390 57
389 57
388 58
387 58
386 59
385 59
384 59
383 60
382 60
381 61
380 61
379 62
378 62
377 63
376 63
375 63
374 64
373 64
372 65
371 65
370 66
369 66
368 67
367 67
366 68
365 68
364 69
363 69
362 70
361 70
360 71
359 71
358 72
357 72
356 73
355 74
354 74
353 75
352 75
351 76
350 76
349 77
348 77
347 78
346 79
345 79
344 80
343 80
342 81
341 82
340 82
339 83
338 83
337 84
336 85
335 85
334 86
333 87
332 87
331 88
330 89
329 89
328 90
327 91
326 91
325 92
324 93
323 93
322 94
321 95
320 96
319 96
318 97
317 98
316 98
315 99
314 100
313 101
312 102
311 102
310 103
309 104
308 105
307 105
306 106
305 107
304 108
304 109
303 110
303 111
303 112
303 113
303 114
303 115
303 116
303 117
303 118
303 119
303 120
303 121
303 122
303 123
303 124
303 125
303 126
303 127
303 128
303 129
303 130
303 131
303 132
303 133
303 134
303 135
303 136
303 137
303 138
303 139
303 140
303 141
303 142
303 143
303 144
303 145
303 146
303 147
303 148
303 149
303 150
303 151
303 152
303 153
303 154
303 155
303 156
303 157
303 158
303 159
303 160
303 161
303 162
303 163
303 164
303 165
303 166
303 167
303 168
303 169
303 170
303 171
303 172
303 173
303 174
303 175
303 176
303 177
303 178
303 179
303 180
303 181
303 182
303 183
303 184
303 185
303 186
303 187
303 188
303 189
303 190
303 191
303 192
303 193
303 194
303 195
303 196
303 197
303 198
303 199
303 200
303 201
303 202
303 203
303 204
303 205
303 206
303 207
303 208
303 209
303 210
303 211
303 212
303 213
303 214
303 215
303 216
303 217
303 218
303 219
303 220
303 221
303 222
303 223
303 224
303 225
303 226
303 227
303 228
303 229
303 230
303 231
303 232
303 233
303 234
303 235
303 236
303 237
303 238
303 239
303 240
303 241
303 242
303 243
303 244
303 245
303 246
303 247
303 248
303 249
303 250
303 251
303 252
303 253
303 254
303 255
303 256
303 257
303 258
303 259
303 260
303 261
303 262
303 263
303 264
303 265
303 266
303 267
303 268
303 269
303 270
303 271
303 272
303 273
303 274
303 275
303 276
303 277
303 278
303 279
303 280
303 281
303 282
303 283
303 284
303 285
303 286
303 287
303 288
303 289
303 290
303 291
303 292
303 293
303 294
303 295
303 296
303 297
303 298
303 299
303 300
303 301
303 302
303 303
303 304
303 305
303 306
303 307
303 308
303 309
303 310
303 311
303 312
303 313
303 314
303 315
303 316
303 317
303 318
303 319
303 320
303 321
303 322
303 323
303 324
303 325
303 326
303 327
303 328
303 329
303 330
303 331
303 332
303 333
303 334
303 335
303 336
303 337
303 338
303 339
303 340
303 341
303 342
303 343
303 344
303 345
303 346
303 347
303 348
303 349
303 350
303 351
303 352
303 353
303 354
303 355
303 356
303 357
303 358
303 359
303 360
303 361
303 362
303 363
303 364
303 365
303 366
303 367
303 368
303 369
303 370
303 371
303 372
303 373
303 374
303 375
303 376
303 377
303 378
303 379
303 380
303 381
303 382
303 383
303 384
303 385
303 386
303 387
303 388
303 389
303 390
303 391
303 392
303 393
303 394
303 395
303 396
303 397
303 398
303 399
303 400
303 401
303 402
303 403
303 404
303 405
303 406
303 407
303 408
303 409
303 410
303 411
303 412
303 413
303 414
303 415
303 416
303 417
303 418
303 419
303 420
303 421
303 422
303 423
303 424
303 425
303 426
303 427
303 428
303 429
303 430
303 431
303 432
303 433
303 434
303 435
303 436
303 437
303 438
303 439
303 440
303 441
303 442
303 443
303 444
303 445
303 446
303 447
303 448
303 449
303 450
303 451
303 452
303 453
303 454
303 455
303 456
303 457
303 458
303 459
303 460
303 461
303 462
303 463
303 464
303 465
303 466
303 467
303 468
303 469
303 470
303 471
303 472
303 473
303 474
303 475
303 476
303 477
303 478
303 479
303 480
303 481
303 482
303 483
303 484
303 485
303 486
303 487
303 488
303 489
303 490
303 491
303 492
303 493
303 494
303 495
303 496
303 497
303 498
303 499
303 500
303 501
303 502
303 503
303 504
303 505
303 506
303 507
303 508
303 509
303 510
303 511
303 512
303 513
303 514
303 515
303 516
303 517
303 518
303 519
303 520
303 521
303 522
303 523
303 524
303 525
303 526
303 527
303 528
303 529
303 530
303 531
303 532
303 533
303 534
303 535
303 536
303 537
303 538
303 539
303 540
303 541
303 542
303 543
303 544
303 545
303 546
303 547
303 548
303 549
303 550
303 551
303 552
303 553
303 554
303 555
303 556
303 557
303 558
303 559
303 560
303 561
303 562
303 563
303 564
303 565
303 566
303 567
303 568
303 569
303 570
303 571
303 572
303 573
303 574
303 575
303 576
303 577
303 578
303 579
303 580
303 581
303 582
303 583
303 584
303 585
303 586
303 587
303 588
303 589
303 590
303 591
303 592
303 593
303 594
303 595
303 596
303 597
303 598
303 599
303 600
303 601
303 602
303 603
303 604
303 605
303 606
303 607
303 608
303 609
303 610
303 611
303 612
303 613
303 614
303 615
303 616
303 617
303 618
303 619
303 620
303 621
303 622
303 623
303 624
303 625
303 626
303 627
303 628
303 629
303 630
303 631
303 632
303 633
303 634
303 635
303 636
303 637
303 638
303 639
303 640
303 641
303 642
303 643
303 644
303 645
303 646
303 647
303 648
303 649
303 650
303 651
303 652
303 653
303 654
303 655
303 656
303 657
303 658
303 659
303 660
303 661
303 662
303 663
303 664
303 665
303 666
303 667
303 668
303 669
303 670
303 671
303 672
303 673
303 674
303 675
303 676
303 677
303 678
303 679
303 680
303 681
303 682
303 683
304 684
304 685
305 686
306 687
307 688
308 689
309 689
310 690
311 691
312 692
313 692
314 693
315 694
316 695
317 695
318 696
319 697
320 698
321 698
322 699
323 700
324 701
325 701
326 702
327 703
328 703
329 704
330 705
331 705
332 706
333 707
334 707
335 708
336 709
337 709
338 710
339 710
340 711
341 712
342 712
343 713
344 713
345 714
346 715
347 715
348 716
349 716
350 717
351 718
352 718
353 719
354 719
355 720
356 720
357 721
358 721
359 722
360 722
361 723
362 724
363 724
364 724
365 725
366 725
367 726
368 726
369 727
370 727
371 728
372 728
373 729
374 729
375 730
376 730
377 731
378 731
379 732
380 732
381 732
382 733
383 733
384 734
385 734
386 735
387 735
388 735
389 736
390 736
391 737
392 737
393 737
394 738
395 738
396 739
397 739
398 739
399 740
400 740
401 740
402 741
403 741
404 741
405 742
406 742
407 742
408 743
409 743
410 743
411 744
412 744
413 744
414 745
415 745
416 745
417 746
418 746
419 746
420 747
421 747
422 747
423 747
424 748
425 748
426 748
427 748
428 749
429 749
430 749
431 749
432 750
433 750
434 750
435 750
436 751
437 751
438 751
439 751
440 752
441 752
442 752
443 752
444 752
445 753
446 753
447 753
448 753
449 753
450 754
451 754
452 754
453 754
454 754
455 754
456 755
457 755
458 755
459 755
460 755
461 755
462 756
463 756
464 756
465 756
466 756
467 756
468 756
469 757
470 757
471 757
472 757
473 757
474 757
475 757
476 757
477 757
478 758
479 758
480 758
481 758
482 758
483 758
484 758
485 758
486 758
487 758
488 758
489 758
490 758
491 758
492 758
493 759
494 759
495 759
496 759
497 759
498 759
499 759
500 759
501 759
502 759
503 759
504 759
505 759
506 759
507 759
508 759
509 759
510 759
511 759
512 759
513 759
514 759
515 759
516 759
517 759
518 759
519 759
520 758
521 758
522 758
523 758
524 758
525 758
526 758
527 758
528 758
529 758
530 758
531 758
532 758
533 758
534 758
535 757
536 757
537 757
538 757
539 757
540 757
541 757
542 757
543 757
544 756
545 756
546 756
547 756
548 756
549 756
550 756
551 756
552 755
553 755
554 755
555 755
556 755
557 755
558 754
559 754
560 754
561 754
562 754
563 754
564 753
565 753
566 753
567 753
568 753
569 752
570 752
571 752
572 752
573 752
574 751
575 751
576 751
577 751
578 750
579 750
580 750
581 750
582 749
583 749
584 749
585 749
586 748
587 748
588 748
589 748
590 747
591 747
592 747
593 746
594 746
595 746
596 746
597 745
598 745
599 745
600 744
601 744
602 744
603 743
604 743
605 743
606 742
607 742
608 742
609 741
610 741
611 741
612 740
613 740
614 740
615 739
616 739
617 739
618 738
619 738
620 737
621 737
622 737
623 736
624 736
625 735
626 735
627 735
628 734
629 734
630 733
631 733
632 732
633 732
634 732
635 731
636 731
637 730
638 730
639 729
640 729
641 728
642 728
643 727
644 727
645 726
646 726
647 725
648 725
649 724
650 724
651 723
652 723
653 722
654 722
655 721
656 721
657 720
658 720
659 719
660 719
661 718
662 717
663 717
664 716
665 716
666 715
667 715
668 714
669 713
670 713
671 712
672 712
673 711
674 710
675 710
676 709
677 708
678 708
679 707
680 706
681 706
682 705
683 704
684 704
685 703
686 702
687 702
688 701
689 700
690 700
691 699
692 698
693 698
694 697
695 696
696 695
697 695
698 694
699 693
700 692
701 692
702 691
703 690
704 689
705 688
706 688
707 687
708 686
709 685
710 684
711 684
712 683
713 682
714 681
715 680
716 679
717 678
718 678
719 677
720 676
721 675
722 674
723 673
724 672
725 671
726 670
727 669
728 668
729 667
730 667
731 666
732 665
733 664
734 663
735 662
736 661
737 660
738 659
739 658
739 657
740 656
741 655
742 654
743 653
744 652
745 651
746 650
747 649
748 648
749 647
750 646
750 645
751 644
752 643
753 642
754 641
755 640
756 639
756 638
757 637
758 636
759 635
760 634
760 633
761 632
762 631
763 630
764 629
764 628
765 627
766 626
767 625
767 624
768 623
769 622
770 621
770 620
771 619
772 618
772 617
773 616
774 615
775 614
775 613
776 612
777 611
777 610
778 609
779 608
779 607
780 606
781 605
781 604
782 603
783 602
783 601
784 600
784 599
785 598
786 597
786 596
787 595
787 594
788 593
789 592
789 591
790 590
790 589
791 588
792 587
792 586
793 585
793 584
794 583
794 582
795 581
795 580
796 579
797 578
797 577
798 576
798 575
799 574
799 573
800 572
800 571
801 570
801 569
802 568
802 567
803 566
803 565
804 564
804 563
805 562
805 561
806 560
806 559
806 558
807 557
807 556
808 555
808 554
809 553
809 552
810 551
810 550
810 549
811 548
811 547
812 546
812 545
813 544
813 543
813 542
814 541
814 540
815 539
815 538
815 537
816 536
816 535
817 534
817 533
817 532
818 531
818 530
818 529
819 528
819 527
819 526
820 525
820 524
820 523
821 522
821 521
821 520
822 519
822 518
822 517
823 516
823 515
823 514
824 513
824 512
824 511
825 510
825 509
825 508
826 507
826 506
826 505
826 504
827 503
827 502
827 501
828 500
828 499
828 498
828 497
829 496
829 495
829 494
829 493
830 492
830 491
830 490
830 489
831 488
831 487
831 486
831 485
832 484
832 483
832 482
832 481
832 480
833 479
833 478
833 477
833 476
834 475
834 474
834 473
834 472
834 471
835 470
835 469
835 468
835 467
835 466
835 465
836 464
836 463
836 462
836 461
836 460
836 459
837 458
837 457
837 456
837 455
837 454
837 453
838 452
838 451
838 450
838 449
838 448
838 447
838 446
838 445
839 444
839 443
839 442
839 441
839 440
839 439
839 438
839 437
839 436
840 435
840 434
840 433
840 432
840 431
840 430
840 429
840 428
840 427
840 426
840 425
841 424
841 423
841 422
841 421
841 420
841 419
841 418
841 417
841 416
841 415
841 414
841 413
841 412
841 411
841 410
841 409
841 408
841 407
841 406
841 405
841 404
841 403
841 402
841 401
841 400
841 399
842 398
842 397
842 396
842 395
841 394
841 393
841 392
841 391
841 390
841 389
841 388
841 387
841 386
841 385
841 384
841 383
841 382
841 381
841 380
841 379
841 378
841 377
841 376
841 375
841 374
841 373
841 372
841 371
841 370
841 369
840 368
840 367
840 366
840 365
840 364
840 363
840 362
840 361
840 360
840 359
840 358
839 357
839 356
839 355
839 354
839 353
839 352
839 351
839 350
839 349
838 348
838 347
838 346
838 345
838 344
838 343
838 342
838 341
837 340
837 339
837 338
837 337
837 336
837 335
836 334
836 333
836 332
836 331
836 330
836 329
835 328
835 327
835 326
835 325
835 324
834 323
834 322
834 321
834 320
834 319
834 318
833 317
833 316
833 315
833 314
832 313
832 312
832 311
832 310
832 309
831 308
831 307
831 306
831 305
830 304
830 303
830 302
830 301
829 300
829 299
829 298
829 297
828 296
828 295
828 294
827 293
827 292
827 291
827 290
826 289
826 288
826 287
825 286
825 285
825 284
825 283
824 282
824 281
824 280
823 279
823 278
823 277
822 276
822 275
822 274
821 273
821 272
821 271
820 270
820 269
820 268
819 267
819 266
819 265
818 264
818 263
817 262
817 261
817 260
816 259
816 258
816 257
815 256
815 255
814 254
814 253
814 252
813 251
813 250
812 249
812 248
812 247
811 246
811 245
810 244
810 243
809 242
809 241
809 240
808 239
808 238
807 237
807 236
806 235
806 234
805 233
805 232
804 231
804 230
803 229
803 228
803 227
802 226
802 225
801 224
800 223
800 222
799 221
799 220
798 219
798 218
797 217
797 216
796 215
796 214
795 213
795 212
794 211
794 210
793 209
792 208
792 207
791 206
791 205
790 204
790 203
789 202
788 201
788 200
787 199
787 198
786 197
785 196
785 195
784 194
784 193
783 192
782 191
782 190
781 189
780 188
780 187
779 186
778 185
778 184
777 183
776 182
776 181
775 180
774 179
774 178
773 177
772 176
771 175
771 174
770 173
769 172
769 171
768 170
767 169
766 168
766 167
765 166
764 165
763 164
763 163
762 162
761 161
760 160
759 159
759 158
758 157
757 156
756 155
755 154
754 153
754 152
753 151
752 150
751 149
750 148
749 147
748 146
748 145
747 144
746 143
745 142
744 141
743 140
742 139
741 138
740 137
739 136
738 135
737 134
736 133
735 132
734 131
733 130
732 129
731 128
730 127
729 126
728 125
727 124
726 123
725 122
724 121
723 120
722 119
721 118
720 117
719 117
718 116
717 115
716 114
715 113
714 112
713 111
712 110
711 110
710 109
709 108
708 107
707 106
706 106
705 105
704 104
703 103
702 102
701 102
700 101
699 100
698 99
697 99
696 98
695 97
694 96
693 96
692 95
691 94
690 94
689 93
688 92
687 91
686 91
685 90
684 89
683 89
682 88
681 87
680 87
679 86
678 85
677 85
676 84
675 84
674 83
673 82
672 82
671 81
670 80
669 80
668 79
667 79
666 78
665 78
664 77
663 76
662 76
661 75
660 75
659 74
658 74
657 73
656 72
655 72
654 71
653 71
652 70
651 70
650 69
649 69
648 68
647 68
646 67
645 67
644 66
643 66
642 65
641 65
640 64
639 64
638 64
637 63
636 63
635 62
634 62
633 61
632 61
631 60
630 60
629 60
628 59
627 59
626 58
625 58
624 57
623 57
622 57
621 56
620 56
619 55
618 55
617 55
616 54
615 54
614 54
613 53
612 53
611 53
610 52
609 52
608 51
607 51
606 51
605 50
604 50
603 50
602 49
601 49
600 49
599 49
598 48
597 48
596 48
595 47
594 47
593 47
592 46
591 46
590 46
589 46
588 45
587 45
586 45
585 45
584 44
583 44
582 44
581 44
580 43
579 43
578 43
577 43
576 42
575 42
574 42
573 42
572 41
571 41
570 41
569 41
568 41
567 40
566 40
565 40
564 40
563 40
562 39
561 39
560 39
559 39
558 39
557 39
556 38
555 38
554 38
553 38
552 38
551 38
550 38
549 37
548 37
547 37
546 37
545 37
544 37
543 37
542 37
541 36
540 36
539 36
538 36
537 36
536 36
535 36
534 36
533 36
532 36
531 35
530 35
529 35
528 35
527 35
526 35
525 35
524 35
523 35
522 35
521 35
520 35
519 35
518 35
517 35
516 35
515 35
514 35
513 35
512 35
511 34
510 34
509 34
508 34
507 34
506 34
505 34
504 34
503 34
502 34
501 34
