522 97
521 98
520 98
519 98
518 98
517 98
516 98
515 98
514 98
513 98
512 98
511 98
510 98
509 98
508 98
507 99
506 99
505 99
504 99
503 99
502 99
501 99
500 99
499 99
498 100
497 100
496 100
495 100
494 100
493 100
492 100
491 101
490 101
489 101
488 101
487 101
486 101
485 101
484 102
483 102
482 102
481 102
480 102
479 103
478 103
477 103
476 103
475 103
474 104
473 104
472 104
471 104
470 104
469 105
468 105
467 105
466 105
465 106
464 106
463 106
462 106
461 107
460 107
459 107
458 107
457 108
456 108
455 108
454 109
453 109
452 109
451 109
450 110
449 110
448 110
447 111
446 111
445 111
444 112
443 112
442 112
441 113
440 113
439 113
438 114
437 114
436 114
435 115
434 115
433 115
432 116
431 116
430 116
429 117
428 117
427 118
426 118
425 118
424 119
423 119
422 120
421 120
420 120
419 121
418 121
417 122
416 122
415 123
414 123
413 123
412 124
411 124
410 125
409 125
408 126
407 126
406 127
405 127
404 128
403 128
402 129
401 129
400 130
399 130
398 131
397 131
396 132
395 132
394 133
393 133
392 134
391 134
390 135
389 135
388 136
387 137
386 137
385 138
384 138
383 139
382 139
381 139
380 139
379 140
378 140
377 140
376 140
375 140
374 141
373 141
372 141
371 141
370 141
369 141
368 142
367 142
366 142
365 142
364 142
363 142
362 142
361 142
360 142
359 142
358 142
357 143
356 143
355 143
354 143
353 143
352 143
351 143
350 143
349 143
348 143
347 143
346 142
345 142
344 142
343 142
342 142
341 142
340 142
339 142
338 142
337 141
336 141
335 141
334 141
333 141
332 140
331 140
330 140
329 140
328 139
327 139
326 139
325 138
324 138
323 138
322 137
321 137
320 137
319 136
318 136
317 135
316 135
315 135
314 134
313 134
312 133
311 133
310 133
309 132
308 132
307 131
306 131
305 130
304 130
303 129
302 129
301 128
300 128
299 127
298 127
297 126
296 126
295 126
294 125
293 125
292 124
291 124
290 123
289 123
288 122
287 122
286 121
285 121
284 120
283 120
282 119
281 119
280 118
279 118
278 117
277 117
276 118
276 119
276 120
276 121
276 122
276 123
276 124
276 125
276 126
276 127
276 128
276 129
276 130
276 131
276 132
276 133
276 134
276 135
276 136
276 137
276 138
276 139
276 140
276 141
276 142
276 143
276 144
276 145
276 146
276 147
276 148
276 149
276 150
276 151
276 152
276 153
276 154
276 155
276 156
276 157
276 158
276 159
276 160
276 161
276 162
276 163
276 164
276 165
276 166
276 167
276 168
276 169
276 170
276 171
276 172
276 173
276 174
276 175
276 176
276 177
276 178
276 179
276 180
276 181
276 182
276 183
276 184
276 185
276 186
276 187
276 188
276 189
276 190
276 191
276 192
276 193
276 194
276 195
276 196
276 197
276 198
276 199
276 200
276 201
276 202
276 203
276 204
276 205
276 206
276 207
276 208
276 209
276 210
276 211
276 212
276 213
276 214
276 215
276 216
276 217
276 218
276 219
276 220
276 221
276 222
276 223
276 224
276 225
276 226
276 227
276 228
276 229
276 230
276 231
276 232
276 233
276 234
276 235
276 236
276 237
276 238
276 239
276 240
276 241
276 242
276 243
276 244
276 245
276 246
276 247
276 248
276 249
276 250
276 251
276 252
276 253
276 254
276 255
276 256
276 257
276 258
276 259
276 260
276 261
276 262
276 263
276 264
276 265
276 266
276 267
276 268
276 269
276 270
276 271
276 272
276 273
276 274
276 275
276 276
276 277
276 278
276 279
276 280
276 281
276 282
276 283
276 284
276 285
276 286
276 287
276 288
276 289
276 290
276 291
276 292
276 293
276 294
276 295
276 296
276 297
276 298
276 299
276 300
276 301
276 302
276 303
276 304
276 305
276 306
276 307
276 308
276 309
276 310
276 311
276 312
276 313
276 314
276 315
276 316
276 317
276 318
276 319
276 320
276 321
276 322
276 323
276 324
276 325
276 326
276 327
276 328
276 329
276 330
276 331
276 332
276 333
276 334
276 335
276 336
276 337
276 338
276 339
276 340
276 341
276 342
276 343
276 344
276 345
276 346
276 347
276 348
276 349
276 350
276 351
276 352
276 353
276 354
276 355
276 356
276 357
276 358
276 359
276 360
276 361
276 362
276 363
276 364
276 365
276 366
276 367
276 368
276 369
276 370
276 371
276 372
276 373
276 374
276 375
276 376
276 377
276 378
276 379
276 380
276 381
276 382
276 383
276 384
276 385
276 386
276 387
276 388
276 389
276 390
276 391
276 392
276 393
276 394
276 395
276 396
276 397
276 398
276 399
276 400
276 401
276 402
276 403
276 404
276 405
276 406
276 407
276 408
276 409
276 410
276 411
276 412
276 413
276 414
276 415
276 416
276 417
276 418
276 419
276 420
276 421
276 422
276 423
276 424
276 425
276 426
276 427
276 428
276 429
276 430
276 431
276 432
276 433
276 434
276 435
276 436
276 437
276 438
276 439
276 440
276 441
276 442
276 443
276 444
276 445
276 446
276 447
276 448
276 449
276 450
276 451
276 452
276 453
276 454
276 455
276 456
276 457
276 458
276 459
276 460
276 461
276 462
276 463
276 464
276 465
276 466
276 467
276 468
276 469
276 470
276 471
276 472
276 473
276 474
276 475
276 476
276 477
276 478
276 479
276 480
276 481
276 482
276 483
276 484
276 485
276 486
276 487
276 488
276 489
276 490
276 491
276 492
276 493
276 494
276 495
276 496
276 497
276 498
276 499
276 500
276 501
276 502
276 503
276 504
276 505
276 506
276 507
276 508
276 509
276 510
276 511
276 512
276 513
276 514
276 515
276 516
276 517
276 518
276 519
276 520
276 521
276 522
276 523
276 524
276 525
276 526
276 527
276 528
276 529
276 530
276 531
276 532
276 533
276 534
276 535
276 536
276 537
276 538
276 539
276 540
276 541
276 542
276 543
276 544
276 545
276 546
276 547
276 548
276 549
276 550
276 551
276 552
276 553
276 554
276 555
276 556
276 557
276 558
276 559
276 560
276 561
276 562
276 563
276 564
276 565
276 566
276 567
276 568
276 569
276 570
276 571
276 572
276 573
276 574
276 575
276 576
276 577
276 578
276 579
276 580
276 581
276 582
276 583
276 584
276 585
276 586
276 587
276 588
276 589
276 590
276 591
276 592
276 593
276 594
276 595
276 596
276 597
276 598
276 599
276 600
276 601
276 602
276 603
276 604
276 605
276 606
276 607
276 608
276 609
276 610
276 611
276 612
276 613
276 614
276 615
276 616
276 617
276 618
276 619
276 620
276 621
276 622
276 623
276 624
276 625
276 626
276 627
276 628
276 629
276 630
276 631
276 632
276 633
276 634
276 635
276 636
276 637
276 638
276 639
276 640
276 641
276 642
276 643
276 644
276 645
276 646
276 647
276 648
276 649
276 650
276 651
276 652
276 653
276 654
276 655
276 656
276 657
276 658
276 659
276 660
276 661
276 662
276 663
276 664
276 665
276 666
276 667
276 668
276 669
276 670
276 671
276 672
276 673
276 674
276 675
277 676
278 676
279 676
280 675
281 675
282 674
283 674
284 673
285 673
286 672
287 672
288 671
289 671
290 670
291 670
292 669
293 669
294 668
295 668
296 667
297 667
298 666
299 666
300 665
301 665
302 664
303 664
304 663
305 663
306 662
307 662
308 662
309 661
310 661
311 660
312 660
313 659
314 659
315 659
316 658
317 658
318 657
319 657
320 657
321 656
322 656
323 656
324 655
325 655
326 655
327 654
328 654
329 654
330 653
331 653
332 653
333 653
334 652
335 652
336 652
337 652
338 652
339 651
340 651
341 651
342 651
343 651
344 651
345 651
346 651
347 651
348 651
349 651
350 651
351 651
352 651
353 651
354 651
355 651
356 651
357 651
358 651
359 651
360 651
361 651
362 651
363 651
364 651
365 651
366 651
367 652
368 652
369 652
370 652
371 652
372 652
373 653
374 653
375 653
376 653
377 653
378 653
379 654
380 654
381 654
382 654
383 655
384 655
385 655
386 656
387 657
388 657
389 658
390 658
391 659
392 659
393 660
394 661
395 661
396 662
397 662
398 663
399 663
400 664
401 664
402 665
403 665
404 666
405 666
406 667
407 667
408 668
409 668
410 668
411 669
412 669
413 670
414 670
415 671
416 671
417 672
418 672
419 672
420 673
421 673
422 674
423 674
424 674
425 675
426 675
427 676
428 676
429 676
430 677
431 677
432 678
433 678
434 678
435 679
436 679
437 679
438 680
439 680
440 680
441 681
442 681
443 681
444 682
445 682
446 682
447 683
448 683
449 683
450 684
451 684
452 684
453 684
454 685
455 685
456 685
457 686
458 686
459 686
460 686
461 687
462 687
463 687
464 687
465 688
466 688
467 688
468 688
469 689
470 689
471 689
472 689
473 689
474 690
475 690
476 690
477 690
478 690
479 691
480 691
481 691
482 691
483 691
484 692
485 692
486 692
487 692
488 692
489 692
490 693
491 693
492 693
493 693
494 693
495 693
496 693
497 694
498 694
499 694
500 694
501 694
502 694
503 694
504 694
505 695
506 695
507 695
508 695
509 695
510 695
511 695
512 695
513 695
514 695
515 695
516 695
517 696
518 696
519 696
520 696
521 696
522 696
523 696
524 696
525 696
526 696
527 696
528 696
529 696
530 696
531 696
532 696
533 696
534 696
535 696
536 696
537 696
538 696
539 696
540 696
541 696
542 696
543 696
544 696
545 696
546 696
547 696
548 696
549 696
550 696
551 696
552 696
553 696
554 696
555 696
556 695
557 695
558 695
559 695
560 695
561 695
562 695
563 695
564 695
565 695
566 695
567 695
568 695
569 694
570 694
571 694
572 694
573 694
574 694
575 694
576 694
577 693
578 693
579 693
580 693
581 693
582 693
583 693
584 692
585 692
586 692
587 692
588 692
589 692
590 691
591 691
592 691
593 691
594 691
595 690
596 690
597 690
598 690
599 690
600 689
601 689
602 689
603 689
604 689
605 688
606 688
607 688
608 688
609 687
610 687
611 687
612 687
613 686
614 686
615 686
616 686
617 685
618 685
619 685
620 684
621 684
622 684
623 684
624 683
625 683
626 683
627 682
628 682
629 682
630 681
631 681
632 681
633 680
634 680
635 680
636 679
637 679
638 679
639 678
640 678
641 678
642 677
643 677
644 676
645 676
646 676
647 675
648 675
649 674
650 674
651 674
652 673
653 673
654 672
655 672
656 672
657 671
658 671
659 670
660 670
661 669
662 669
663 668
664 668
665 667
666 667
667 667
668 666
669 666
670 665
671 665
672 664
673 664
674 663
675 663
676 662
677 661
678 661
679 660
680 660
681 659
682 659
683 658
684 658
685 657
686 657
687 656
688 655
689 655
690 654
691 654
692 653
693 652
694 652
695 651
696 651
697 650
698 649
699 649
700 648
701 647
702 647
703 646
704 645
705 645
706 644
707 643
708 643
709 642
710 641
711 641
712 640
713 639
714 638
715 638
716 637
717 636
718 635
719 635
720 634
721 633
722 632
723 632
724 631
725 630
726 629
727 628
728 628
729 627
730 626
731 625
732 624
733 623
734 622
735 622
736 621
737 620
738 619
739 618
740 617
741 616
742 615
743 614
744 613
745 612
746 611
747 611
748 610
749 609
750 608
751 607
752 606
753 605
753 604
754 603
755 602
756 601
757 600
758 599
759 598
760 597
761 596
762 595
763 594
764 593
764 592
765 591
766 590
767 589
768 588
769 587
769 586
770 585
771 584
772 583
773 582
773 581
774 580
775 579
776 578
776 577
777 576
778 575
779 574
779 573
780 572
781 571
782 570
782 569
783 568
784 567
784 566
785 565
786 564
786 563
787 562
788 561
788 560
789 559
790 558
790 557
791 556
792 555
792 554
793 553
793 552
794 551
795 550
795 549
796 548
796 547
797 546
798 545
798 544
799 543
799 542
800 541
800 540
801 539
801 538
802 537
802 536
803 535
803 534
804 533
805 532
805 531
806 530
806 529
807 528
807 527
807 526
808 525
808 524
809 523
809 522
810 521
810 520
811 519
811 518
812 517
812 516
812 515
813 514
813 513
814 512
814 511
815 510
815 509
815 508
816 507
816 506
817 505
817 504
817 503
818 502
818 501
818 500
819 499
819 498
819 497
820 496
820 495
821 494
821 493
821 492
822 491
822 490
822 489
822 488
823 487
823 486
823 485
824 484
824 483
824 482
825 481
825 480
825 479
825 478
826 477
826 476
826 475
827 474
827 473
827 472
827 471
828 470
828 469
828 468
828 467
829 466
829 465
829 464
829 463
829 462
830 461
830 460
830 459
830 458
831 457
831 456
831 455
831 454
831 453
831 452
832 451
832 450
832 449
832 448
832 447
832 446
833 445
833 444
833 443
833 442
833 441
833 440
834 439
834 438
834 437
834 436
834 435
834 434
834 433
834 432
835 431
835 430
835 429
835 428
835 427
835 426
835 425
835 424
835 423
835 422
835 421
836 420
836 419
836 418
836 417
836 416
836 415
836 414
836 413
836 412
836 411
836 410
836 409
836 408
836 407
836 406
836 405
836 404
836 403
836 402
836 401
836 400
836 399
837 398
837 397
837 396
837 395
836 394
836 393
836 392
836 391
836 390
836 389
836 388
836 387
836 386
836 385
836 384
836 383
836 382
836 381
836 380
836 379
836 378
836 377
836 376
836 375
836 374
836 373
835 372
835 371
835 370
835 369
835 368
835 367
835 366
835 365
835 364
835 363
835 362
834 361
834 360
834 359
834 358
834 357
834 356
834 355
834 354
833 353
833 352
833 351
833 350
833 349
833 348
832 347
832 346
832 345
832 344
832 343
832 342
831 341
831 340
831 339
831 338
831 337
830 336
830 335
830 334
830 333
830 332
829 331
829 330
829 329
829 328
828 327
828 326
828 325
828 324
828 323
827 322
827 321
827 320
826 319
826 318
826 317
826 316
825 315
825 314
825 313
825 312
824 311
824 310
824 309
823 308
823 307
823 306
822 305
822 304
822 303
821 302
821 301
821 300
820 299
820 298
820 297
819 296
819 295
819 294
818 293
818 292
818 291
817 290
817 289
816 288
816 287
816 286
815 285
815 284
814 283
814 282
814 281
813 280
813 279
812 278
812 277
811 276
811 275
811 274
810 273
810 272
809 271
809 270
808 269
808 268
807 267
807 266
806 265
806 264
805 263
805 262
804 261
804 260
803 259
803 258
802 257
802 256
801 255
801 254
800 253
800 252
799 251
798 250
798 249
797 248
797 247
796 246
796 245
795 244
794 243
794 242
793 241
793 240
792 239
791 238
791 237
790 236
790 235
789 234
788 233
787 232
787 231
786 230
786 229
785 228
784 227
783 226
783 225
782 224
781 223
781 222
780 221
779 220
778 219
778 218
777 217
776 216
775 215
775 214
774 213
773 212
772 211
772 210
771 209
770 208
769 207
768 206
768 205
767 204
766 203
765 202
764 201
763 200
762 199
761 198
761 197
760 196
759 195
758 194
757 193
756 192
755 191
754 190
753 189
752 188
751 187
750 186
749 185
748 184
747 183
746 182
745 181
744 180
743 179
742 178
741 177
740 176
739 175
738 174
737 173
736 173
735 172
734 171
733 170
732 169
731 168
730 167
729 167
728 166
727 165
726 164
725 163
724 162
723 162
722 161
721 160
720 159
719 159
718 158
717 157
716 156
715 156
714 155
713 154
712 153
711 153
710 152
709 151
708 151
707 150
706 149
705 149
704 148
703 147
702 147
701 146
700 145
699 145
698 144
697 143
696 143
695 142
694 141
693 141
692 140
691 140
690 139
689 138
688 138
687 137
686 137
685 136
684 136
683 135
682 134
681 134
680 133
679 133
678 132
677 132
676 131
675 131
674 130
673 130
672 129
671 129
670 128
669 128
668 127
667 127
666 126
665 126
664 125
663 125
662 124
661 124
660 123
659 123
658 123
657 122
656 122
655 121
654 121
653 120
652 120
651 120
650 119
649 119
648 118
647 118
646 118
645 117
644 117
643 116
642 116
641 116
640 115
639 115
638 115
637 114
636 114
635 114
634 113
633 113
632 113
631 112
630 112
629 112
628 111
627 111
626 111
625 110
624 110
623 110
622 109
621 109
620 109
619 109
618 108
617 108
616 108
615 107
614 107
613 107
612 107
611 106
610 106
609 106
608 106
607 105
606 105
605 105
604 105
603 104
602 104
601 104
600 104
599 104
598 103
597 103
596 103
595 103
594 103
593 102
592 102
591 102
590 102
589 102
588 101
587 101
586 101
585 101
584 101
583 101
582 101
581 100
580 100
579 100
578 100
577 100
576 100
575 100
574 99
573 99
572 99
571 99
570 99
569 99
568 99
567 99
566 99
565 98
564 98
563 98
562 98
561 98
560 98
559 98
558 98
557 98
556 98
555 98
554 98
553 98
552 97
551 97
550 97
549 97
548 97
547 97
546 97
545 97
544 97
543 97
542 97
541 97
540 97
539 97
538 97
537 97
536 97
535 97
534 97
533 97
532 97
531 97
530 97
529 97
528 97
527 97
526 97
525 97
524 97
523 97
522 97
