480 262
479 263
478 263
477 264
476 265
476 266
475 267
475 268
474 269
474 270
473 271
473 272
472 273
472 274
472 275
471 276
471 277
470 278
470 279
470 280
469 281
469 282
468 283
468 284
468 285
467 286
467 287
467 288
466 289
466 290
466 291
465 292
465 293
465 294
465 295
464 296
464 297
464 298
463 299
463 300
463 301
463 302
463 303
463 304
463 305
463 306
463 307
463 308
463 309
463 310
463 311
463 312
463 313
463 314
463 315
463 316
463 317
463 318
463 319
463 320
463 321
463 322
463 323
463 324
463 325
463 326
463 327
463 328
463 329
463 330
463 331
463 332
463 333
463 334
463 335
463 336
463 337
463 338
463 339
463 340
463 341
463 342
463 343
463 344
463 345
463 346
463 347
463 348
463 349
463 350
463 351
463 352
463 353
463 354
463 355
463 356
463 357
463 358
463 359
463 360
463 361
463 362
463 363
463 364
463 365
463 366
463 367
463 368
463 369
463 370
463 371
463 372
463 373
463 374
463 375
463 376
463 377
463 378
463 379
463 380
463 381
463 382
463 383
463 384
463 385
463 386
463 387
463 388
463 389
463 390
463 391
463 392
463 393
463 394
463 395
463 396
463 397
463 398
463 399
463 400
463 401
463 402
463 403
463 404
463 405
463 406
463 407
463 408
463 409
463 410
463 411
463 412
463 413
463 414
463 415
463 416
463 417
463 418
463 419
463 420
463 421
463 422
463 423
463 424
463 425
463 426
463 427
463 428
463 429
463 430
463 431
463 432
463 433
463 434
463 435
463 436
463 437
463 438
463 439
463 440
463 441
463 442
463 443
463 444
463 445
463 446
463 447
463 448
463 449
463 450
463 451
463 452
463 453
463 454
463 455
463 456
463 457
463 458
463 459
463 460
463 461
463 462
463 463
463 464
463 465
463 466
463 467
463 468
463 469
463 470
463 471
463 472
463 473
463 474
463 475
463 476
463 477
463 478
463 479
463 480
463 481
463 482
463 483
463 484
463 485
463 486
463 487
463 488
463 489
463 490
463 491
463 492
463 493
463 494
463 495
463 496
463 497
463 498
463 499
463 500
463 501
463 502
463 503
463 504
463 505
464 506
464 507
464 508
464 509
465 510
465 511
465 512
466 513
466 514
466 515
467 516
467 517
467 518
468 519
468 520
468 521
469 522
469 523
470 524
470 525
470 526
471 527
471 528
471 529
472 530
472 531
473 532
473 533
474 534
474 535
475 536
475 537
476 538
476 539
477 540
478 541
479 541
480 542
481 542
482 542
483 541
484 540
485 539
486 538
487 537
488 536
488 535
489 534
490 533
491 532
492 531
493 530
494 529
495 528
496 527
497 526
497 525
498 524
499 524
500 523
501 522
502 521
503 520
504 519
505 518
506 517
507 516
508 515
509 514
510 513
511 513
512 512
513 511
514 510
515 509
516 509
517 508
518 507
519 506
520 505
521 505
522 504
523 503
524 502
525 501
526 501
527 500
528 499
529 498
530 497
531 497
532 496
533 495
534 494
535 493
536 492
537 492
538 491
539 490
540 489
541 488
542 487
543 486
544 485
544 484
545 483
546 482
547 481
548 480
549 479
549 478
550 477
551 476
552 475
553 474
553 473
554 472
555 471
555 470
556 469
557 468
557 467
558 466
559 465
559 464
560 463
560 462
561 461
561 460
562 459
562 458
563 457
564 456
564 455
564 454
565 453
565 452
566 451
566 450
567 449
567 448
567 447
568 446
568 445
568 444
569 443
569 442
569 441
570 440
570 439
570 438
570 437
570 436
571 435
571 434
571 433
571 432
571 431
571 430
571 429
571 428
572 427
572 426
572 425
572 424
572 423
572 422
572 421
572 420
572 419
572 418
572 417
572 416
572 415
573 414
573 413
573 412
573 411
573 410
573 409
573 408
573 407
573 406
573 405
573 404
573 403
573 402
573 401
573 400
573 399
573 398
573 397
573 396
573 395
573 394
573 393
573 392
573 391
572 390
572 389
572 388
572 387
572 386
572 385
572 384
572 383
572 382
572 381
572 380
572 379
572 378
572 377
571 376
571 375
571 374
571 373
571 372
571 371
571 370
571 369
570 368
570 367
570 366
570 365
570 364
569 363
569 362
569 361
568 360
568 359
568 358
567 357
567 356
567 355
566 354
566 353
565 352
565 351
564 350
564 349
563 348
563 347
562 346
562 345
561 344
561 343
560 342
560 341
559 340
558 339
558 338
557 337
557 336
556 335
555 334
555 333
554 332
553 331
552 330
552 329
551 328
550 327
549 326
549 325
548 324
547 323
546 322
545 321
544 320
543 319
542 318
542 317
541 316
540 315
539 314
538 313
537 313
536 312
535 311
534 310
533 309
532 308
531 308
530 307
529 306
528 305
527 304
526 304
525 303
524 302
523 301
522 300
521 300
520 299
519 298
518 297
517 296
516 296
515 295
514 294
513 293
512 292
511 292
510 291
509 290
508 289
507 288
506 287
505 286
504 285
503 284
502 284
501 283
500 282
499 281
498 280
497 279
496 278
495 277
495 276
494 275
493 274
492 273
491 272
490 271
489 270
488 269
488 268
487 267
486 266
485 265
484 264
483 263
482 263
481 262
480 262
