522 245
521 246
520 246
519 246
518 246
517 246
516 246
515 246
514 246
513 246
512 247
511 247
510 247
509 247
508 247
507 247
506 247
505 248
504 248
503 248
502 248
501 248
500 248
499 249
498 249
497 249
496 249
495 249
494 250
493 250
492 250
491 250
490 251
489 251
488 251
487 251
486 252
485 252
484 252
483 253
482 253
481 253
480 253
479 254
478 254
477 254
476 255
475 255
474 255
473 256
472 256
471 256
470 257
469 257
468 258
467 258
466 258
465 259
464 259
463 260
462 260
461 260
460 261
459 261
458 262
457 262
456 263
455 263
454 264
453 264
452 265
451 265
450 266
449 266
448 267
447 267
446 268
445 268
444 269
443 269
442 270
441 270
440 271
439 272
438 272
437 273
436 273
435 274
434 275
433 275
432 276
431 276
430 277
429 277
428 278
427 278
426 279
425 279
424 280
423 280
422 280
421 280
420 280
419 280
418 279
418 278
417 277
417 276
416 275
416 274
415 273
415 272
414 271
413 271
412 270
411 270
410 270
409 270
408 269
407 270
406 270
405 270
404 271
404 272
403 273
403 274
403 275
403 276
403 277
403 278
403 279
403 280
403 281
403 282
403 283
403 284
403 285
403 286
403 287
403 288
403 289
403 290
403 291
403 292
403 293
403 294
403 295
403 296
403 297
403 298
403 299
403 300
403 301
403 302
403 303
403 304
403 305
403 306
403 307
403 308
403 309
403 310
403 311
403 312
403 313
403 314
403 315
403 316
403 317
403 318
403 319
403 320
403 321
403 322
403 323
403 324
403 325
403 326
403 327
403 328
403 329
403 330
403 331
403 332
403 333
403 334
403 335
403 336
403 337
403 338
403 339
403 340
403 341
403 342
403 343
403 344
403 345
403 346
403 347
403 348
403 349
403 350
403 351
403 352
403 353
403 354
403 355
403 356
403 357
403 358
403 359
403 360
403 361
403 362
403 363
403 364
403 365
403 366
403 367
403 368
403 369
403 370
403 371
403 372
403 373
403 374
403 375
403 376
403 377
403 378
403 379
403 380
403 381
403 382
403 383
403 384
403 385
403 386
403 387
403 388
403 389
403 390
403 391
403 392
403 393
403 394
403 395
403 396
403 397
403 398
403 399
403 400
403 401
403 402
403 403
403 404
403 405
403 406
403 407
403 408
403 409
403 410
403 411
403 412
403 413
403 414
403 415
403 416
403 417
403 418
403 419
403 420
403 421
403 422
403 423
403 424
403 425
403 426
403 427
403 428
403 429
403 430
403 431
403 432
403 433
403 434
403 435
403 436
403 437
403 438
403 439
403 440
403 441
403 442
403 443
403 444
403 445
403 446
403 447
403 448
403 449
403 450
403 451
403 452
403 453
403 454
403 455
403 456
403 457
403 458
403 459
403 460
403 461
403 462
403 463
403 464
403 465
403 466
403 467
403 468
403 469
403 470
403 471
403 472
403 473
403 474
403 475
403 476
403 477
403 478
403 479
403 480
403 481
403 482
403 483
403 484
403 485
403 486
403 487
403 488
403 489
403 490
403 491
403 492
403 493
403 494
403 495
403 496
403 497
403 498
403 499
403 500
403 501
403 502
403 503
403 504
403 505
403 506
403 507
403 508
403 509
403 510
403 511
403 512
403 513
403 514
404 515
404 516
405 517
406 517
407 517
408 518
409 517
410 517
411 517
412 517
413 516
414 516
415 515
415 514
416 513
416 512
417 511
417 510
418 509
418 508
419 507
420 507
421 507
422 507
423 507
424 507
425 508
426 508
427 509
428 509
429 510
430 510
431 511
432 511
433 512
434 512
435 513
436 514
437 514
438 515
439 515
440 516
441 517
442 517
443 518
444 518
445 519
446 519
447 520
448 520
449 521
450 521
451 522
452 522
453 523
454 523
455 524
456 524
457 525
458 525
459 526
460 526
461 527
462 527
463 527
464 528
465 528
466 529
467 529
468 529
469 530
470 530
471 531
472 531
473 531
474 532
475 532
476 532
477 533
478 533
479 533
480 534
481 534
482 534
483 534
484 535
485 535
486 535
487 536
488 536
489 536
490 536
491 537
492 537
493 537
494 537
495 538
496 538
497 538
498 538
499 538
500 539
501 539
502 539
503 539
504 539
505 539
506 540
507 540
508 540
509 540
510 540
511 540
512 540
513 541
514 541
515 541
516 541
517 541
518 541
519 541
520 541
521 541
522 542
523 542
524 542
525 542
526 542
527 542
528 542
529 542
530 542
531 542
532 542
533 542
534 542
535 542
536 542
537 542
538 542
539 542
540 542
541 542
542 542
543 542
544 542
545 542
546 542
547 542
548 542
549 542
550 542
551 542
552 542
553 542
554 542
555 542
556 541
557 541
558 541
559 541
560 541
561 541
562 541
563 541
564 541
565 540
566 540
567 540
568 540
569 540
570 540
571 540
572 539
573 539
574 539
575 539
576 539
577 538
578 538
579 538
580 538
581 538
582 537
583 537
584 537
585 537
586 536
587 536
588 536
589 536
590 535
591 535
592 535
593 535
594 534
595 534
596 534
597 533
598 533
599 533
600 532
601 532
602 532
603 531
604 531
605 531
606 530
607 530
608 530
609 529
610 529
611 528
612 528
613 528
614 527
615 527
616 526
617 526
618 526
619 525
620 525
621 524
622 524
623 523
624 523
625 522
626 522
627 521
628 521
629 520
630 520
631 519
632 519
633 518
634 517
635 517
636 516
637 516
638 515
639 514
640 514
641 513
642 513
643 512
644 511
645 511
646 510
647 509
648 509
649 508
650 507
651 506
652 506
653 505
654 504
655 503
656 502
657 502
658 501
659 500
660 499
661 498
662 497
663 497
664 496
665 495
666 494
667 493
668 492
669 491
670 490
671 489
672 488
673 487
674 486
675 485
675 484
676 483
677 482
678 481
679 480
680 479
681 478
681 477
682 476
683 475
684 474
684 473
685 472
686 471
686 470
687 469
688 468
688 467
689 466
690 465
690 464
691 463
692 462
692 461
693 460
693 459
694 458
694 457
695 456
695 455
696 454
696 453
697 452
697 451
698 450
698 449
699 448
699 447
700 446
700 445
700 444
701 443
701 442
702 441
702 440
702 439
703 438
703 437
703 436
704 435
704 434
704 433
705 432
705 431
705 430
705 429
706 428
706 427
706 426
707 425
707 424
707 423
707 422
707 421
708 420
708 419
708 418
708 417
708 416
708 415
709 414
709 413
709 412
709 411
709 410
709 409
709 408
709 407
709 406
710 405
710 404
710 403
710 402
710 401
710 400
710 399
710 398
710 397
710 396
710 395
710 394
710 393
710 392
710 391
710 390
710 389
710 388
710 387
710 386
710 385
710 384
710 383
710 382
709 381
709 380
709 379
709 378
709 377
709 376
709 375
709 374
709 373
708 372
708 371
708 370
708 369
708 368
708 367
707 366
707 365
707 364
707 363
707 362
706 361
706 360
706 359
705 358
705 357
705 356
705 355
704 354
704 353
704 352
703 351
703 350
703 349
702 348
702 347
702 346
701 345
701 344
700 343
700 342
700 341
699 340
699 339
698 338
698 337
697 336
697 335
696 334
696 333
695 332
695 331
694 330
694 329
693 328
693 327
692 326
691 325
691 324
690 323
690 322
689 321
688 320
688 319
687 318
686 317
686 316
685 315
684 314
684 313
683 312
682 311
681 310
681 309
680 308
679 307
678 306
677 305
676 304
676 303
675 302
674 301
673 300
672 299
671 298
670 297
669 296
668 295
667 294
666 293
665 292
664 291
663 290
662 290
661 289
660 288
659 287
658 286
657 285
656 285
655 284
654 283
653 282
652 281
651 281
650 280
649 279
648 278
647 278
646 277
645 276
644 276
643 275
642 274
641 274
640 273
639 273
638 272
637 271
636 271
635 270
634 270
633 269
632 268
631 268
630 267
629 267
628 266
627 266
626 265
625 265
624 264
623 264
622 263
621 263
620 262
619 262
618 261
617 261
616 261
615 260
614 260
613 259
612 259
611 259
610 258
609 258
608 257
607 257
606 257
605 256
604 256
603 256
602 255
601 255
600 255
599 254
598 254
597 254
596 253
595 253
594 253
593 252
592 252
591 252
590 252
589 251
588 251
587 251
586 251
585 250
584 250
583 250
582 250
581 249
580 249
579 249
578 249
577 249
576 248
575 248
574 248
573 248
572 248
571 247
570 247
569 247
568 247
567 247
566 247
565 247
564 246
563 246
562 246
561 246
560 246
559 246
558 246
557 246
556 246
555 245
554 245
553 245
552 245
551 245
550 245
549 245
548 245
547 245
546 245
545 245
544 245
543 245
542 245
541 245
540 245
539 245
538 245
537 245
536 245
535 245
534 245
533 245
532 245
531 245
530 245
529 245
528 245
527 245
526 245
525 245
524 245
523 245
522 245
