506 248
505 249
504 249
504 250
503 251
503 252
503 253
503 254
503 255
503 256
503 257
503 258
503 259
503 260
503 261
503 262
503 263
503 264
503 265
503 266
503 267
503 268
503 269
503 270
503 271
503 272
503 273
503 274
503 275
503 276
503 277
503 278
503 279
503 280
503 281
503 282
503 283
503 284
503 285
503 286
503 287
503 288
503 289
503 290
503 291
503 292
503 293
503 294
503 295
503 296
503 297
503 298
503 299
503 300
503 301
503 302
503 303
503 304
503 305
503 306
503 307
503 308
503 309
503 310
503 311
503 312
503 313
503 314
503 315
503 316
503 317
503 318
503 319
503 320
503 321
503 322
503 323
503 324
503 325
503 326
503 327
503 328
503 329
503 330
503 331
503 332
503 333
503 334
503 335
503 336
503 337
503 338
503 339
503 340
503 341
503 342
503 343
503 344
503 345
503 346
503 347
503 348
503 349
503 350
503 351
503 352
503 353
503 354
503 355
503 356
503 357
503 358
503 359
503 360
503 361
503 362
503 363
503 364
503 365
503 366
503 367
503 368
503 369
503 370
503 371
503 372
503 373
503 374
503 375
503 376
503 377
503 378
503 379
503 380
503 381
503 382
503 383
503 384
503 385
503 386
503 387
503 388
503 389
503 390
503 391
503 392
503 393
503 394
503 395
503 396
503 397
503 398
503 399
503 400
503 401
503 402
503 403
503 404
503 405
503 406
503 407
503 408
503 409
503 410
503 411
503 412
503 413
503 414
503 415
503 416
503 417
503 418
503 419
503 420
503 421
503 422
503 423
503 424
503 425
503 426
503 427
503 428
503 429
503 430
503 431
503 432
503 433
503 434
503 435
503 436
503 437
503 438
503 439
503 440
503 441
503 442
503 443
503 444
503 445
503 446
503 447
503 448
503 449
503 450
503 451
503 452
503 453
503 454
503 455
503 456
503 457
503 458
503 459
503 460
503 461
503 462
503 463
503 464
503 465
503 466
503 467
503 468
503 469
503 470
503 471
503 472
503 473
503 474
503 475
503 476
503 477
503 478
503 479
503 480
503 481
503 482
503 483
503 484
503 485
503 486
503 487
503 488
503 489
503 490
503 491
503 492
503 493
503 494
503 495
503 496
503 497
503 498
503 499
503 500
503 501
503 502
503 503
503 504
503 505
503 506
503 507
503 508
503 509
503 510
503 511
503 512
503 513
503 514
503 515
503 516
503 517
503 518
503 519
503 520
503 521
503 522
503 523
503 524
503 525
503 526
503 527
503 528
503 529
503 530
503 531
503 532
503 533
503 534
503 535
503 536
503 537
503 538
503 539
503 540
503 541
503 542
503 543
503 544
503 545
503 546
503 547
503 548
503 549
503 550
503 551
503 552
503 553
503 554
503 555
503 556
503 557
503 558
503 559
503 560
503 561
503 562
503 563
503 564
503 565
503 566
503 567
504 568
505 569
506 569
507 570
508 570
509 570
510 569
511 569
511 568
512 567
513 566
513 565
514 564
515 563
516 562
517 561
518 560
519 559
520 558
521 558
522 557
523 556
524 556
525 555
526 555
527 554
528 554
529 553
530 553
531 552
532 552
533 552
534 551
535 551
536 551
537 550
538 550
539 550
540 549
541 549
542 549
543 548
544 548
545 548
546 547
547 547
548 547
549 546
550 546
551 546
552 545
553 545
554 544
555 544
556 544
557 544
558 543
559 543
560 542
561 542
562 542
563 541
564 541
565 540
566 540
567 539
568 539
569 538
570 538
571 537
572 537
573 536
574 536
575 535
576 534
577 534
578 533
579 532
580 532
581 531
582 530
583 530
584 529
585 528
586 527
587 527
588 526
589 525
590 524
591 523
592 522
593 521
594 520
595 519
596 518
597 517
598 516
599 515
600 514
601 513
602 512
603 511
604 510
604 509
605 508
606 507
607 506
607 505
608 504
609 503
610 502
610 501
611 500
612 499
612 498
613 497
614 496
614 495
615 494
615 493
616 492
617 491
617 490
618 489
618 488
619 487
619 486
620 485
620 484
621 483
621 482
622 481
622 480
623 479
623 478
624 477
624 476
624 475
625 474
625 473
626 472
626 471
626 470
627 469
627 468
628 467
628 466
628 465
629 464
629 463
629 462
630 461
630 460
630 459
631 458
631 457
631 456
631 455
632 454
632 453
632 452
632 451
633 450
633 449
633 448
633 447
634 446
634 445
634 444
634 443
634 442
635 441
635 440
635 439
635 438
635 437
635 436
636 435
636 434
636 433
636 432
636 431
636 430
636 429
637 428
637 427
637 426
637 425
637 424
637 423
637 422
637 421
637 420
637 419
637 418
637 417
637 416
637 415
638 414
638 413
638 412
638 411
638 410
638 409
638 408
638 407
638 406
638 405
638 404
638 403
637 402
637 401
637 400
637 399
637 398
637 397
637 396
637 395
637 394
637 393
637 392
637 391
637 390
636 389
636 388
636 387
636 386
636 385
636 384
636 383
636 382
635 381
635 380
635 379
635 378
635 377
634 376
634 375
634 374
634 373
634 372
633 371
633 370
633 369
633 368
633 367
632 366
632 365
632 364
632 363
631 362
631 361
631 360
630 359
630 358
630 357
629 356
629 355
629 354
628 353
628 352
628 351
627 350
627 349
627 348
626 347
626 346
625 345
625 344
625 343
624 342
624 341
623 340
623 339
622 338
622 337
622 336
621 335
621 334
620 333
620 332
619 331
618 330
618 329
617 328
617 327
616 326
616 325
615 324
614 323
614 322
613 321
613 320
612 319
611 318
611 317
610 316
609 315
608 314
608 313
607 312
606 311
605 310
605 309
604 308
603 307
602 306
601 305
601 304
600 303
599 302
598 301
597 300
596 299
595 298
594 297
593 296
592 295
591 294
590 294
589 293
588 292
587 291
586 290
585 289
584 289
583 288
582 287
581 286
580 286
579 285
578 284
577 284
576 283
575 283
574 282
573 281
572 281
571 280
570 280
569 279
568 279
567 278
566 278
565 277
564 277
563 276
562 276
561 276
560 275
559 275
558 274
557 274
556 274
555 273
554 273
553 273
552 272
551 272
550 272
549 271
548 271
547 271
546 270
545 270
544 270
543 269
542 269
541 269
540 268
539 268
538 268
537 267
536 267
535 266
534 266
533 266
532 265
531 265
530 265
529 264
528 264
527 263
526 263
525 262
524 262
523 261
522 261
521 260
520 259
519 258
518 257
517 257
516 256
515 255
515 254
514 253
513 252
512 251
512 250
511 249
510 248
509 248
508 248
507 248
506 248
