509 216
508 217
507 217
506 217
505 217
504 217
503 217
502 217
501 217
500 218
499 218
498 218
497 218
496 219
495 219
494 219
493 220
492 220
491 221
490 221
489 222
488 222
487 223
486 223
485 224
484 225
483 225
482 226
481 227
480 228
479 228
478 229
477 229
476 229
475 230
474 230
473 230
472 229
471 229
470 229
469 228
468 228
467 227
466 226
465 226
464 225
463 225
462 225
461 225
460 225
459 226
458 227
458 228
457 229
457 230
457 231
457 232
457 233
457 234
457 235
457 236
457 237
457 238
457 239
457 240
457 241
457 242
457 243
457 244
457 245
457 246
457 247
457 248
457 249
457 250
457 251
457 252
457 253
457 254
457 255
457 256
457 257
457 258
457 259
457 260
457 261
457 262
457 263
457 264
457 265
457 266
457 267
457 268
457 269
457 270
457 271
457 272
457 273
457 274
457 275
457 276
457 277
457 278
457 279
457 280
457 281
457 282
457 283
457 284
457 285
457 286
457 287
457 288
457 289
457 290
457 291
457 292
457 293
457 294
457 295
457 296
457 297
457 298
457 299
457 300
457 301
457 302
457 303
457 304
457 305
457 306
457 307
457 308
457 309
457 310
457 311
457 312
457 313
457 314
457 315
457 316
457 317
457 318
457 319
457 320
457 321
457 322
457 323
457 324
457 325
457 326
457 327
457 328
457 329
457 330
457 331
457 332
457 333
457 334
457 335
457 336
457 337
457 338
457 339
457 340
457 341
457 342
457 343
457 344
457 345
457 346
457 347
457 348
457 349
457 350
457 351
457 352
457 353
457 354
457 355
457 356
457 357
457 358
457 359
457 360
457 361
457 362
457 363
457 364
457 365
457 366
457 367
457 368
457 369
457 370
457 371
457 372
457 373
457 374
457 375
457 376
457 377
457 378
457 379
457 380
457 381
457 382
457 383
457 384
457 385
457 386
457 387
457 388
457 389
457 390
457 391
457 392
457 393
457 394
457 395
457 396
457 397
457 398
457 399
457 400
457 401
457 402
457 403
457 404
457 405
457 406
457 407
457 408
457 409
457 410
457 411
457 412
457 413
457 414
457 415
457 416
457 417
457 418
457 419
457 420
457 421
457 422
457 423
457 424
457 425
457 426
457 427
457 428
457 429
457 430
457 431
457 432
457 433
457 434
457 435
457 436
457 437
457 438
457 439
457 440
457 441
457 442
457 443
457 444
457 445
457 446
457 447
457 448
457 449
457 450
457 451
457 452
457 453
457 454
457 455
457 456
457 457
457 458
457 459
457 460
457 461
457 462
457 463
457 464
457 465
457 466
457 467
457 468
457 469
457 470
457 471
457 472
457 473
457 474
457 475
457 476
457 477
457 478
457 479
457 480
457 481
457 482
457 483
457 484
457 485
457 486
457 487
457 488
457 489
457 490
457 491
457 492
457 493
457 494
457 495
457 496
457 497
457 498
457 499
457 500
457 501
457 502
457 503
457 504
457 505
457 506
457 507
457 508
457 509
457 510
457 511
457 512
457 513
457 514
457 515
457 516
457 517
457 518
457 519
457 520
457 521
457 522
457 523
457 524
457 525
457 526
457 527
457 528
457 529
457 530
457 531
457 532
457 533
457 534
457 535
457 536
457 537
457 538
457 539
457 540
457 541
457 542
457 543
457 544
457 545
457 546
457 547
457 548
457 549
457 550
457 551
457 552
457 553
457 554
457 555
457 556
457 557
457 558
457 559
457 560
457 561
457 562
457 563
457 564
458 565
458 566
458 567
459 568
460 568
461 568
462 568
463 568
464 568
465 568
466 567
467 566
468 566
469 565
470 564
471 564
472 564
473 564
474 564
475 564
476 564
477 564
478 565
479 565
480 566
481 566
482 567
483 568
484 569
485 569
486 570
487 571
488 571
489 572
490 572
491 573
492 573
493 574
494 574
495 574
496 575
497 575
498 575
499 576
500 576
501 576
502 576
503 576
504 576
505 576
506 576
507 577
508 577
509 577
510 577
511 577
512 577
513 577
514 577
515 577
516 577
517 577
518 577
519 577
520 577
521 577
522 577
523 577
524 577
525 577
526 577
527 577
528 577
529 577
530 577
531 577
532 577
533 577
534 577
535 577
536 577
537 576
538 576
539 576
540 576
541 576
542 576
543 576
544 575
545 575
546 575
547 575
548 575
549 575
550 574
551 574
552 574
553 574
554 574
555 573
556 573
557 573
558 573
559 572
560 572
561 572
562 572
563 571
564 571
565 571
566 570
567 570
568 570
569 569
570 569
571 569
572 568
573 568
574 568
575 567
576 567
577 566
578 566
579 566
580 565
581 565
582 564
583 564
584 563
585 563
586 562
587 562
588 561
589 561
590 560
591 560
592 559
593 559
594 558
595 558
596 557
597 556
598 556
599 555
600 555
601 554
602 553
603 553
604 552
605 551
606 551
607 550
608 549
609 549
610 548
611 547
612 546
613 546
614 545
615 544
616 543
617 543
618 542
619 541
620 540
621 539
622 538
623 537
624 537
625 536
626 535
627 534
628 533
629 532
630 531
631 530
632 529
633 528
634 527
635 526
636 525
636 524
637 523
638 522
639 521
640 520
641 519
641 518
642 517
643 516
644 515
645 514
645 513
646 512
647 511
648 510
648 509
649 508
650 507
650 506
651 505
652 504
652 503
653 502
654 501
654 500
655 499
656 498
656 497
657 496
657 495
658 494
658 493
659 492
660 491
660 490
661 489
661 488
662 487
662 486
663 485
663 484
664 483
664 482
665 481
665 480
666 479
666 478
667 477
667 476
667 475
668 474
668 473
669 472
669 471
670 470
670 469
670 468
671 467
671 466
671 465
672 464
672 463
672 462
673 461
673 460
674 459
674 458
674 457
674 456
675 455
675 454
675 453
676 452
676 451
676 450
677 449
677 448
677 447
677 446
678 445
678 444
678 443
678 442
679 441
679 440
679 439
679 438
679 437
680 436
680 435
680 434
680 433
680 432
681 431
681 430
681 429
681 428
681 427
681 426
681 425
682 424
682 423
682 422
682 421
682 420
682 419
682 418
682 417
683 416
683 415
683 414
683 413
683 412
683 411
683 410
683 409
683 408
683 407
683 406
683 405
683 404
683 403
683 402
683 401
683 400
683 399
684 398
684 397
684 396
684 395
683 394
683 393
683 392
683 391
683 390
683 389
683 388
683 387
683 386
683 385
683 384
683 383
683 382
683 381
683 380
683 379
683 378
683 377
682 376
682 375
682 374
682 373
682 372
682 371
682 370
682 369
681 368
681 367
681 366
681 365
681 364
681 363
680 362
680 361
680 360
680 359
680 358
680 357
679 356
679 355
679 354
679 353
678 352
678 351
678 350
678 349
677 348
677 347
677 346
677 345
676 344
676 343
676 342
676 341
675 340
675 339
675 338
674 337
674 336
674 335
673 334
673 333
673 332
672 331
672 330
672 329
671 328
671 327
671 326
670 325
670 324
669 323
669 322
669 321
668 320
668 319
667 318
667 317
666 316
666 315
665 314
665 313
665 312
664 311
664 310
663 309
663 308
662 307
662 306
661 305
661 304
660 303
659 302
659 301
658 300
658 299
657 298
657 297
656 296
655 295
655 294
654 293
653 292
653 291
652 290
652 289
651 288
650 287
649 286
649 285
648 284
647 283
647 282
646 281
645 280
644 279
644 278
643 277
642 276
641 275
640 274
640 273
639 272
638 271
637 270
636 269
635 268
634 267
633 266
632 265
631 264
631 263
630 262
629 261
628 260
627 260
626 259
625 258
624 257
623 256
622 255
621 254
620 253
619 252
618 251
617 251
616 250
615 249
614 248
613 248
612 247
611 246
610 245
609 245
608 244
607 243
606 242
605 242
604 241
603 241
602 240
601 239
600 239
599 238
598 237
597 237
596 236
595 236
594 235
593 235
592 234
591 233
590 233
589 232
588 232
587 231
586 231
585 230
584 230
583 229
582 229
581 229
580 228
579 228
578 227
577 227
576 226
575 226
574 226
573 225
572 225
571 225
570 224
569 224
568 224
567 223
566 223
565 223
564 222
563 222
562 222
561 221
560 221
559 221
558 221
557 220
556 220
555 220
554 220
553 219
552 219
551 219
550 219
549 219
548 218
547 218
546 218
545 218
544 218
543 218
542 217
541 217
540 217
539 217
538 217
537 217
536 217
535 217
534 217
533 216
532 216
531 216
530 216
529 216
528 216
527 216
526 216
525 216
524 216
523 216
522 216
521 216
520 216
519 216
518 216
517 216
516 216
515 216
514 216
513 216
512 216
511 216
510 216
509 216
