548 285
547 286
546 286
545 286
544 286
543 286
542 286
541 286
540 286
539 286
538 286
537 286
536 286
535 286
534 286
533 286
532 286
531 286
530 286
529 286
528 286
527 286
526 287
525 287
524 287
523 287
522 287
521 287
520 287
519 287
518 287
517 287
516 288
515 288
514 288
513 288
512 288
511 288
510 289
509 289
508 290
507 291
506 292
506 293
505 294
505 295
505 296
504 297
504 298
504 299
504 300
504 301
504 302
504 303
504 304
504 305
504 306
504 307
504 308
504 309
504 310
504 311
504 312
504 313
504 314
504 315
504 316
504 317
504 318
504 319
504 320
504 321
504 322
504 323
504 324
504 325
504 326
504 327
504 328
504 329
504 330
504 331
504 332
504 333
504 334
504 335
504 336
504 337
504 338
504 339
504 340
504 341
504 342
504 343
504 344
504 345
504 346
504 347
504 348
504 349
504 350
504 351
504 352
504 353
504 354
504 355
504 356
504 357
504 358
504 359
504 360
504 361
504 362
504 363
504 364
504 365
504 366
504 367
504 368
504 369
504 370
504 371
504 372
504 373
504 374
504 375
504 376
504 377
504 378
504 379
504 380
504 381
504 382
504 383
504 384
504 385
504 386
504 387
504 388
504 389
504 390
504 391
504 392
504 393
504 394
504 395
504 396
504 397
504 398
504 399
504 400
504 401
504 402
504 403
504 404
504 405
504 406
504 407
504 408
504 409
504 410
504 411
504 412
504 413
504 414
504 415
504 416
504 417
504 418
504 419
504 420
504 421
504 422
504 423
504 424
504 425
504 426
504 427
504 428
504 429
504 430
504 431
504 432
504 433
504 434
504 435
504 436
504 437
504 438
504 439
504 440
504 441
504 442
504 443
504 444
504 445
504 446
504 447
504 448
504 449
504 450
504 451
504 452
504 453
504 454
504 455
504 456
504 457
504 458
504 459
504 460
504 461
504 462
504 463
504 464
504 465
504 466
504 467
504 468
504 469
504 470
504 471
504 472
504 473
504 474
504 475
504 476
504 477
504 478
504 479
504 480
504 481
504 482
504 483
504 484
504 485
504 486
504 487
504 488
504 489
504 490
504 491
504 492
504 493
504 494
504 495
504 496
504 497
504 498
504 499
505 500
505 501
506 502
506 503
507 504
508 505
509 506
510 506
511 507
512 507
513 507
514 507
515 508
516 508
517 508
518 508
519 508
520 508
521 508
522 508
523 509
524 509
525 509
526 509
527 509
528 509
529 509
530 509
531 509
532 509
533 509
534 509
535 509
536 509
537 509
538 509
539 509
540 510
541 510
542 510
543 510
544 510
545 510
546 510
547 510
548 510
549 510
550 510
551 510
552 510
553 510
554 510
555 510
556 509
557 509
558 509
559 509
560 509
561 509
562 509
563 508
564 508
565 508
566 508
567 508
568 507
569 507
570 507
571 507
572 506
573 506
574 506
575 506
576 505
577 505
578 504
579 504
580 504
581 503
582 503
583 502
584 502
585 502
586 501
587 501
588 500
589 500
590 499
591 499
592 498
593 497
594 497
595 496
596 496
597 495
598 494
599 494
600 493
601 492
602 491
603 491
604 490
605 489
606 488
607 487
608 486
609 485
610 484
611 483
612 482
613 481
614 480
615 479
616 478
617 477
618 476
619 475
619 474
620 473
621 472
622 471
622 470
623 469
624 468
624 467
625 466
626 465
626 464
627 463
627 462
628 461
629 460
629 459
630 458
630 457
631 456
631 455
632 454
632 453
633 452
633 451
633 450
634 449
634 448
635 447
635 446
636 445
636 444
636 443
637 442
637 441
637 440
638 439
638 438
638 437
639 436
639 435
639 434
640 433
640 432
640 431
640 430
641 429
641 428
641 427
641 426
642 425
642 424
642 423
642 422
642 421
643 420
643 419
643 418
643 417
643 416
643 415
644 414
644 413
644 412
644 411
644 410
644 409
644 408
644 407
644 406
645 405
645 404
645 403
645 402
645 401
645 400
645 399
645 398
645 397
645 396
645 395
645 394
645 393
645 392
645 391
645 390
644 389
644 388
644 387
644 386
644 385
644 384
644 383
644 382
644 381
643 380
643 379
643 378
643 377
643 376
643 375
642 374
642 373
642 372
642 371
642 370
641 369
641 368
641 367
641 366
640 365
640 364
640 363
639 362
639 361
639 360
639 359
638 358
638 357
638 356
637 355
637 354
637 353
636 352
636 351
635 350
635 349
635 348
634 347
634 346
633 345
633 344
632 343
632 342
632 341
631 340
630 339
630 338
629 337
629 336
628 335
628 334
627 333
627 332
626 331
625 330
625 329
624 328
623 327
623 326
622 325
621 324
621 323
620 322
619 321
618 320
618 319
617 318
616 317
615 316
614 315
613 314
612 313
611 312
610 311
609 310
608 309
607 308
606 307
605 306
604 306
603 305
602 304
601 303
600 302
599 302
598 301
597 300
596 300
595 299
594 298
593 298
592 297
591 297
590 296
589 296
588 295
587 295
586 294
585 294
584 293
583 293
582 292
581 292
580 292
579 291
578 291
577 290
576 290
575 290
574 289
573 289
572 289
571 289
570 288
569 288
568 288
567 288
566 287
565 287
564 287
563 287
562 287
561 286
560 286
559 286
558 286
557 286
556 286
555 286
554 286
553 286
552 286
551 286
550 286
549 285
548 285
