431 128
430 129
429 129
428 129
427 129
426 129
425 129
424 129
423 130
422 130
421 130
420 130
419 130
418 131
417 131
416 131
415 131
414 131
413 132
412 132
411 132
410 132
409 133
408 134
408 135
407 136
407 137
407 138
407 139
407 140
407 141
407 142
407 143
407 144
407 145
407 146
407 147
407 148
407 149
407 150
407 151
407 152
407 153
407 154
407 155
407 156
407 157
407 158
407 159
407 160
407 161
407 162
407 163
407 164
407 165
407 166
407 167
407 168
407 169
407 170
407 171
407 172
407 173
407 174
407 175
407 176
407 177
407 178
407 179
407 180
407 181
407 182
407 183
407 184
407 185
407 186
407 187
407 188
407 189
407 190
407 191
407 192
407 193
407 194
407 195
407 196
407 197
407 198
407 199
407 200
407 201
407 202
407 203
407 204
407 205
407 206
407 207
407 208
407 209
407 210
407 211
407 212
407 213
407 214
407 215
407 216
407 217
407 218
407 219
407 220
407 221
407 222
407 223
407 224
407 225
407 226
407 227
407 228
407 229
407 230
407 231
407 232
407 233
407 234
407 235
407 236
407 237
407 238
407 239
407 240
407 241
407 242
407 243
407 244
407 245
407 246
407 247
407 248
407 249
407 250
407 251
407 252
407 253
407 254
407 255
407 256
407 257
407 258
407 259
407 260
407 261
407 262
407 263
407 264
407 265
407 266
407 267
407 268
407 269
407 270
407 271
407 272
407 273
407 274
407 275
407 276
407 277
407 278
407 279
407 280
407 281
407 282
407 283
407 284
407 285
407 286
407 287
407 288
407 289
407 290
407 291
407 292
407 293
407 294
407 295
407 296
407 297
407 298
407 299
407 300
407 301
407 302
407 303
407 304
407 305
407 306
407 307
407 308
407 309
407 310
407 311
407 312
407 313
407 314
407 315
407 316
407 317
407 318
407 319
407 320
407 321
407 322
407 323
407 324
407 325
407 326
407 327
407 328
407 329
407 330
407 331
407 332
407 333
407 334
407 335
407 336
407 337
407 338
407 339
407 340
407 341
407 342
407 343
407 344
407 345
407 346
407 347
407 348
407 349
407 350
407 351
407 352
407 353
407 354
407 355
407 356
407 357
407 358
407 359
407 360
407 361
407 362
407 363
407 364
407 365
407 366
407 367
407 368
407 369
407 370
407 371
407 372
407 373
407 374
407 375
407 376
407 377
407 378
407 379
407 380
407 381
407 382
407 383
407 384
407 385
407 386
407 387
407 388
407 389
407 390
407 391
407 392
407 393
407 394
407 395
407 396
407 397
407 398
407 399
407 400
407 401
407 402
407 403
407 404
407 405
407 406
407 407
407 408
407 409
407 410
407 411
407 412
407 413
407 414
407 415
407 416
407 417
407 418
407 419
407 420
407 421
407 422
407 423
407 424
407 425
407 426
407 427
407 428
407 429
407 430
407 431
407 432
407 433
407 434
407 435
407 436
407 437
407 438
407 439
407 440
407 441
407 442
407 443
407 444
407 445
407 446
407 447
407 448
407 449
407 450
407 451
407 452
407 453
407 454
407 455
407 456
407 457
407 458
407 459
407 460
407 461
407 462
407 463
407 464
407 465
407 466
407 467
407 468
407 469
407 470
407 471
407 472
407 473
407 474
407 475
407 476
407 477
407 478
407 479
407 480
407 481
407 482
407 483
407 484
407 485
407 486
407 487
407 488
407 489
407 490
407 491
407 492
407 493
407 494
407 495
407 496
407 497
407 498
407 499
407 500
407 501
407 502
407 503
407 504
407 505
407 506
407 507
407 508
407 509
407 510
407 511
407 512
407 513
407 514
407 515
407 516
407 517
407 518
407 519
407 520
407 521
407 522
407 523
407 524
407 525
407 526
407 527
407 528
407 529
407 530
407 531
407 532
407 533
407 534
407 535
407 536
407 537
407 538
407 539
407 540
407 541
407 542
407 543
407 544
407 545
407 546
407 547
407 548
407 549
407 550
407 551
407 552
407 553
407 554
407 555
407 556
407 557
407 558
407 559
407 560
407 561
407 562
407 563
407 564
407 565
407 566
407 567
407 568
407 569
407 570
407 571
407 572
407 573
407 574
407 575
407 576
407 577
407 578
407 579
407 580
407 581
407 582
407 583
407 584
407 585
407 586
407 587
407 588
407 589
407 590
407 591
407 592
407 593
407 594
407 595
407 596
407 597
407 598
407 599
407 600
407 601
407 602
407 603
407 604
407 605
407 606
407 607
407 608
407 609
407 610
407 611
407 612
407 613
407 614
407 615
407 616
407 617
407 618
407 619
407 620
407 621
407 622
407 623
407 624
407 625
407 626
407 627
407 628
407 629
407 630
407 631
407 632
407 633
407 634
407 635
407 636
407 637
407 638
407 639
407 640
407 641
407 642
407 643
407 644
407 645
407 646
407 647
407 648
407 649
407 650
407 651
407 652
407 653
407 654
407 655
407 656
407 657
407 658
407 659
407 660
407 661
407 662
407 663
408 664
408 665
409 665
410 666
411 666
412 667
413 667
414 667
415 667
416 667
417 668
418 668
419 668
420 668
421 668
422 669
423 669
424 669
425 669
426 669
427 669
428 670
429 670
430 670
431 670
432 670
433 670
434 670
435 670
436 671
437 671
438 671
439 671
440 671
441 670
442 670
443 670
444 670
445 670
446 670
447 670
448 670
449 670
450 670
451 670
452 670
453 670
454 670
455 669
456 669
457 669
458 669
459 669
460 669
461 669
462 669
463 668
464 668
465 668
466 668
467 668
468 668
469 668
470 667
471 667
472 667
473 667
474 667
475 667
476 666
477 666
478 666
479 666
480 666
481 665
482 665
483 665
484 665
485 665
486 664
487 664
488 664
489 664
490 663
491 663
492 663
493 663
494 662
495 662
496 662
497 662
498 661
499 661
500 661
501 660
502 660
503 660
504 660
505 659
506 659
507 659
508 658
509 658
510 658
511 657
512 657
513 657
514 656
515 656
516 656
517 655
518 655
519 655
520 654
521 654
522 653
523 653
524 653
525 652
526 652
527 651
528 651
529 651
530 650
531 650
532 649
533 649
534 648
535 648
536 648
537 647
538 647
539 646
540 646
541 645
542 645
543 644
544 644
545 643
546 643
547 642
548 642
549 641
550 641
551 640
552 640
553 639
554 639
555 638
556 638
557 637
558 636
559 636
560 635
561 635
562 634
563 633
564 633
565 632
566 632
567 631
568 630
569 630
570 629
571 629
572 628
573 627
574 626
575 626
576 625
577 624
578 624
579 623
580 622
581 622
582 621
583 620
584 619
585 619
586 618
587 617
588 616
589 616
590 615
591 614
592 613
593 613
594 612
595 611
596 610
597 609
598 608
599 608
600 607
601 606
602 605
603 604
604 603
605 602
606 601
607 600
608 600
609 599
610 598
611 597
612 596
613 595
614 594
615 593
616 592
617 591
618 590
619 589
620 588
621 587
622 586
622 585
623 584
624 583
625 582
626 581
627 580
628 579
629 578
630 577
630 576
631 575
632 574
633 573
634 572
634 571
635 570
636 569
637 568
638 567
638 566
639 565
640 564
641 563
641 562
642 561
643 560
644 559
644 558
645 557
646 556
646 555
647 554
648 553
648 552
649 551
650 550
650 549
651 548
652 547
652 546
653 545
654 544
654 543
655 542
655 541
656 540
657 539
657 538
658 537
658 536
659 535
659 534
660 533
661 532
661 531
662 530
662 529
663 528
663 527
664 526
664 525
665 524
665 523
666 522
666 521
667 520
667 519
668 518
668 517
669 516
669 515
670 514
670 513
671 512
671 511
671 510
672 509
672 508
673 507
673 506
674 505
674 504
674 503
675 502
675 501
676 500
676 499
676 498
677 497
677 496
677 495
678 494
678 493
679 492
679 491
679 490
680 489
680 488
680 487
681 486
681 485
681 484
682 483
682 482
682 481
682 480
683 479
683 478
683 477
684 476
684 475
684 474
685 473
685 472
685 471
685 470
686 469
686 468
686 467
686 466
687 465
687 464
687 463
687 462
688 461
688 460
688 459
688 458
688 457
689 456
689 455
689 454
689 453
689 452
690 451
690 450
690 449
690 448
690 447
691 446
691 445
691 444
691 443
691 442
691 441
691 440
692 439
692 438
692 437
692 436
692 435
692 434
692 433
693 432
693 431
693 430
693 429
693 428
693 427
693 426
693 425
693 424
693 423
694 422
694 421
694 420
694 419
694 418
694 417
694 416
694 415
694 414
694 413
694 412
694 411
694 410
694 409
694 408
694 407
694 406
694 405
694 404
694 403
694 402
695 401
695 400
695 399
695 398
694 397
694 396
694 395
694 394
694 393
694 392
694 391
694 390
694 389
694 388
694 387
694 386
694 385
694 384
694 383
694 382
694 381
694 380
694 379
694 378
694 377
694 376
693 375
693 374
693 373
693 372
693 371
693 370
693 369
693 368
693 367
693 366
692 365
692 364
692 363
692 362
692 361
692 360
692 359
691 358
691 357
691 356
691 355
691 354
691 353
690 352
690 351
690 350
690 349
690 348
690 347
689 346
689 345
689 344
689 343
689 342
688 341
688 340
688 339
688 338
687 337
687 336
687 335
687 334
687 333
686 332
686 331
686 330
685 329
685 328
685 327
685 326
684 325
684 324
684 323
684 322
683 321
683 320
683 319
682 318
682 317
682 316
681 315
681 314
681 313
680 312
680 311
680 310
679 309
679 308
679 307
678 306
678 305
678 304
677 303
677 302
677 301
676 300
676 299
675 298
675 297
675 296
674 295
674 294
673 293
673 292
672 291
672 290
672 289
671 288
671 287
670 286
670 285
669 284
669 283
668 282
668 281
668 280
667 279
667 278
666 277
666 276
665 275
665 274
664 273
664 272
663 271
662 270
662 269
661 268
661 267
660 266
660 265
659 264
659 263
658 262
658 261
657 260
656 259
656 258
655 257
654 256
654 255
653 254
653 253
652 252
651 251
651 250
650 249
649 248
649 247
648 246
647 245
647 244
646 243
645 242
645 241
644 240
643 239
643 238
642 237
641 236
640 235
640 234
639 233
638 232
637 231
637 230
636 229
635 228
634 227
633 226
632 225
632 224
631 223
630 222
629 221
628 220
627 219
627 218
626 217
625 216
624 215
623 214
622 213
621 212
620 211
619 210
618 209
617 208
616 207
615 206
614 205
613 204
612 203
611 202
610 201
609 200
608 199
607 198
606 197
605 196
604 195
603 194
602 193
601 193
600 192
599 191
598 190
597 189
596 188
595 187
594 187
593 186
592 185
591 184
590 183
589 183
588 182
587 181
586 180
585 180
584 179
583 178
582 177
581 177
580 176
579 175
578 175
577 174
576 173
575 173
574 172
573 171
572 171
571 170
570 169
569 169
568 168
567 167
566 167
565 166
564 166
563 165
562 164
561 164
560 163
559 163
558 162
557 161
556 161
555 160
554 160
553 159
552 159
551 158
550 158
549 157
548 157
547 156
546 156
545 155
544 155
543 154
542 154
541 153
540 153
539 152
538 152
537 151
536 151
535 150
534 150
533 149
532 149
531 149
530 148
529 148
528 147
527 147
526 147
525 146
524 146
523 145
522 145
521 145
520 144
519 144
518 144
517 143
516 143
515 142
514 142
513 142
512 141
511 141
510 141
509 140
508 140
507 140
506 139
505 139
504 139
503 139
502 138
501 138
500 138
499 137
498 137
497 137
496 137
495 136
494 136
493 136
492 136
491 135
490 135
489 135
488 135
487 134
486 134
485 134
484 134
483 133
482 133
481 133
480 133
479 133
478 132
477 132
476 132
475 132
474 132
473 132
472 131
471 131
470 131
469 131
468 131
467 131
466 130
465 130
464 130
463 130
462 130
461 130
460 130
459 129
458 129
457 129
456 129
455 129
454 129
453 129
452 129
451 129
450 129
449 128
448 128
447 128
446 128
445 128
444 128
443 128
442 128
441 128
440 128
439 128
438 128
437 128
436 128
435 128
434 128
433 128
432 128
431 128
