547 117
546 118
545 118
544 118
543 118
542 118
541 118
540 118
539 118
538 118
537 118
536 118
535 118
534 118
533 118
532 118
531 118
530 118
529 118
528 119
527 119
526 119
525 119
524 119
523 119
522 119
521 119
520 119
519 119
518 120
517 120
516 120
515 120
514 120
513 120
512 120
511 120
510 121
509 121
508 121
507 121
506 121
505 121
504 122
503 122
502 122
501 122
500 122
499 122
498 123
497 123
496 123
495 123
494 123
493 124
492 124
491 124
490 124
489 124
488 125
487 125
486 125
485 125
484 125
483 126
482 126
481 126
480 126
479 126
478 127
477 127
476 127
475 127
474 128
473 128
472 128
471 128
470 129
469 129
468 129
467 129
466 130
465 130
464 130
463 130
462 131
461 131
460 131
459 131
458 132
457 132
456 132
455 133
454 133
453 133
452 133
451 134
450 134
449 134
448 135
447 135
446 135
445 135
444 136
443 136
442 136
441 137
440 137
439 137
438 138
437 138
436 138
435 139
434 139
433 139
432 140
431 140
430 140
429 141
428 141
427 141
426 142
425 142
424 142
423 143
422 143
421 143
420 144
419 144
418 144
417 145
416 145
415 146
414 146
413 146
412 147
411 147
410 147
409 148
408 148
407 149
406 149
405 149
404 150
403 150
402 151
401 151
400 151
399 152
398 152
397 152
396 153
395 153
394 154
393 154
392 154
391 155
390 155
389 156
388 156
387 157
386 157
385 157
384 158
383 158
382 159
381 159
380 159
379 160
378 160
377 161
376 161
375 162
374 162
373 162
372 163
371 163
370 164
369 164
368 165
367 166
366 166
365 167
364 168
363 169
362 170
362 171
361 172
360 173
360 174
359 175
359 176
359 177
358 178
358 179
358 180
358 181
358 182
358 183
358 184
358 185
358 186
358 187
358 188
358 189
358 190
358 191
358 192
358 193
358 194
358 195
358 196
358 197
358 198
358 199
358 200
358 201
358 202
358 203
358 204
358 205
358 206
358 207
358 208
358 209
358 210
358 211
358 212
358 213
358 214
358 215
358 216
358 217
358 218
358 219
358 220
358 221
358 222
358 223
358 224
358 225
358 226
358 227
358 228
358 229
358 230
358 231
358 232
358 233
358 234
358 235
358 236
358 237
358 238
358 239
358 240
358 241
358 242
358 243
358 244
358 245
358 246
358 247
358 248
358 249
358 250
358 251
358 252
358 253
358 254
358 255
358 256
358 257
358 258
358 259
358 260
358 261
358 262
358 263
358 264
358 265
358 266
358 267
358 268
358 269
358 270
358 271
358 272
358 273
358 274
358 275
358 276
358 277
358 278
358 279
358 280
358 281
358 282
358 283
358 284
358 285
358 286
358 287
358 288
358 289
358 290
358 291
358 292
358 293
358 294
358 295
358 296
358 297
358 298
358 299
358 300
358 301
358 302
358 303
358 304
358 305
358 306
358 307
358 308
358 309
358 310
358 311
358 312
358 313
358 314
358 315
358 316
358 317
358 318
358 319
358 320
358 321
358 322
358 323
358 324
358 325
358 326
358 327
358 328
358 329
358 330
358 331
358 332
358 333
358 334
358 335
358 336
358 337
358 338
358 339
358 340
358 341
358 342
358 343
358 344
358 345
358 346
358 347
358 348
358 349
358 350
358 351
358 352
358 353
358 354
358 355
358 356
358 357
358 358
358 359
358 360
358 361
358 362
358 363
358 364
358 365
358 366
358 367
358 368
358 369
358 370
358 371
358 372
358 373
358 374
358 375
358 376
358 377
358 378
358 379
358 380
358 381
358 382
358 383
358 384
358 385
358 386
358 387
358 388
358 389
358 390
358 391
358 392
358 393
358 394
358 395
358 396
358 397
358 398
358 399
358 400
358 401
358 402
358 403
358 404
358 405
358 406
358 407
358 408
358 409
358 410
358 411
358 412
358 413
358 414
358 415
358 416
358 417
358 418
358 419
358 420
358 421
358 422
358 423
358 424
358 425
358 426
358 427
358 428
358 429
358 430
358 431
358 432
358 433
358 434
358 435
358 436
358 437
358 438
358 439
358 440
358 441
358 442
358 443
358 444
358 445
358 446
358 447
358 448
358 449
358 450
358 451
358 452
358 453
358 454
358 455
358 456
358 457
358 458
358 459
358 460
358 461
358 462
358 463
358 464
358 465
358 466
358 467
358 468
358 469
358 470
358 471
358 472
358 473
358 474
358 475
358 476
358 477
358 478
358 479
358 480
358 481
358 482
358 483
358 484
358 485
358 486
358 487
358 488
358 489
358 490
358 491
358 492
358 493
358 494
358 495
358 496
358 497
358 498
358 499
358 500
358 501
358 502
358 503
358 504
358 505
358 506
358 507
358 508
358 509
358 510
358 511
358 512
358 513
358 514
358 515
358 516
358 517
358 518
358 519
358 520
358 521
358 522
358 523
358 524
358 525
358 526
358 527
358 528
358 529
358 530
358 531
358 532
358 533
358 534
358 535
358 536
358 537
358 538
358 539
358 540
358 541
358 542
358 543
358 544
358 545
358 546
358 547
358 548
358 549
358 550
358 551
358 552
358 553
358 554
358 555
358 556
358 557
358 558
358 559
358 560
358 561
358 562
358 563
358 564
358 565
358 566
358 567
358 568
358 569
358 570
358 571
358 572
358 573
358 574
358 575
358 576
358 577
358 578
358 579
358 580
358 581
358 582
358 583
358 584
358 585
358 586
358 587
358 588
358 589
358 590
358 591
358 592
358 593
358 594
358 595
358 596
358 597
358 598
358 599
358 600
358 601
358 602
358 603
358 604
358 605
358 606
358 607
358 608
358 609
358 610
358 611
358 612
358 613
358 614
358 615
358 616
358 617
358 618
358 619
358 620
358 621
358 622
358 623
358 624
358 625
358 626
358 627
358 628
358 629
359 630
359 631
359 632
360 633
360 634
361 635
362 636
362 637
363 638
364 639
365 640
366 641
367 641
368 642
369 643
370 643
371 644
372 644
373 645
374 645
375 645
376 646
377 646
378 647
379 647
380 648
381 648
382 648
383 649
384 649
385 650
386 650
387 650
388 651
389 651
390 652
391 652
392 653
393 653
394 653
395 654
396 654
397 655
398 655
399 655
400 656
401 656
402 656
403 657
404 657
405 658
406 658
407 658
408 659
409 659
410 660
411 660
412 660
413 661
414 661
415 661
416 662
417 662
418 663
419 663
420 663
421 664
422 664
423 664
424 665
425 665
426 665
427 666
428 666
429 666
430 667
431 667
432 667
433 668
434 668
435 668
436 669
437 669
438 669
439 670
440 670
441 670
442 671
443 671
444 671
445 672
446 672
447 672
448 672
449 673
450 673
451 673
452 674
453 674
454 674
455 674
456 675
457 675
458 675
459 676
460 676
461 676
462 676
463 677
464 677
465 677
466 677
467 678
468 678
469 678
470 678
471 679
472 679
473 679
474 679
475 680
476 680
477 680
478 680
479 681
480 681
481 681
482 681
483 681
484 682
485 682
486 682
487 682
488 682
489 683
490 683
491 683
492 683
493 683
494 684
495 684
496 684
497 684
498 684
499 685
500 685
501 685
502 685
503 685
504 685
505 686
506 686
507 686
508 686
509 686
510 686
511 687
512 687
513 687
514 687
515 687
516 687
517 687
518 687
519 688
520 688
521 688
522 688
523 688
524 688
525 688
526 688
527 688
528 688
529 689
530 689
531 689
532 689
533 689
534 689
535 689
536 689
537 689
538 689
539 689
540 689
541 689
542 689
543 689
544 689
545 689
546 689
547 690
548 690
549 690
550 690
551 690
552 690
553 690
554 690
555 690
556 690
557 690
558 690
559 690
560 690
561 690
562 690
563 690
564 690
565 690
566 690
567 690
568 690
569 690
570 690
571 690
572 690
573 690
574 690
575 690
576 690
577 689
578 689
579 689
580 689
581 689
582 689
583 689
584 689
585 689
586 689
587 689
588 689
589 689
590 689
591 689
592 689
593 689
594 689
595 689
596 689
597 688
598 688
599 688
600 688
601 688
602 688
603 688
604 688
605 688
606 688
607 688
608 688
609 688
610 687
611 687
612 687
613 687
614 687
615 687
616 687
617 687
618 686
619 686
620 686
621 686
622 686
623 686
624 686
625 685
626 685
627 685
628 685
629 685
630 685
631 684
632 684
633 684
634 684
635 684
636 683
637 683
638 683
639 683
640 683
641 682
642 682
643 682
644 682
645 681
646 681
647 681
648 681
649 680
650 680
651 680
652 680
653 679
654 679
655 679
656 679
657 678
658 678
659 678
660 677
661 677
662 677
663 676
664 676
665 676
666 675
667 675
668 675
669 674
670 674
671 673
672 673
673 673
674 672
675 672
676 671
677 671
678 671
679 670
680 670
681 669
682 669
683 668
684 668
685 667
686 667
687 666
688 666
689 665
690 665
691 664
692 664
693 663
694 663
695 662
696 662
697 661
698 660
699 660
700 659
701 659
702 658
703 657
704 657
705 656
706 655
707 655
708 654
709 653
710 653
711 652
712 651
713 651
714 650
715 649
716 648
717 648
718 647
719 646
720 645
721 644
722 643
723 643
724 642
725 641
726 640
727 639
728 638
729 637
730 636
731 635
732 634
733 633
734 632
735 631
736 630
737 629
738 628
739 627
740 626
741 625
742 624
743 623
743 622
744 621
745 620
746 619
747 618
747 617
748 616
749 615
750 614
751 613
751 612
752 611
753 610
754 609
754 608
755 607
756 606
756 605
757 604
758 603
758 602
759 601
760 600
760 599
761 598
762 597
762 596
763 595
763 594
764 593
765 592
765 591
766 590
766 589
767 588
768 587
768 586
769 585
769 584
770 583
770 582
771 581
771 580
772 579
772 578
773 577
773 576
774 575
775 574
775 573
776 572
776 571
776 570
777 569
777 568
778 567
778 566
779 565
779 564
780 563
780 562
781 561
781 560
782 559
782 558
782 557
783 556
783 555
784 554
784 553
785 552
785 551
785 550
786 549
786 548
787 547
787 546
787 545
788 544
788 543
788 542
789 541
789 540
789 539
790 538
790 537
790 536
791 535
791 534
791 533
792 532
792 531
792 530
793 529
793 528
793 527
794 526
794 525
794 524
794 523
795 522
795 521
795 520
796 519
796 518
796 517
796 516
797 515
797 514
797 513
797 512
798 511
798 510
798 509
798 508
799 507
799 506
799 505
799 504
799 503
800 502
800 501
800 500
800 499
801 498
801 497
801 496
801 495
801 494
802 493
802 492
802 491
802 490
802 489
802 488
803 487
803 486
803 485
803 484
803 483
803 482
804 481
804 480
804 479
804 478
804 477
804 476
805 475
805 474
805 473
805 472
805 471
805 470
805 469
805 468
806 467
806 466
806 465
806 464
806 463
806 462
806 461
806 460
807 459
807 458
807 457
807 456
807 455
807 454
807 453
807 452
807 451
807 450
807 449
808 448
808 447
808 446
808 445
808 444
808 443
808 442
808 441
808 440
808 439
808 438
808 437
808 436
809 435
809 434
809 433
809 432
809 431
809 430
809 429
809 428
809 427
809 426
809 425
809 424
809 423
809 422
809 421
809 420
809 419
809 418
809 417
809 416
809 415
809 414
809 413
809 412
809 411
809 410
809 409
809 408
809 407
809 406
810 405
810 404
810 403
810 402
809 401
809 400
809 399
809 398
809 397
809 396
809 395
809 394
809 393
809 392
809 391
809 390
809 389
809 388
809 387
809 386
809 385
809 384
809 383
809 382
809 381
809 380
809 379
809 378
809 377
809 376
809 375
809 374
809 373
809 372
808 371
808 370
808 369
808 368
808 367
808 366
808 365
808 364
808 363
808 362
808 361
808 360
808 359
807 358
807 357
807 356
807 355
807 354
807 353
807 352
807 351
807 350
807 349
807 348
806 347
806 346
806 345
806 344
806 343
806 342
806 341
806 340
805 339
805 338
805 337
805 336
805 335
805 334
805 333
805 332
804 331
804 330
804 329
804 328
804 327
804 326
803 325
803 324
803 323
803 322
803 321
803 320
802 319
802 318
802 317
802 316
802 315
802 314
801 313
801 312
801 311
801 310
801 309
800 308
800 307
800 306
800 305
799 304
799 303
799 302
799 301
799 300
798 299
798 298
798 297
798 296
797 295
797 294
797 293
797 292
796 291
796 290
796 289
796 288
795 287
795 286
795 285
794 284
794 283
794 282
794 281
793 280
793 279
793 278
792 277
792 276
792 275
791 274
791 273
791 272
790 271
790 270
790 269
789 268
789 267
789 266
788 265
788 264
788 263
787 262
787 261
787 260
786 259
786 258
785 257
785 256
785 255
784 254
784 253
783 252
783 251
782 250
782 249
782 248
781 247
781 246
780 245
780 244
779 243
779 242
778 241
778 240
777 239
777 238
776 237
776 236
775 235
775 234
775 233
774 232
773 231
773 230
772 229
772 228
771 227
771 226
770 225
770 224
769 223
769 222
768 221
768 220
767 219
766 218
766 217
765 216
765 215
764 214
763 213
763 212
762 211
762 210
761 209
760 208
760 207
759 206
758 205
758 204
757 203
756 202
756 201
755 200
754 199
753 198
753 197
752 196
751 195
751 194
750 193
749 192
748 191
747 190
747 189
746 188
745 187
744 186
743 185
743 184
742 183
741 182
740 181
739 180
738 179
737 178
736 177
735 176
734 175
733 174
732 173
731 172
730 171
729 170
728 169
727 168
726 167
725 166
724 165
723 164
722 164
721 163
720 162
719 161
718 160
717 159
716 159
715 158
714 157
713 156
712 156
711 155
710 154
709 154
708 153
707 152
706 152
705 151
704 150
703 150
702 149
701 148
700 148
699 147
698 147
697 146
696 145
695 145
694 144
693 144
692 143
691 143
690 142
689 142
688 141
687 141
686 140
685 140
684 139
683 139
682 138
681 138
680 137
679 137
678 136
677 136
676 136
675 135
674 135
673 134
672 134
671 134
670 133
669 133
668 132
667 132
666 132
665 131
664 131
663 131
662 130
661 130
660 130
659 129
658 129
657 129
656 128
655 128
654 128
653 128
652 127
651 127
650 127
649 127
648 126
647 126
646 126
645 126
644 125
643 125
642 125
641 125
640 124
639 124
638 124
637 124
636 124
635 123
634 123
633 123
632 123
631 123
630 122
629 122
628 122
627 122
626 122
625 122
624 121
623 121
622 121
621 121
620 121
619 121
618 121
617 120
616 120
615 120
614 120
613 120
612 120
611 120
610 120
609 119
608 119
607 119
606 119
605 119
604 119
603 119
602 119
601 119
600 119
599 119
598 119
597 119
596 118
595 118
594 118
593 118
592 118
591 118
590 118
589 118
588 118
587 118
586 118
585 118
584 118
583 118
582 118
581 118
580 118
579 118
578 118
577 118
576 117
575 117
574 117
573 117
572 117
571 117
570 117
569 117
568 117
567 117
566 117
565 117
564 117
563 117
562 117
561 117
560 117
559 117
558 117
557 117
556 117
555 117
554 117
553 117
552 117
551 117
550 117
549 117
548 117
547 117
