492 89
491 90
490 90
489 90
488 90
487 90
486 90
485 90
484 90
483 90
482 90
481 91
480 91
479 91
478 91
477 91
476 91
475 92
474 92
473 92
472 92
471 92
470 92
469 93
468 93
467 93
466 93
465 94
464 94
463 94
462 94
461 95
460 95
459 95
458 95
457 96
456 96
455 96
454 97
453 97
452 97
451 97
450 98
449 98
448 98
447 99
446 99
445 100
444 100
443 100
442 101
441 101
440 101
439 102
438 102
437 103
436 103
435 104
434 104
433 104
432 105
431 105
430 106
429 106
428 107
427 107
426 108
425 108
424 109
423 109
422 110
421 110
420 111
419 111
418 112
417 112
416 113
415 113
414 114
413 115
412 115
411 116
410 116
409 117
408 117
407 118
406 119
405 119
404 120
403 120
402 121
401 122
400 122
399 123
398 123
397 124
396 125
395 125
394 126
393 127
392 127
391 128
390 129
389 129
388 130
387 131
386 131
385 132
384 133
383 133
382 134
381 134
380 135
379 136
378 136
377 137
376 138
375 138
374 139
373 140
372 140
371 141
370 142
369 142
368 143
367 144
366 144
365 145
364 146
363 146
362 147
361 148
360 148
359 149
358 150
357 150
356 151
355 152
354 153
353 153
352 154
351 155
350 155
349 156
348 156
347 157
346 157
345 158
344 158
343 158
342 158
341 158
340 158
339 158
338 158
337 157
336 157
335 156
334 156
333 155
332 154
331 154
330 153
329 152
328 151
328 150
327 149
326 149
325 148
324 147
323 147
322 147
321 147
320 147
319 147
318 147
317 148
316 149
316 150
316 151
316 152
316 153
316 154
316 155
316 156
316 157
316 158
316 159
316 160
316 161
316 162
316 163
316 164
316 165
316 166
316 167
316 168
316 169
316 170
316 171
316 172
316 173
316 174
316 175
316 176
316 177
316 178
316 179
316 180
316 181
316 182
316 183
316 184
316 185
316 186
316 187
316 188
316 189
316 190
316 191
316 192
316 193
316 194
316 195
316 196
316 197
316 198
316 199
316 200
316 201
316 202
316 203
316 204
316 205
316 206
316 207
316 208
316 209
316 210
316 211
316 212
316 213
316 214
316 215
316 216
316 217
316 218
316 219
316 220
316 221
316 222
316 223
316 224
316 225
316 226
316 227
316 228
316 229
316 230
316 231
316 232
316 233
316 234
316 235
316 236
316 237
316 238
316 239
316 240
316 241
316 242
316 243
316 244
316 245
316 246
316 247
316 248
316 249
316 250
316 251
316 252
316 253
316 254
316 255
316 256
316 257
316 258
316 259
316 260
316 261
316 262
316 263
316 264
316 265
316 266
316 267
316 268
316 269
316 270
316 271
316 272
316 273
316 274
316 275
316 276
316 277
316 278
316 279
316 280
316 281
316 282
316 283
316 284
316 285
316 286
316 287
316 288
316 289
316 290
316 291
316 292
316 293
316 294
316 295
316 296
316 297
316 298
316 299
316 300
316 301
316 302
316 303
316 304
316 305
316 306
316 307
316 308
316 309
316 310
316 311
316 312
316 313
316 314
316 315
316 316
316 317
316 318
316 319
316 320
316 321
316 322
316 323
316 324
316 325
316 326
316 327
316 328
316 329
316 330
316 331
316 332
316 333
316 334
316 335
316 336
316 337
316 338
316 339
316 340
316 341
316 342
316 343
316 344
316 345
316 346
316 347
316 348
316 349
316 350
316 351
316 352
316 353
316 354
316 355
316 356
316 357
316 358
316 359
316 360
316 361
316 362
316 363
316 364
316 365
316 366
316 367
316 368
316 369
316 370
316 371
316 372
316 373
316 374
316 375
316 376
316 377
316 378
316 379
316 380
316 381
316 382
316 383
316 384
316 385
316 386
316 387
316 388
316 389
316 390
316 391
316 392
316 393
316 394
316 395
316 396
316 397
316 398
316 399
316 400
316 401
316 402
316 403
316 404
316 405
316 406
316 407
316 408
316 409
316 410
316 411
316 412
316 413
316 414
316 415
316 416
316 417
316 418
316 419
316 420
316 421
316 422
316 423
316 424
316 425
316 426
316 427
316 428
316 429
316 430
316 431
316 432
316 433
316 434
316 435
316 436
316 437
316 438
316 439
316 440
316 441
316 442
316 443
316 444
316 445
316 446
316 447
316 448
316 449
316 450
316 451
316 452
316 453
316 454
316 455
316 456
316 457
316 458
316 459
316 460
316 461
316 462
316 463
316 464
316 465
316 466
316 467
316 468
316 469
316 470
316 471
316 472
316 473
316 474
316 475
316 476
316 477
316 478
316 479
316 480
316 481
316 482
316 483
316 484
316 485
316 486
316 487
316 488
316 489
316 490
316 491
316 492
316 493
316 494
316 495
316 496
316 497
316 498
316 499
316 500
316 501
316 502
316 503
316 504
316 505
316 506
316 507
316 508
316 509
316 510
316 511
316 512
316 513
316 514
316 515
316 516
316 517
316 518
316 519
316 520
316 521
316 522
316 523
316 524
316 525
316 526
316 527
316 528
316 529
316 530
316 531
316 532
316 533
316 534
316 535
316 536
316 537
316 538
316 539
316 540
316 541
316 542
316 543
316 544
316 545
316 546
316 547
316 548
316 549
316 550
316 551
316 552
316 553
316 554
316 555
316 556
316 557
316 558
316 559
316 560
316 561
316 562
316 563
316 564
316 565
316 566
316 567
316 568
316 569
316 570
316 571
316 572
316 573
316 574
316 575
316 576
316 577
316 578
316 579
316 580
316 581
316 582
316 583
316 584
316 585
316 586
316 587
316 588
316 589
316 590
316 591
316 592
316 593
316 594
316 595
316 596
316 597
316 598
316 599
316 600
316 601
316 602
316 603
316 604
316 605
316 606
316 607
316 608
316 609
316 610
316 611
316 612
316 613
316 614
316 615
316 616
316 617
316 618
316 619
316 620
316 621
316 622
316 623
316 624
316 625
316 626
316 627
316 628
316 629
316 630
316 631
316 632
316 633
316 634
316 635
316 636
316 637
316 638
316 639
316 640
316 641
316 642
317 643
318 643
319 644
320 644
321 644
322 644
323 644
324 643
325 643
326 642
327 641
328 640
329 639
330 638
331 637
332 636
333 636
334 635
335 634
336 634
337 633
338 633
339 633
340 633
341 633
342 633
343 633
344 633
345 633
346 633
347 634
348 634
349 635
350 635
351 636
352 637
353 637
354 638
355 639
356 640
357 640
358 641
359 642
360 642
361 643
362 644
363 644
364 645
365 646
366 646
367 647
368 648
369 648
370 649
371 650
372 650
373 651
374 652
375 652
376 653
377 654
378 654
379 655
380 656
381 656
382 657
383 658
384 658
385 659
386 660
387 660
388 661
389 662
390 662
391 663
392 664
393 664
394 665
395 665
396 666
397 667
398 667
399 668
400 669
401 669
402 670
403 670
404 671
405 672
406 672
407 673
408 673
409 674
410 675
411 675
412 676
413 676
414 677
415 677
416 678
417 678
418 679
419 680
420 680
421 681
422 681
423 682
424 682
425 683
426 683
427 684
428 684
429 685
430 685
431 685
432 686
433 686
434 687
435 687
436 688
437 688
438 688
439 689
440 689
441 690
442 690
443 690
444 691
445 691
446 692
447 692
448 692
449 693
450 693
451 693
452 694
453 694
454 694
455 695
456 695
457 695
458 695
459 696
460 696
461 696
462 696
463 697
464 697
465 697
466 697
467 698
468 698
469 698
470 698
471 698
472 699
473 699
474 699
475 699
476 699
477 700
478 700
479 700
480 700
481 700
482 700
483 700
484 701
485 701
486 701
487 701
488 701
489 701
490 701
491 701
492 701
493 701
494 701
495 701
496 702
497 702
498 702
499 702
500 702
501 702
502 702
503 702
504 702
505 702
506 702
507 702
508 702
509 702
510 702
511 702
512 702
513 702
514 702
515 702
516 701
517 701
518 701
519 701
520 701
521 701
522 701
523 701
524 701
525 701
526 701
527 701
528 700
529 700
530 700
531 700
532 700
533 700
534 700
535 700
536 700
537 699
538 699
539 699
540 699
541 699
542 699
543 698
544 698
545 698
546 698
547 698
548 698
549 698
550 697
551 697
552 697
553 697
554 697
555 696
556 696
557 696
558 696
559 696
560 695
561 695
562 695
563 695
564 695
565 694
566 694
567 694
568 694
569 694
570 693
571 693
572 693
573 693
574 692
575 692
576 692
577 692
578 691
579 691
580 691
581 691
582 690
583 690
584 690
585 689
586 689
587 689
588 689
589 688
590 688
591 688
592 687
593 687
594 687
595 686
596 686
597 686
598 686
599 685
600 685
601 685
602 684
603 684
604 684
605 683
606 683
607 682
608 682
609 682
610 681
611 681
612 681
613 680
614 680
615 680
616 679
617 679
618 678
619 678
620 678
621 677
622 677
623 676
624 676
625 675
626 675
627 675
628 674
629 674
630 673
631 673
632 672
633 672
634 671
635 671
636 670
637 670
638 670
639 669
640 669
641 668
642 668
643 667
644 667
645 666
646 665
647 665
648 664
649 664
650 663
651 663
652 662
653 662
654 661
655 661
656 660
657 659
658 659
659 658
660 658
661 657
662 657
663 656
664 655
665 655
666 654
667 654
668 653
669 652
670 652
671 651
672 650
673 650
674 649
675 648
676 648
677 647
678 646
679 646
680 645
681 644
682 643
683 643
684 642
685 641
686 641
687 640
688 639
689 638
690 638
691 637
692 636
693 635
694 634
695 634
696 633
697 632
698 631
699 630
700 629
701 629
702 628
703 627
704 626
705 625
706 624
707 623
708 623
709 622
710 621
711 620
712 619
713 618
714 617
715 616
716 615
717 614
718 613
719 612
720 611
721 610
722 609
723 608
724 607
725 606
726 605
727 604
728 603
729 602
729 601
730 600
731 599
732 598
733 597
734 596
735 595
735 594
736 593
737 592
738 591
739 590
740 589
740 588
741 587
742 586
743 585
743 584
744 583
745 582
746 581
747 580
747 579
748 578
749 577
749 576
750 575
751 574
752 573
752 572
753 571
754 570
754 569
755 568
756 567
756 566
757 565
758 564
758 563
759 562
759 561
760 560
761 559
761 558
762 557
762 556
763 555
764 554
764 553
765 552
765 551
766 550
767 549
767 548
768 547
768 546
769 545
769 544
770 543
770 542
771 541
771 540
772 539
772 538
773 537
773 536
774 535
774 534
775 533
775 532
776 531
776 530
777 529
777 528
778 527
778 526
779 525
779 524
779 523
780 522
780 521
781 520
781 519
782 518
782 517
782 516
783 515
783 514
784 513
784 512
784 511
785 510
785 509
786 508
786 507
786 506
787 505
787 504
787 503
788 502
788 501
788 500
789 499
789 498
789 497
790 496
790 495
790 494
791 493
791 492
791 491
792 490
792 489
792 488
793 487
793 486
793 485
794 484
794 483
794 482
794 481
795 480
795 479
795 478
795 477
796 476
796 475
796 474
796 473
797 472
797 471
797 470
797 469
798 468
798 467
798 466
798 465
799 464
799 463
799 462
799 461
799 460
800 459
800 458
800 457
800 456
800 455
801 454
801 453
801 452
801 451
801 450
801 449
802 448
802 447
802 446
802 445
802 444
802 443
802 442
803 441
803 440
803 439
803 438
803 437
803 436
803 435
804 434
804 433
804 432
804 431
804 430
804 429
804 428
804 427
804 426
804 425
805 424
805 423
805 422
805 421
805 420
805 419
805 418
805 417
805 416
805 415
805 414
805 413
805 412
805 411
806 410
806 409
806 408
806 407
806 406
806 405
806 404
806 403
806 402
806 401
806 400
806 399
806 398
806 397
806 396
806 395
806 394
806 393
806 392
806 391
806 390
806 389
806 388
806 387
806 386
806 385
806 384
806 383
806 382
806 381
805 380
805 379
805 378
805 377
805 376
805 375
805 374
805 373
805 372
805 371
805 370
805 369
805 368
805 367
805 366
804 365
804 364
804 363
804 362
804 361
804 360
804 359
804 358
804 357
803 356
803 355
803 354
803 353
803 352
803 351
803 350
803 349
802 348
802 347
802 346
802 345
802 344
802 343
801 342
801 341
801 340
801 339
801 338
801 337
800 336
800 335
800 334
800 333
800 332
799 331
799 330
799 329
799 328
799 327
798 326
798 325
798 324
798 323
797 322
797 321
797 320
797 319
797 318
796 317
796 316
796 315
796 314
795 313
795 312
795 311
794 310
794 309
794 308
794 307
793 306
793 305
793 304
792 303
792 302
792 301
792 300
791 299
791 298
791 297
790 296
790 295
790 294
789 293
789 292
789 291
788 290
788 289
788 288
787 287
787 286
786 285
786 284
786 283
785 282
785 281
784 280
784 279
784 278
783 277
783 276
783 275
782 274
782 273
781 272
781 271
780 270
780 269
780 268
779 267
779 266
778 265
778 264
777 263
777 262
776 261
776 260
775 259
775 258
774 257
774 256
773 255
773 254
773 253
772 252
771 251
771 250
770 249
770 248
769 247
769 246
768 245
768 244
767 243
767 242
766 241
765 240
765 239
764 238
764 237
763 236
763 235
762 234
761 233
761 232
760 231
760 230
759 229
758 228
758 227
757 226
756 225
756 224
755 223
754 222
754 221
753 220
752 219
752 218
751 217
750 216
750 215
749 214
748 213
747 212
747 211
746 210
745 209
744 208
744 207
743 206
742 205
741 204
741 203
740 202
739 201
738 200
737 199
737 198
736 197
735 196
734 195
733 194
732 193
731 192
731 191
730 190
729 189
728 188
727 187
726 186
725 185
724 184
723 183
722 182
721 181
720 180
719 179
718 178
717 177
716 176
715 175
714 174
713 173
712 172
711 171
710 170
709 169
708 168
707 167
706 166
705 166
704 165
703 164
702 163
701 162
700 161
699 160
698 160
697 159
696 158
695 157
694 156
693 156
692 155
691 154
690 153
689 152
688 152
687 151
686 150
685 149
684 149
683 148
682 147
681 147
680 146
679 145
678 144
677 144
676 143
675 142
674 142
673 141
672 140
671 140
670 139
669 139
668 138
667 137
666 137
665 136
664 135
663 135
662 134
661 134
660 133
659 132
658 132
657 131
656 131
655 130
654 130
653 129
652 128
651 128
650 127
649 127
648 126
647 126
646 125
645 125
644 124
643 124
642 123
641 123
640 122
639 122
638 121
637 121
636 120
635 120
634 119
633 119
632 118
631 118
630 118
629 117
628 117
627 116
626 116
625 115
624 115
623 114
622 114
621 114
620 113
619 113
618 112
617 112
616 112
615 111
614 111
613 110
612 110
611 110
610 109
609 109
608 109
607 108
606 108
605 108
604 107
603 107
602 107
601 106
600 106
599 106
598 105
597 105
596 105
595 104
594 104
593 104
592 103
591 103
590 103
589 102
588 102
587 102
586 102
585 101
584 101
583 101
582 100
581 100
580 100
579 100
578 99
577 99
576 99
575 99
574 98
573 98
572 98
571 98
570 97
569 97
568 97
567 97
566 97
565 96
564 96
563 96
562 96
561 95
560 95
559 95
558 95
557 95
556 94
555 94
554 94
553 94
552 94
551 94
550 93
549 93
548 93
547 93
546 93
545 93
544 92
543 92
542 92
541 92
540 92
539 92
538 92
537 91
536 91
535 91
534 91
533 91
532 91
531 91
530 91
529 90
528 90
527 90
526 90
525 90
524 90
523 90
522 90
521 90
520 89
519 89
518 89
517 89
516 89
515 89
514 89
513 89
512 89
511 89
510 89
509 89
508 89
507 89
506 89
505 89
504 89
503 89
502 89
501 89
500 89
499 89
498 89
497 89
496 89
495 89
494 89
493 89
492 89
