538 106
537 107
536 107
535 107
534 107
533 107
532 107
531 107
530 107
529 107
528 107
527 107
526 108
525 108
524 108
523 108
522 108
521 108
520 108
519 108
518 109
517 109
516 109
515 109
514 109
513 110
512 110
511 110
510 110
509 110
508 110
507 111
506 111
505 111
504 111
503 112
502 112
501 112
500 112
499 113
498 113
497 113
496 114
495 114
494 114
493 114
492 115
491 115
490 115
489 116
488 116
487 116
486 117
485 117
484 117
483 118
482 118
481 118
480 119
479 119
478 119
477 120
476 120
475 120
474 121
473 121
472 122
471 122
470 122
469 123
468 123
467 124
466 124
465 125
464 125
463 125
462 126
461 126
460 127
459 127
458 128
457 128
456 129
455 129
454 130
453 130
452 131
451 131
450 132
449 132
448 133
447 133
446 134
445 134
444 135
443 135
442 136
441 136
440 137
439 137
438 138
437 138
436 139
435 139
434 140
433 141
432 141
431 142
430 142
429 143
428 143
427 144
426 145
425 145
424 146
423 146
422 147
421 147
420 148
419 149
418 149
417 150
416 151
415 151
414 152
413 152
412 153
411 154
410 154
409 155
408 156
407 156
406 157
405 157
404 158
403 159
402 159
401 159
400 160
399 160
398 159
397 159
396 159
395 158
394 158
393 157
392 156
391 156
390 155
389 155
388 154
387 153
386 153
385 152
384 152
383 151
382 151
381 150
380 150
379 149
378 149
377 148
376 148
375 148
374 149
373 149
373 150
372 151
372 152
372 153
372 154
372 155
372 156
372 157
372 158
372 159
372 160
372 161
372 162
372 163
372 164
372 165
372 166
372 167
372 168
372 169
372 170
372 171
372 172
372 173
372 174
372 175
372 176
372 177
372 178
372 179
372 180
372 181
372 182
372 183
372 184
372 185
372 186
372 187
372 188
372 189
372 190
372 191
372 192
372 193
372 194
372 195
372 196
372 197
372 198
372 199
372 200
372 201
372 202
372 203
372 204
372 205
372 206
372 207
372 208
372 209
372 210
372 211
372 212
372 213
372 214
372 215
372 216
372 217
372 218
372 219
372 220
372 221
372 222
372 223
372 224
372 225
372 226
372 227
372 228
372 229
372 230
372 231
372 232
372 233
372 234
372 235
372 236
372 237
372 238
372 239
372 240
372 241
372 242
372 243
372 244
372 245
372 246
372 247
372 248
372 249
372 250
372 251
372 252
372 253
372 254
372 255
372 256
372 257
372 258
372 259
372 260
372 261
372 262
372 263
372 264
372 265
372 266
372 267
372 268
372 269
372 270
372 271
372 272
372 273
372 274
372 275
372 276
372 277
372 278
372 279
372 280
372 281
372 282
372 283
372 284
372 285
372 286
372 287
372 288
372 289
372 290
372 291
372 292
372 293
372 294
372 295
372 296
372 297
372 298
372 299
372 300
372 301
372 302
372 303
372 304
372 305
372 306
372 307
372 308
372 309
372 310
372 311
372 312
372 313
372 314
372 315
372 316
372 317
372 318
372 319
372 320
372 321
372 322
372 323
372 324
372 325
372 326
372 327
372 328
372 329
372 330
372 331
372 332
372 333
372 334
372 335
372 336
372 337
372 338
372 339
372 340
372 341
372 342
372 343
372 344
372 345
372 346
372 347
372 348
372 349
372 350
372 351
372 352
372 353
372 354
372 355
372 356
372 357
372 358
372 359
372 360
372 361
372 362
372 363
372 364
372 365
372 366
372 367
372 368
372 369
372 370
372 371
372 372
372 373
372 374
372 375
372 376
372 377
372 378
372 379
372 380
372 381
372 382
372 383
372 384
372 385
372 386
372 387
372 388
372 389
372 390
372 391
372 392
372 393
372 394
372 395
372 396
372 397
372 398
372 399
372 400
372 401
372 402
372 403
372 404
372 405
372 406
372 407
372 408
372 409
372 410
372 411
372 412
372 413
372 414
372 415
372 416
372 417
372 418
372 419
372 420
372 421
372 422
372 423
372 424
372 425
372 426
372 427
372 428
372 429
372 430
372 431
372 432
372 433
372 434
372 435
372 436
372 437
372 438
372 439
372 440
372 441
372 442
372 443
372 444
372 445
372 446
372 447
372 448
372 449
372 450
372 451
372 452
372 453
372 454
372 455
372 456
372 457
372 458
372 459
372 460
372 461
372 462
372 463
372 464
372 465
372 466
372 467
372 468
372 469
372 470
372 471
372 472
372 473
372 474
372 475
372 476
372 477
372 478
372 479
372 480
372 481
372 482
372 483
372 484
372 485
372 486
372 487
372 488
372 489
372 490
372 491
372 492
372 493
372 494
372 495
372 496
372 497
372 498
372 499
372 500
372 501
372 502
372 503
372 504
372 505
372 506
372 507
372 508
372 509
372 510
372 511
372 512
372 513
372 514
372 515
372 516
372 517
372 518
372 519
372 520
372 521
372 522
372 523
372 524
372 525
372 526
372 527
372 528
372 529
372 530
372 531
372 532
372 533
372 534
372 535
372 536
372 537
372 538
372 539
372 540
372 541
372 542
372 543
372 544
372 545
372 546
372 547
372 548
372 549
372 550
372 551
372 552
372 553
372 554
372 555
372 556
372 557
372 558
372 559
372 560
372 561
372 562
372 563
372 564
372 565
372 566
372 567
372 568
372 569
372 570
372 571
372 572
372 573
372 574
372 575
372 576
372 577
372 578
372 579
372 580
372 581
372 582
372 583
372 584
372 585
372 586
372 587
372 588
372 589
372 590
372 591
372 592
372 593
372 594
372 595
372 596
372 597
372 598
372 599
372 600
372 601
372 602
372 603
372 604
372 605
372 606
372 607
372 608
372 609
372 610
372 611
372 612
372 613
372 614
372 615
372 616
372 617
372 618
372 619
372 620
372 621
372 622
372 623
372 624
372 625
373 626
374 627
375 627
376 627
377 627
378 627
379 627
380 626
381 626
382 625
383 624
384 624
385 623
386 623
387 622
388 622
389 621
390 620
391 620
392 619
393 619
394 618
395 617
396 617
397 616
398 616
399 616
400 616
401 616
402 616
403 617
404 617
405 618
406 619
407 619
408 620
409 621
410 621
411 622
412 623
413 623
414 624
415 624
416 625
417 626
418 626
419 627
420 627
421 628
422 629
423 629
424 630
425 630
426 631
427 632
428 632
429 633
430 633
431 634
432 634
433 635
434 636
435 636
436 637
437 637
438 638
439 638
440 639
441 639
442 640
443 640
444 641
445 642
446 642
447 643
448 643
449 644
450 644
451 645
452 645
453 646
454 646
455 646
456 647
457 647
458 648
459 648
460 649
461 649
462 650
463 650
464 651
465 651
466 651
467 652
468 652
469 653
470 653
471 654
472 654
473 654
474 655
475 655
476 655
477 656
478 656
479 657
480 657
481 657
482 658
483 658
484 658
485 659
486 659
487 659
488 660
489 660
490 660
491 661
492 661
493 661
494 661
495 662
496 662
497 662
498 663
499 663
500 663
501 663
502 664
503 664
504 664
505 664
506 665
507 665
508 665
509 665
510 665
511 666
512 666
513 666
514 666
515 666
516 667
517 667
518 667
519 667
520 667
521 667
522 668
523 668
524 668
525 668
526 668
527 668
528 668
529 668
530 668
531 669
532 669
533 669
534 669
535 669
536 669
537 669
538 669
539 669
540 669
541 669
542 669
543 669
544 669
545 669
546 669
547 669
548 669
549 669
550 669
551 669
552 669
553 669
554 669
555 669
556 669
557 669
558 669
559 669
560 669
561 669
562 669
563 669
564 669
565 669
566 669
567 669
568 668
569 668
570 668
571 668
572 668
573 668
574 668
575 668
576 668
577 668
578 667
579 667
580 667
581 667
582 667
583 667
584 667
585 666
586 666
587 666
588 666
589 666
590 666
591 665
592 665
593 665
594 665
595 665
596 664
597 664
598 664
599 664
600 664
601 663
602 663
603 663
604 663
605 662
606 662
607 662
608 662
609 661
610 661
611 661
612 660
613 660
614 660
615 660
616 659
617 659
618 659
619 658
620 658
621 658
622 657
623 657
624 657
625 656
626 656
627 655
628 655
629 655
630 654
631 654
632 654
633 653
634 653
635 652
636 652
637 651
638 651
639 651
640 650
641 650
642 649
643 649
644 648
645 648
646 647
647 647
648 646
649 646
650 645
651 645
652 644
653 644
654 643
655 642
656 642
657 641
658 641
659 640
660 640
661 639
662 638
663 638
664 637
665 636
666 636
667 635
668 634
669 634
670 633
671 632
672 632
673 631
674 630
675 630
676 629
677 628
678 627
679 627
680 626
681 625
682 624
683 623
684 623
685 622
686 621
687 620
688 619
689 618
690 618
691 617
692 616
693 615
694 614
695 613
696 612
697 611
698 610
699 609
700 608
701 607
702 606
703 605
704 604
705 603
706 602
707 601
708 600
709 599
709 598
710 597
711 596
712 595
713 594
714 593
715 592
715 591
716 590
717 589
718 588
719 587
719 586
720 585
721 584
722 583
722 582
723 581
724 580
725 579
725 578
726 577
727 576
727 575
728 574
729 573
729 572
730 571
731 570
731 569
732 568
733 567
733 566
734 565
735 564
735 563
736 562
736 561
737 560
738 559
738 558
739 557
739 556
740 555
741 554
741 553
742 552
742 551
743 550
743 549
744 548
744 547
745 546
745 545
746 544
746 543
747 542
747 541
748 540
748 539
749 538
749 537
750 536
750 535
751 534
751 533
752 532
752 531
753 530
753 529
754 528
754 527
755 526
755 525
755 524
756 523
756 522
757 521
757 520
757 519
758 518
758 517
759 516
759 515
759 514
760 513
760 512
761 511
761 510
761 509
762 508
762 507
762 506
763 505
763 504
764 503
764 502
764 501
765 500
765 499
765 498
766 497
766 496
766 495
767 494
767 493
767 492
767 491
768 490
768 489
768 488
769 487
769 486
769 485
770 484
770 483
770 482
770 481
771 480
771 479
771 478
772 477
772 476
772 475
772 474
773 473
773 472
773 471
773 470
774 469
774 468
774 467
774 466
775 465
775 464
775 463
775 462
775 461
776 460
776 459
776 458
776 457
776 456
777 455
777 454
777 453
777 452
777 451
778 450
778 449
778 448
778 447
778 446
779 445
779 444
779 443
779 442
779 441
779 440
780 439
780 438
780 437
780 436
780 435
780 434
780 433
781 432
781 431
781 430
781 429
781 428
781 427
781 426
781 425
782 424
782 423
782 422
782 421
782 420
782 419
782 418
782 417
782 416
782 415
783 414
783 413
783 412
783 411
783 410
783 409
783 408
783 407
783 406
783 405
783 404
783 403
783 402
783 401
783 400
783 399
783 398
783 397
784 396
784 395
784 394
784 393
784 392
784 391
784 390
784 389
784 388
784 387
784 386
784 385
784 384
784 383
784 382
784 381
784 380
783 379
783 378
783 377
783 376
783 375
783 374
783 373
783 372
783 371
783 370
783 369
783 368
783 367
783 366
783 365
783 364
783 363
783 362
782 361
782 360
782 359
782 358
782 357
782 356
782 355
782 354
782 353
782 352
781 351
781 350
781 349
781 348
781 347
781 346
781 345
781 344
780 343
780 342
780 341
780 340
780 339
780 338
780 337
779 336
779 335
779 334
779 333
779 332
779 331
778 330
778 329
778 328
778 327
778 326
777 325
777 324
777 323
777 322
777 321
777 320
776 319
776 318
776 317
776 316
775 315
775 314
775 313
775 312
775 311
774 310
774 309
774 308
774 307
773 306
773 305
773 304
773 303
772 302
772 301
772 300
772 299
771 298
771 297
771 296
771 295
770 294
770 293
770 292
769 291
769 290
769 289
769 288
768 287
768 286
768 285
767 284
767 283
767 282
766 281
766 280
766 279
765 278
765 277
765 276
764 275
764 274
764 273
763 272
763 271
763 270
762 269
762 268
761 267
761 266
761 265
760 264
760 263
760 262
759 261
759 260
758 259
758 258
758 257
757 256
757 255
756 254
756 253
756 252
755 251
755 250
754 249
754 248
753 247
753 246
752 245
752 244
752 243
751 242
751 241
750 240
750 239
749 238
749 237
748 236
748 235
747 234
747 233
746 232
746 231
745 230
745 229
744 228
743 227
743 226
742 225
742 224
741 223
741 222
740 221
740 220
739 219
739 218
738 217
737 216
737 215
736 214
735 213
735 212
734 211
734 210
733 209
732 208
732 207
731 206
730 205
730 204
729 203
728 202
728 201
727 200
726 199
726 198
725 197
724 196
723 195
723 194
722 193
721 192
721 191
720 190
719 189
718 188
717 187
717 186
716 185
715 184
714 183
713 182
712 181
712 180
711 179
710 178
709 177
708 176
707 175
706 174
705 173
704 172
703 171
702 170
702 169
701 168
700 167
699 166
698 165
697 164
696 164
695 163
694 162
693 161
692 160
691 159
690 158
689 157
688 156
687 155
686 155
685 154
684 153
683 152
682 151
681 151
680 150
679 149
678 148
677 147
676 147
675 146
674 145
673 145
672 144
671 143
670 142
669 142
668 141
667 140
666 140
665 139
664 138
663 138
662 137
661 137
660 136
659 135
658 135
657 134
656 134
655 133
654 133
653 132
652 131
651 131
650 130
649 130
648 129
647 129
646 128
645 128
644 127
643 127
642 126
641 126
640 125
639 125
638 125
637 124
636 124
635 123
634 123
633 122
632 122
631 122
630 121
629 121
628 120
627 120
626 120
625 119
624 119
623 119
622 118
621 118
620 118
619 117
618 117
617 117
616 116
615 116
614 116
613 115
612 115
611 115
610 115
609 114
608 114
607 114
606 113
605 113
604 113
603 113
602 112
601 112
600 112
599 112
598 112
597 111
596 111
595 111
594 111
593 111
592 110
591 110
590 110
589 110
588 110
587 109
586 109
585 109
584 109
583 109
582 109
581 109
580 108
579 108
578 108
577 108
576 108
575 108
574 108
573 108
572 107
571 107
570 107
569 107
568 107
567 107
566 107
565 107
564 107
563 107
562 107
561 107
560 107
559 107
558 107
557 106
556 106
555 106
554 106
553 106
552 106
551 106
550 106
549 106
548 106
547 106
546 106
545 106
544 106
543 106
542 106
541 106
540 106
539 106
538 106
