548 221
547 222
546 222
545 222
544 222
543 222
542 222
541 222
540 222
539 222
538 222
537 222
536 222
535 222
534 223
533 223
532 223
531 223
530 223
529 223
528 223
527 224
526 224
525 224
524 224
523 225
522 226
521 227
520 228
519 229
518 229
517 230
516 231
515 232
514 233
513 233
512 234
511 235
510 236
509 237
508 237
507 238
506 239
505 240
504 241
503 241
502 242
501 243
500 244
499 244
498 245
497 246
496 247
495 248
494 248
493 249
492 250
491 251
490 251
489 252
488 253
487 253
486 254
485 255
484 256
483 256
482 257
481 258
480 258
479 259
478 260
477 260
476 261
475 262
474 262
473 263
472 264
471 264
470 265
469 266
468 266
467 267
466 267
465 268
464 269
463 269
462 269
461 269
460 268
459 268
458 267
457 267
456 266
455 266
454 265
453 265
452 264
451 264
450 263
449 263
448 262
447 261
446 261
445 260
444 260
443 259
442 259
441 258
440 258
439 257
438 257
437 256
436 256
435 256
434 255
433 255
432 255
431 255
430 255
429 255
428 255
427 255
426 255
425 255
424 256
423 256
422 256
421 257
420 258
420 259
420 260
420 261
420 262
420 263
420 264
420 265
420 266
420 267
420 268
420 269
420 270
420 271
420 272
420 273
420 274
420 275
420 276
420 277
420 278
420 279
420 280
420 281
420 282
420 283
420 284
420 285
420 286
420 287
420 288
420 289
420 290
420 291
420 292
420 293
420 294
420 295
420 296
420 297
420 298
420 299
420 300
420 301
420 302
420 303
420 304
420 305
420 306
420 307
420 308
420 309
420 310
420 311
420 312
420 313
420 314
420 315
420 316
420 317
420 318
420 319
420 320
420 321
420 322
420 323
420 324
420 325
420 326
420 327
420 328
420 329
420 330
420 331
420 332
420 333
420 334
420 335
420 336
420 337
420 338
420 339
420 340
420 341
420 342
420 343
420 344
420 345
420 346
420 347
420 348
420 349
420 350
420 351
420 352
420 353
420 354
420 355
420 356
420 357
420 358
420 359
420 360
420 361
420 362
420 363
420 364
420 365
420 366
420 367
420 368
420 369
420 370
420 371
420 372
420 373
420 374
420 375
420 376
420 377
420 378
420 379
420 380
420 381
420 382
420 383
420 384
420 385
420 386
420 387
420 388
420 389
420 390
420 391
420 392
420 393
420 394
420 395
420 396
420 397
420 398
420 399
420 400
420 401
420 402
420 403
420 404
420 405
420 406
420 407
420 408
420 409
420 410
420 411
420 412
420 413
420 414
419 415
419 416
420 417
420 418
420 419
420 420
420 421
420 422
420 423
420 424
420 425
420 426
420 427
420 428
420 429
420 430
420 431
420 432
420 433
420 434
420 435
420 436
420 437
420 438
420 439
420 440
420 441
420 442
420 443
420 444
420 445
420 446
420 447
420 448
420 449
420 450
420 451
420 452
420 453
420 454
420 455
420 456
420 457
420 458
420 459
420 460
420 461
420 462
420 463
420 464
420 465
420 466
420 467
420 468
420 469
420 470
420 471
420 472
420 473
420 474
420 475
420 476
420 477
420 478
420 479
420 480
420 481
420 482
420 483
420 484
420 485
420 486
420 487
420 488
420 489
420 490
420 491
420 492
420 493
420 494
420 495
420 496
420 497
420 498
420 499
420 500
420 501
420 502
420 503
420 504
420 505
420 506
420 507
420 508
420 509
420 510
420 511
420 512
420 513
420 514
420 515
420 516
420 517
420 518
420 519
420 520
420 521
420 522
420 523
420 524
420 525
420 526
420 527
420 528
420 529
420 530
420 531
420 532
420 533
420 534
420 535
420 536
420 537
420 538
420 539
420 540
420 541
420 542
420 543
420 544
420 545
420 546
420 547
420 548
420 549
420 550
420 551
420 552
420 553
420 554
420 555
420 556
420 557
420 558
420 559
420 560
420 561
420 562
420 563
420 564
420 565
420 566
420 567
420 568
420 569
420 570
420 571
420 572
420 573
421 574
422 575
423 575
424 576
425 576
426 576
427 576
428 576
429 576
430 576
431 576
432 576
433 576
434 576
435 576
436 575
437 575
438 574
439 574
440 573
441 573
442 572
443 572
444 571
445 571
446 570
447 570
448 569
449 569
450 568
451 568
452 567
453 567
454 566
455 566
456 565
457 565
458 564
459 563
460 563
461 563
462 562
463 562
464 563
465 563
466 564
467 564
468 565
469 566
470 566
471 567
472 567
473 568
474 569
475 569
476 570
477 571
478 571
479 572
480 573
481 573
482 574
483 575
484 576
485 576
486 577
487 578
488 578
489 579
490 580
491 581
492 581
493 582
494 583
495 584
496 584
497 585
498 586
499 587
500 588
501 588
502 589
503 590
504 591
505 591
506 592
507 593
508 594
509 595
510 595
511 596
512 597
513 598
514 599
515 599
516 600
517 601
518 602
519 603
520 603
521 604
522 605
523 606
524 607
525 607
526 608
527 608
528 608
529 608
530 608
531 608
532 608
533 609
534 609
535 609
536 609
537 609
538 609
539 609
540 609
541 609
542 609
543 609
544 610
545 610
546 610
547 610
548 610
549 610
550 610
551 610
552 610
553 610
554 610
555 610
556 610
557 610
558 610
559 610
560 610
561 610
562 610
563 609
564 609
565 609
566 609
567 609
568 609
569 609
570 609
571 609
572 609
573 608
574 608
575 608
576 608
577 608
578 608
579 608
580 607
581 607
582 607
583 607
584 607
585 606
586 606
587 606
588 606
589 605
590 605
591 605
592 604
593 604
594 604
595 604
596 603
597 603
598 603
599 602
600 602
601 602
602 601
603 601
604 600
605 600
606 600
607 599
608 599
609 598
610 598
611 597
612 597
613 596
614 596
615 595
616 595
617 594
618 594
619 593
620 593
621 592
622 592
623 591
624 590
625 590
626 589
627 589
628 588
629 587
630 587
631 586
632 585
633 584
634 584
635 583
636 582
637 581
638 581
639 580
640 579
641 578
642 577
643 577
644 576
645 575
646 574
647 573
648 572
649 571
650 570
651 569
652 568
653 567
654 566
655 565
656 564
657 563
658 562
659 561
659 560
660 559
661 558
662 557
663 556
663 555
664 554
665 553
666 552
667 551
667 550
668 549
669 548
669 547
670 546
671 545
672 544
672 543
673 542
674 541
674 540
675 539
676 538
676 537
677 536
677 535
678 534
679 533
679 532
680 531
680 530
681 529
681 528
682 527
683 526
683 525
684 524
684 523
685 522
685 521
686 520
686 519
687 518
687 517
688 516
688 515
689 514
689 513
690 512
690 511
690 510
691 509
691 508
692 507
692 506
693 505
693 504
693 503
694 502
694 501
695 500
695 499
695 498
696 497
696 496
697 495
697 494
697 493
698 492
698 491
698 490
699 489
699 488
699 487
700 486
700 485
700 484
701 483
701 482
701 481
702 480
702 479
702 478
703 477
703 476
703 475
703 474
704 473
704 472
704 471
705 470
705 469
705 468
705 467
706 466
706 465
706 464
706 463
706 462
707 461
707 460
707 459
707 458
708 457
708 456
708 455
708 454
708 453
709 452
709 451
709 450
709 449
709 448
709 447
710 446
710 445
710 444
710 443
710 442
710 441
710 440
711 439
711 438
711 437
711 436
711 435
711 434
711 433
711 432
711 431
712 430
712 429
712 428
712 427
712 426
712 425
712 424
712 423
712 422
712 421
712 420
712 419
712 418
712 417
712 416
712 415
712 414
712 413
712 412
712 411
712 410
712 409
712 408
712 407
712 406
712 405
712 404
712 403
712 402
712 401
711 400
711 399
711 398
711 397
711 396
711 395
711 394
711 393
711 392
710 391
710 390
710 389
710 388
710 387
710 386
710 385
709 384
709 383
709 382
709 381
709 380
709 379
708 378
708 377
708 376
708 375
708 374
707 373
707 372
707 371
707 370
706 369
706 368
706 367
706 366
705 365
705 364
705 363
705 362
704 361
704 360
704 359
704 358
703 357
703 356
703 355
703 354
702 353
702 352
702 351
701 350
701 349
701 348
700 347
700 346
700 345
699 344
699 343
699 342
698 341
698 340
698 339
697 338
697 337
697 336
696 335
696 334
695 333
695 332
695 331
694 330
694 329
693 328
693 327
693 326
692 325
692 324
691 323
691 322
690 321
690 320
689 319
689 318
689 317
688 316
688 315
687 314
687 313
686 312
686 311
685 310
685 309
684 308
683 307
683 306
682 305
682 304
681 303
681 302
680 301
680 300
679 299
678 298
678 297
677 296
677 295
676 294
675 293
675 292
674 291
673 290
673 289
672 288
671 287
671 286
670 285
669 284
669 283
668 282
667 281
666 280
666 279
665 278
664 277
663 276
662 275
662 274
661 273
660 272
659 271
658 270
657 269
656 268
656 267
655 266
654 265
653 264
652 263
651 262
650 261
649 260
648 259
647 258
646 257
645 256
644 256
643 255
642 254
641 253
640 252
639 251
638 251
637 250
636 249
635 248
634 247
633 247
632 246
631 245
630 245
629 244
628 243
627 243
626 242
625 241
624 241
623 240
622 240
621 239
620 238
619 238
618 237
617 237
616 236
615 236
614 235
613 235
612 234
611 234
610 233
609 233
608 232
607 232
606 232
605 231
604 231
603 230
602 230
601 230
600 229
599 229
598 229
597 228
596 228
595 228
594 227
593 227
592 227
591 226
590 226
589 226
588 226
587 225
586 225
585 225
584 225
583 224
582 224
581 224
580 224
579 224
578 223
577 223
576 223
575 223
574 223
573 223
572 223
571 222
570 222
569 222
568 222
567 222
566 222
565 222
564 222
563 222
562 222
561 222
560 222
559 221
558 221
557 221
556 221
555 221
554 221
553 221
552 221
551 221
550 221
549 221
548 221
