454 173
453 174
452 174
451 174
450 174
449 174
448 174
447 174
446 174
445 174
444 174
443 174
442 174
441 174
440 174
439 174
438 174
437 174
436 174
435 174
434 175
433 175
432 175
431 175
430 175
429 175
428 175
427 175
426 175
425 175
424 175
423 175
422 175
421 175
420 176
419 176
418 176
417 176
416 176
415 176
414 176
413 176
412 176
411 176
410 176
409 177
408 177
407 177
406 177
405 177
404 177
403 178
402 178
401 179
400 180
400 181
399 182
399 183
399 184
399 185
399 186
399 187
399 188
399 189
399 190
399 191
399 192
399 193
399 194
399 195
399 196
399 197
399 198
399 199
399 200
399 201
399 202
399 203
399 204
399 205
399 206
399 207
399 208
399 209
399 210
399 211
399 212
399 213
399 214
399 215
399 216
399 217
399 218
399 219
399 220
399 221
399 222
399 223
399 224
399 225
399 226
399 227
399 228
399 229
399 230
399 231
399 232
399 233
399 234
399 235
399 236
399 237
399 238
399 239
399 240
399 241
399 242
399 243
399 244
399 245
399 246
399 247
399 248
399 249
399 250
399 251
399 252
399 253
399 254
399 255
399 256
399 257
399 258
399 259
399 260
399 261
399 262
399 263
399 264
399 265
399 266
399 267
399 268
399 269
399 270
399 271
399 272
399 273
399 274
399 275
399 276
399 277
399 278
399 279
399 280
399 281
399 282
399 283
399 284
399 285
399 286
399 287
399 288
399 289
399 290
399 291
399 292
399 293
399 294
399 295
399 296
399 297
399 298
399 299
399 300
399 301
399 302
399 303
399 304
399 305
399 306
399 307
399 308
399 309
399 310
399 311
399 312
399 313
399 314
399 315
399 316
399 317
399 318
399 319
399 320
399 321
399 322
399 323
399 324
399 325
399 326
399 327
399 328
399 329
399 330
399 331
399 332
399 333
399 334
399 335
399 336
399 337
399 338
399 339
399 340
399 341
399 342
399 343
399 344
399 345
399 346
399 347
399 348
399 349
399 350
399 351
399 352
399 353
399 354
399 355
399 356
399 357
399 358
399 359
399 360
399 361
399 362
399 363
399 364
399 365
399 366
399 367
399 368
399 369
399 370
399 371
399 372
399 373
399 374
399 375
399 376
399 377
399 378
399 379
399 380
399 381
399 382
399 383
399 384
399 385
399 386
399 387
399 388
399 389
399 390
399 391
399 392
399 393
399 394
399 395
399 396
399 397
399 398
399 399
399 400
399 401
399 402
399 403
399 404
399 405
399 406
399 407
399 408
399 409
399 410
399 411
399 412
399 413
399 414
399 415
399 416
399 417
399 418
399 419
399 420
399 421
399 422
399 423
399 424
399 425
399 426
399 427
399 428
399 429
399 430
399 431
399 432
399 433
399 434
399 435
399 436
399 437
399 438
399 439
399 440
399 441
399 442
399 443
399 444
399 445
399 446
399 447
399 448
399 449
399 450
399 451
399 452
399 453
399 454
399 455
399 456
399 457
399 458
399 459
399 460
399 461
399 462
399 463
399 464
399 465
399 466
399 467
399 468
399 469
399 470
399 471
399 472
399 473
399 474
399 475
399 476
399 477
399 478
399 479
399 480
399 481
399 482
399 483
399 484
399 485
399 486
399 487
399 488
399 489
399 490
399 491
399 492
399 493
399 494
399 495
399 496
399 497
399 498
399 499
399 500
399 501
399 502
399 503
399 504
399 505
399 506
399 507
399 508
399 509
399 510
399 511
399 512
399 513
399 514
399 515
399 516
399 517
399 518
399 519
399 520
399 521
399 522
399 523
399 524
399 525
399 526
399 527
399 528
399 529
399 530
399 531
399 532
399 533
399 534
399 535
399 536
399 537
399 538
399 539
399 540
399 541
399 542
399 543
399 544
399 545
399 546
399 547
399 548
399 549
399 550
399 551
399 552
399 553
399 554
399 555
399 556
399 557
399 558
399 559
399 560
399 561
399 562
399 563
399 564
399 565
399 566
399 567
399 568
399 569
399 570
399 571
399 572
399 573
399 574
399 575
399 576
399 577
399 578
399 579
399 580
399 581
399 582
399 583
399 584
399 585
399 586
399 587
399 588
399 589
399 590
399 591
399 592
399 593
399 594
399 595
399 596
399 597
399 598
399 599
399 600
399 601
399 602
399 603
400 604
400 605
401 606
402 607
403 607
404 608
405 608
406 608
407 608
408 608
409 609
410 609
411 609
412 609
413 609
414 609
415 609
416 609
417 609
418 609
419 610
420 610
421 610
422 610
423 610
424 610
425 610
426 610
427 610
428 610
429 610
430 610
431 610
432 611
433 611
434 611
435 611
436 611
437 611
438 611
439 611
440 611
441 611
442 611
443 611
444 611
445 611
446 611
447 611
448 611
449 611
450 612
451 612
452 612
453 612
454 612
455 612
456 612
457 612
458 612
459 612
460 612
461 612
462 612
463 612
464 612
465 612
466 612
467 612
468 612
469 612
470 612
471 612
472 612
473 612
474 612
475 612
476 612
477 612
478 612
479 612
480 612
481 612
482 613
483 613
484 613
485 613
486 613
487 613
488 613
489 613
490 613
491 612
492 612
493 612
494 612
495 612
496 612
497 612
498 612
499 612
500 612
501 612
502 612
503 612
504 612
505 612
506 611
507 611
508 611
509 611
510 611
511 611
512 611
513 611
514 611
515 610
516 610
517 610
518 610
519 610
520 610
521 610
522 610
523 609
524 609
525 609
526 609
527 609
528 609
529 609
530 608
531 608
532 608
533 608
534 608
535 607
536 607
537 607
538 607
539 607
540 607
541 606
542 606
543 606
544 606
545 606
546 605
547 605
548 605
549 605
550 605
551 604
552 604
553 604
554 604
555 603
556 603
557 603
558 603
559 602
560 602
561 602
562 602
563 601
564 601
565 601
566 601
567 600
568 600
569 600
570 599
571 599
572 599
573 599
574 598
575 598
576 598
577 597
578 597
579 597
580 596
581 596
582 596
583 595
584 595
585 595
586 594
587 594
588 594
589 593
590 593
591 593
592 592
593 592
594 591
595 591
596 591
597 590
598 590
599 589
600 589
601 589
602 588
603 588
604 587
605 587
606 586
607 586
608 585
609 585
610 584
611 584
612 584
613 583
614 583
615 582
616 582
617 581
618 581
619 580
620 579
621 579
622 578
623 578
624 577
625 577
626 576
627 576
628 575
629 574
630 574
631 573
632 572
633 572
634 571
635 571
636 570
637 569
638 569
639 568
640 567
641 567
642 566
643 565
644 564
645 564
646 563
647 562
648 561
649 561
650 560
651 559
652 558
653 557
654 557
655 556
656 555
657 554
658 553
659 552
660 551
661 550
662 549
663 548
664 547
665 546
666 546
667 545
668 544
668 543
669 542
670 541
671 540
672 539
673 538
674 537
675 536
676 535
676 534
677 533
678 532
679 531
680 530
680 529
681 528
682 527
683 526
683 525
684 524
685 523
685 522
686 521
687 520
687 519
688 518
689 517
689 516
690 515
691 514
691 513
692 512
692 511
693 510
694 509
694 508
695 507
695 506
696 505
696 504
697 503
697 502
698 501
698 500
699 499
699 498
700 497
700 496
701 495
701 494
702 493
702 492
703 491
703 490
703 489
704 488
704 487
705 486
705 485
705 484
706 483
706 482
707 481
707 480
707 479
708 478
708 477
708 476
709 475
709 474
709 473
710 472
710 471
710 470
711 469
711 468
711 467
711 466
712 465
712 464
712 463
713 462
713 461
713 460
713 459
714 458
714 457
714 456
714 455
715 454
715 453
715 452
715 451
715 450
716 449
716 448
716 447
716 446
716 445
717 444
717 443
717 442
717 441
717 440
717 439
718 438
718 437
718 436
718 435
718 434
718 433
718 432
719 431
719 430
719 429
719 428
719 427
719 426
719 425
719 424
719 423
720 422
720 421
720 420
720 419
720 418
720 417
720 416
720 415
720 414
720 413
720 412
720 411
720 410
721 409
721 408
721 407
721 406
721 405
721 404
721 403
721 402
721 401
721 400
721 399
721 398
721 397
721 396
721 395
721 394
721 393
721 392
721 391
721 390
721 389
721 388
721 387
721 386
721 385
721 384
721 383
721 382
721 381
721 380
721 379
721 378
721 377
721 376
720 375
720 374
720 373
720 372
720 371
720 370
720 369
720 368
720 367
720 366
720 365
720 364
720 363
719 362
719 361
719 360
719 359
719 358
719 357
719 356
719 355
718 354
718 353
718 352
718 351
718 350
718 349
718 348
718 347
717 346
717 345
717 344
717 343
717 342
717 341
716 340
716 339
716 338
716 337
716 336
715 335
715 334
715 333
715 332
714 331
714 330
714 329
714 328
714 327
713 326
713 325
713 324
712 323
712 322
712 321
712 320
711 319
711 318
711 317
711 316
710 315
710 314
710 313
709 312
709 311
709 310
708 309
708 308
708 307
707 306
707 305
706 304
706 303
706 302
705 301
705 300
705 299
704 298
704 297
703 296
703 295
702 294
702 293
702 292
701 291
701 290
700 289
700 288
699 287
699 286
698 285
698 284
697 283
697 282
696 281
696 280
695 279
695 278
694 277
693 276
693 275
692 274
692 273
691 272
691 271
690 270
689 269
689 268
688 267
687 266
687 265
686 264
685 263
685 262
684 261
683 260
682 259
682 258
681 257
680 256
679 255
679 254
678 253
677 252
676 251
675 250
675 249
674 248
673 247
672 246
671 245
670 244
669 243
668 242
667 241
666 240
665 239
664 238
663 237
662 236
661 235
660 234
659 233
658 232
657 231
656 230
655 229
654 229
653 228
652 227
651 226
650 225
649 225
648 224
647 223
646 222
645 221
644 221
643 220
642 219
641 219
640 218
639 217
638 217
637 216
636 215
635 215
634 214
633 213
632 213
631 212
630 211
629 211
628 210
627 210
626 209
625 208
624 208
623 207
622 207
621 206
620 206
619 205
618 205
617 204
616 204
615 203
614 203
613 202
612 202
611 201
610 201
609 200
608 200
607 199
606 199
605 198
604 198
603 198
602 197
601 197
600 196
599 196
598 195
597 195
596 195
595 194
594 194
593 193
592 193
591 193
590 192
589 192
588 191
587 191
586 191
585 190
584 190
583 190
582 189
581 189
580 189
579 188
578 188
577 188
576 187
575 187
574 187
573 187
572 186
571 186
570 186
569 185
568 185
567 185
566 185
565 184
564 184
563 184
562 183
561 183
560 183
559 183
558 183
557 182
556 182
555 182
554 182
553 181
552 181
551 181
550 181
549 180
548 180
547 180
546 180
545 180
544 179
543 179
542 179
541 179
540 179
539 178
538 178
537 178
536 178
535 178
534 178
533 177
532 177
531 177
530 177
529 177
528 176
527 176
526 176
525 176
524 176
523 176
522 176
521 175
520 175
519 175
518 175
517 175
516 175
515 175
514 175
513 174
512 174
511 174
510 174
509 174
508 174
507 174
506 174
505 174
504 173
503 173
502 173
501 173
500 173
499 173
498 173
497 173
496 173
495 173
494 173
493 173
492 173
491 173
490 173
489 173
488 173
487 173
486 173
485 173
484 173
483 173
482 173
481 173
480 173
479 173
478 173
477 173
476 173
475 173
474 173
473 173
472 173
471 173
470 173
469 173
468 173
467 173
466 173
465 173
464 173
463 173
462 173
461 173
460 173
459 173
458 173
457 173
456 173
455 173
454 173
