515 70
514 71
513 71
512 71
511 71
510 71
509 71
508 71
507 71
506 71
505 71
504 72
503 72
502 72
501 72
500 72
499 72
498 72
497 73
496 73
495 73
494 73
493 73
492 73
491 74
490 74
489 74
488 74
487 74
486 75
485 75
484 75
483 75
482 75
481 76
480 76
479 76
478 76
477 77
476 77
475 77
474 77
473 78
472 78
471 78
470 78
469 79
468 79
467 79
466 80
465 80
464 80
463 80
462 81
461 81
460 81
459 82
458 82
457 82
456 83
455 83
454 84
453 84
452 84
451 85
450 85
449 85
448 86
447 86
446 87
445 87
444 87
443 88
442 88
441 89
440 89
439 90
438 90
437 90
436 91
435 91
434 92
433 92
432 93
431 93
430 94
429 94
428 95
427 95
426 96
425 96
424 97
423 98
422 98
421 99
420 99
419 100
418 100
417 101
416 102
415 102
414 103
413 103
412 104
411 105
410 105
409 106
408 107
407 107
406 108
405 109
404 109
403 110
402 111
401 111
400 112
399 113
398 114
397 114
396 115
395 116
394 117
393 117
392 118
391 119
390 120
389 121
388 121
387 122
386 123
385 124
384 125
383 126
382 126
381 127
380 128
379 129
378 130
377 131
376 132
375 133
374 134
373 135
372 136
371 137
370 138
369 139
368 140
367 141
366 142
365 143
364 144
363 145
362 146
361 147
360 148
359 149
359 150
358 151
357 152
356 153
355 154
354 155
353 156
353 157
352 158
351 159
350 160
349 161
349 162
348 163
347 164
346 165
345 166
345 167
344 168
343 169
342 170
342 171
341 172
340 173
339 174
339 175
338 176
337 177
337 178
336 179
335 180
335 181
334 182
333 183
332 184
332 185
331 186
330 187
330 188
329 189
328 190
328 191
327 192
326 193
326 194
325 195
324 196
323 197
322 198
321 199
320 200
319 200
318 201
317 201
316 201
315 201
314 201
313 200
312 200
311 199
310 198
311 197
312 197
313 196
314 196
315 195
316 194
316 193
316 192
316 191
316 190
316 189
316 188
315 187
315 186
314 185
313 185
312 184
311 184
310 184
309 184
308 184
307 184
306 184
305 185
304 185
303 186
302 187
301 187
300 188
300 189
299 190
299 191
299 192
299 193
299 194
299 195
299 196
299 197
299 198
299 199
299 200
299 201
299 202
299 203
299 204
299 205
299 206
299 207
299 208
299 209
299 210
299 211
299 212
299 213
299 214
299 215
299 216
299 217
299 218
299 219
299 220
299 221
299 222
299 223
299 224
299 225
299 226
299 227
299 228
299 229
299 230
299 231
299 232
299 233
299 234
299 235
299 236
299 237
299 238
299 239
299 240
299 241
299 242
299 243
299 244
299 245
299 246
299 247
299 248
299 249
299 250
299 251
299 252
299 253
299 254
299 255
299 256
299 257
299 258
299 259
299 260
299 261
299 262
299 263
299 264
299 265
299 266
299 267
299 268
299 269
299 270
299 271
299 272
299 273
299 274
299 275
299 276
299 277
299 278
299 279
299 280
299 281
299 282
299 283
299 284
299 285
299 286
299 287
299 288
299 289
299 290
299 291
299 292
299 293
299 294
299 295
299 296
299 297
299 298
299 299
299 300
299 301
299 302
299 303
299 304
299 305
299 306
299 307
299 308
299 309
299 310
299 311
299 312
299 313
299 314
299 315
299 316
299 317
299 318
299 319
299 320
299 321
299 322
299 323
299 324
299 325
299 326
299 327
299 328
299 329
299 330
299 331
299 332
299 333
299 334
299 335
299 336
299 337
299 338
299 339
299 340
299 341
299 342
299 343
299 344
299 345
299 346
299 347
299 348
299 349
299 350
299 351
299 352
299 353
299 354
299 355
299 356
299 357
299 358
299 359
299 360
299 361
299 362
299 363
299 364
299 365
299 366
299 367
299 368
299 369
299 370
299 371
299 372
299 373
299 374
299 375
299 376
299 377
299 378
299 379
299 380
299 381
299 382
299 383
299 384
299 385
299 386
299 387
299 388
299 389
299 390
299 391
299 392
299 393
299 394
299 395
299 396
298 397
298 398
298 399
298 400
298 401
299 402
299 403
299 404
299 405
299 406
299 407
299 408
299 409
299 410
299 411
299 412
299 413
299 414
299 415
299 416
299 417
299 418
299 419
299 420
299 421
299 422
299 423
299 424
299 425
299 426
299 427
299 428
299 429
299 430
299 431
299 432
299 433
299 434
299 435
299 436
299 437
299 438
299 439
299 440
299 441
299 442
299 443
299 444
299 445
299 446
299 447
299 448
299 449
299 450
299 451
299 452
299 453
299 454
299 455
299 456
299 457
299 458
299 459
299 460
299 461
299 462
299 463
299 464
299 465
299 466
299 467
299 468
299 469
299 470
299 471
299 472
299 473
299 474
299 475
299 476
299 477
299 478
299 479
299 480
299 481
299 482
299 483
299 484
299 485
299 486
299 487
299 488
299 489
299 490
299 491
299 492
299 493
299 494
299 495
299 496
299 497
299 498
299 499
299 500
299 501
299 502
299 503
299 504
299 505
299 506
299 507
299 508
299 509
299 510
299 511
299 512
299 513
299 514
299 515
299 516
299 517
299 518
299 519
299 520
299 521
299 522
299 523
299 524
299 525
299 526
299 527
299 528
299 529
299 530
299 531
299 532
299 533
299 534
299 535
299 536
299 537
299 538
299 539
299 540
299 541
299 542
299 543
299 544
299 545
299 546
299 547
299 548
299 549
299 550
299 551
299 552
299 553
299 554
299 555
299 556
299 557
299 558
299 559
299 560
299 561
299 562
299 563
299 564
299 565
299 566
299 567
299 568
299 569
299 570
299 571
299 572
299 573
299 574
299 575
299 576
299 577
299 578
299 579
299 580
299 581
299 582
299 583
299 584
299 585
299 586
299 587
299 588
299 589
299 590
299 591
299 592
299 593
299 594
299 595
299 596
299 597
299 598
299 599
299 600
299 601
299 602
299 603
299 604
299 605
299 606
299 607
299 608
299 609
300 610
301 611
302 612
303 613
304 613
305 614
306 614
307 614
308 615
309 615
310 615
311 614
312 614
313 614
314 613
315 612
315 611
316 610
316 609
316 608
316 607
316 606
316 605
316 604
315 603
314 602
313 602
312 602
311 601
310 600
311 599
312 599
313 598
314 598
315 597
316 597
317 598
318 598
319 598
320 599
321 599
322 600
323 601
324 602
325 603
325 604
326 605
327 606
328 607
328 608
329 609
329 610
330 611
331 612
331 613
332 614
333 615
333 616
334 617
335 618
336 619
336 620
337 621
338 622
338 623
339 624
340 625
341 626
341 627
342 628
343 629
343 630
344 631
345 632
346 633
347 634
347 635
348 636
349 637
350 638
351 639
351 640
352 641
353 642
354 643
355 644
356 645
356 646
357 647
358 648
359 649
360 650
361 651
362 652
363 653
364 654
365 655
365 656
366 657
367 658
368 659
369 660
370 661
371 662
372 663
373 664
374 665
375 666
376 667
377 667
378 668
379 669
380 670
381 671
382 672
383 673
384 674
385 675
386 675
387 676
388 677
389 678
390 679
391 679
392 680
393 681
394 682
395 683
396 683
397 684
398 685
399 686
400 686
401 687
402 688
403 688
404 689
405 690
406 691
407 691
408 692
409 693
410 693
411 694
412 694
413 695
414 696
415 696
416 697
417 697
418 698
419 699
420 699
421 700
422 700
423 701
424 701
425 702
426 703
427 703
428 704
429 704
430 705
431 705
432 706
433 706
434 707
435 707
436 707
437 708
438 708
439 709
440 709
441 710
442 710
443 711
444 711
445 711
446 712
447 712
448 713
449 713
450 713
451 714
452 714
453 715
454 715
455 715
456 716
457 716
458 716
459 717
460 717
461 717
462 718
463 718
464 718
465 719
466 719
467 719
468 719
469 720
470 720
471 720
472 721
473 721
474 721
475 721
476 722
477 722
478 722
479 722
480 723
481 723
482 723
483 723
484 723
485 724
486 724
487 724
488 724
489 724
490 725
491 725
492 725
493 725
494 725
495 725
496 726
497 726
498 726
499 726
500 726
501 726
502 727
503 727
504 727
505 727
506 727
507 727
508 727
509 727
510 727
511 728
512 728
513 728
514 728
515 728
516 728
517 728
518 728
519 728
520 728
521 728
522 728
523 729
524 729
525 729
526 729
527 729
528 729
529 729
530 729
531 729
532 729
533 729
534 729
535 729
536 729
537 729
538 729
539 729
540 729
541 729
542 729
543 729
544 728
545 728
546 728
547 728
548 728
549 728
550 728
551 728
552 728
553 728
554 728
555 728
556 728
557 728
558 727
559 727
560 727
561 727
562 727
563 727
564 727
565 727
566 726
567 726
568 726
569 726
570 726
571 726
572 726
573 725
574 725
575 725
576 725
577 725
578 725
579 724
580 724
581 724
582 724
583 724
584 723
585 723
586 723
587 723
588 723
589 722
590 722
591 722
592 722
593 721
594 721
595 721
596 721
597 720
598 720
599 720
600 720
601 719
602 719
603 719
604 718
605 718
606 718
607 717
608 717
609 717
610 717
611 716
612 716
613 716
614 715
615 715
616 715
617 714
618 714
619 713
620 713
621 713
622 712
623 712
624 712
625 711
626 711
627 710
628 710
629 710
630 709
631 709
632 708
633 708
634 707
635 707
636 707
637 706
638 706
639 705
640 705
641 704
642 704
643 703
644 703
645 702
646 702
647 701
648 701
649 700
650 700
651 699
652 699
653 698
654 698
655 697
656 696
657 696
658 695
659 695
660 694
661 694
662 693
663 692
664 692
665 691
666 690
667 690
668 689
669 689
670 688
671 687
672 687
673 686
674 685
675 685
676 684
677 683
678 682
679 682
680 681
681 680
682 680
683 679
684 678
685 677
686 677
687 676
688 675
689 674
690 674
691 673
692 672
693 671
694 670
695 669
696 669
697 668
698 667
699 666
700 665
701 664
702 664
703 663
704 662
705 661
706 660
707 659
708 658
709 657
710 656
711 655
712 654
713 653
714 652
715 651
716 650
717 649
718 648
719 647
720 646
721 645
722 644
723 643
724 642
725 641
726 640
727 639
727 638
728 637
729 636
730 635
731 634
732 633
733 632
733 631
734 630
735 629
736 628
737 627
737 626
738 625
739 624
740 623
741 622
741 621
742 620
743 619
744 618
744 617
745 616
746 615
747 614
747 613
748 612
749 611
750 610
750 609
751 608
752 607
752 606
753 605
754 604
754 603
755 602
756 601
756 600
757 599
758 598
758 597
759 596
760 595
760 594
761 593
761 592
762 591
763 590
763 589
764 588
764 587
765 586
766 585
766 584
767 583
767 582
768 581
768 580
769 579
770 578
770 577
771 576
771 575
772 574
772 573
773 572
773 571
774 570
774 569
775 568
775 567
776 566
776 565
777 564
777 563
778 562
778 561
779 560
779 559
780 558
780 557
781 556
781 555
782 554
782 553
783 552
783 551
784 550
784 549
784 548
785 547
785 546
786 545
786 544
787 543
787 542
787 541
788 540
788 539
789 538
789 537
790 536
790 535
790 534
791 533
791 532
791 531
792 530
792 529
793 528
793 527
793 526
794 525
794 524
795 523
795 522
795 521
796 520
796 519
796 518
797 517
797 516
797 515
798 514
798 513
798 512
799 511
799 510
799 509
800 508
800 507
800 506
801 505
801 504
801 503
801 502
802 501
802 500
802 499
803 498
803 497
803 496
804 495
804 494
804 493
804 492
805 491
805 490
805 489
805 488
806 487
806 486
806 485
806 484
807 483
807 482
807 481
807 480
808 479
808 478
808 477
808 476
809 475
809 474
809 473
809 472
809 471
810 470
810 469
810 468
810 467
810 466
811 465
811 464
811 463
811 462
811 461
812 460
812 459
812 458
812 457
812 456
812 455
813 454
813 453
813 452
813 451
813 450
813 449
814 448
814 447
814 446
814 445
814 444
814 443
814 442
815 441
815 440
815 439
815 438
815 437
815 436
815 435
815 434
815 433
816 432
816 431
816 430
816 429
816 428
816 427
816 426
816 425
816 424
816 423
816 422
816 421
817 420
817 419
817 418
817 417
817 416
817 415
817 414
817 413
817 412
817 411
817 410
817 409
817 408
817 407
817 406
817 405
817 404
817 403
817 402
817 401
817 400
817 399
817 398
817 397
817 396
817 395
817 394
817 393
817 392
817 391
817 390
817 389
817 388
817 387
817 386
817 385
817 384
817 383
817 382
817 381
817 380
817 379
817 378
816 377
816 376
816 375
816 374
816 373
816 372
816 371
816 370
816 369
816 368
816 367
815 366
815 365
815 364
815 363
815 362
815 361
815 360
815 359
815 358
814 357
814 356
814 355
814 354
814 353
814 352
814 351
813 350
813 349
813 348
813 347
813 346
813 345
813 344
812 343
812 342
812 341
812 340
812 339
811 338
811 337
811 336
811 335
811 334
811 333
810 332
810 331
810 330
810 329
810 328
809 327
809 326
809 325
809 324
808 323
808 322
808 321
808 320
808 319
807 318
807 317
807 316
807 315
806 314
806 313
806 312
805 311
805 310
805 309
805 308
804 307
804 306
804 305
804 304
803 303
803 302
803 301
803 300
802 299
802 298
802 297
801 296
801 295
801 294
800 293
800 292
800 291
800 290
799 289
799 288
799 287
798 286
798 285
797 284
797 283
797 282
796 281
796 280
796 279
795 278
795 277
795 276
794 275
794 274
794 273
793 272
793 271
792 270
792 269
792 268
791 267
791 266
791 265
790 264
790 263
789 262
789 261
789 260
788 259
788 258
787 257
787 256
786 255
786 254
786 253
785 252
785 251
784 250
784 249
783 248
783 247
782 246
782 245
782 244
781 243
781 242
780 241
780 240
779 239
779 238
778 237
778 236
777 235
777 234
776 233
776 232
775 231
775 230
774 229
774 228
773 227
773 226
772 225
771 224
771 223
770 222
770 221
769 220
769 219
768 218
768 217
767 216
766 215
766 214
765 213
765 212
764 211
763 210
763 209
762 208
762 207
761 206
760 205
760 204
759 203
759 202
758 201
757 200
757 199
756 198
755 197
755 196
754 195
753 194
753 193
752 192
751 191
751 190
750 189
749 188
749 187
748 186
747 185
746 184
746 183
745 182
744 181
743 180
743 179
742 178
741 177
740 176
740 175
739 174
738 173
737 172
736 171
736 170
735 169
734 168
733 167
732 166
731 165
731 164
730 163
729 162
728 161
727 160
726 159
725 158
724 157
723 156
723 155
722 154
721 153
720 152
719 151
718 150
717 149
716 148
715 147
714 146
713 145
712 144
711 143
710 142
709 141
708 140
707 139
706 139
705 138
704 137
703 136
702 135
701 134
700 133
699 132
698 131
697 131
696 130
695 129
694 128
693 127
692 126
691 126
690 125
689 124
688 123
687 123
686 122
685 121
684 120
683 120
682 119
681 118
680 117
679 117
678 116
677 115
676 115
675 114
674 113
673 112
672 112
671 111
670 111
669 110
668 109
667 109
666 108
665 107
664 107
663 106
662 105
661 105
660 104
659 104
658 103
657 103
656 102
655 101
654 101
653 100
652 100
651 99
650 99
649 98
648 98
647 97
646 97
645 96
644 96
643 95
642 95
641 94
640 94
639 93
638 93
637 92
636 92
635 91
634 91
633 91
632 90
631 90
630 89
629 89
628 88
627 88
626 88
625 87
624 87
623 86
622 86
621 86
620 85
619 85
618 85
617 84
616 84
615 84
614 83
613 83
612 83
611 82
610 82
609 82
608 81
607 81
606 81
605 80
604 80
603 80
602 79
601 79
600 79
599 79
598 78
597 78
596 78
595 78
594 77
593 77
592 77
591 77
590 76
589 76
588 76
587 76
586 75
585 75
584 75
583 75
582 75
581 74
580 74
579 74
578 74
577 74
576 74
575 73
574 73
573 73
572 73
571 73
570 73
569 72
568 72
567 72
566 72
565 72
564 72
563 72
562 71
561 71
560 71
559 71
558 71
557 71
556 71
555 71
554 71
553 71
552 70
551 70
550 70
549 70
548 70
547 70
546 70
545 70
544 70
543 70
542 70
541 70
540 70
539 70
538 70
537 70
536 70
535 70
534 70
533 70
532 70
531 70
530 70
529 70
528 70
527 70
526 70
525 70
524 70
523 70
522 70
521 70
520 70
519 70
518 70
517 70
516 70
515 70
