535 99
534 100
533 100
532 100
531 100
530 100
529 100
528 100
527 100
526 101
525 101
524 101
523 101
522 101
521 102
520 102
519 102
518 102
517 102
516 103
515 103
514 103
513 103
512 104
511 104
510 104
509 104
508 105
507 105
506 105
505 106
504 106
503 106
502 107
501 107
500 107
499 108
498 108
497 108
496 109
495 109
494 109
493 110
492 110
491 111
490 111
489 111
488 112
487 112
486 113
485 113
484 113
483 114
482 114
481 115
480 115
479 116
478 116
477 117
476 117
475 118
474 118
473 119
472 119
471 120
470 120
469 121
468 121
467 122
466 122
465 123
464 123
463 124
462 125
461 125
460 126
459 126
458 127
457 127
456 128
455 129
454 129
453 130
452 130
451 131
450 132
449 132
448 133
447 134
446 134
445 135
444 136
443 136
442 137
441 138
440 138
439 139
438 140
437 141
436 141
435 142
434 143
433 143
432 144
431 145
430 146
429 146
428 147
427 148
426 149
425 149
424 150
423 151
422 152
421 153
420 153
419 154
418 155
417 156
416 157
415 157
414 158
413 159
412 160
411 161
410 162
409 162
408 163
407 164
406 165
405 166
404 167
403 168
402 168
401 169
400 170
399 171
398 172
397 173
396 174
395 175
394 176
393 177
392 178
391 179
390 179
389 180
388 181
387 182
386 183
385 184
384 185
383 186
382 187
381 188
380 189
379 190
378 191
377 192
376 193
375 194
374 195
373 195
372 196
371 196
370 197
369 197
368 198
367 198
366 198
365 198
364 199
363 199
362 199
361 199
360 199
359 199
358 199
357 199
356 199
355 199
354 198
353 198
352 198
351 198
350 197
349 197
348 197
347 196
346 196
345 196
344 196
343 195
342 195
341 195
340 195
339 194
338 194
337 194
336 194
335 193
334 193
333 193
332 192
331 192
330 192
329 192
328 191
327 191
326 191
325 191
324 190
323 190
322 190
321 190
320 189
319 189
318 189
317 188
316 188
315 188
314 188
313 187
312 187
311 187
310 187
309 186
308 186
307 186
306 186
305 185
304 185
303 185
302 184
301 184
300 184
299 184
298 183
297 183
296 183
295 183
294 182
293 182
292 182
291 182
290 181
289 181
288 181
287 181
286 180
285 180
284 180
283 179
282 179
281 179
280 179
279 178
278 178
277 178
276 178
275 178
274 177
273 177
272 177
271 177
270 177
269 178
268 179
267 180
267 181
267 182
267 183
267 184
267 185
267 186
267 187
267 188
267 189
267 190
267 191
267 192
267 193
267 194
267 195
267 196
267 197
267 198
267 199
267 200
267 201
267 202
267 203
267 204
267 205
267 206
267 207
267 208
267 209
267 210
267 211
267 212
267 213
267 214
267 215
267 216
267 217
267 218
267 219
267 220
267 221
267 222
267 223
267 224
267 225
267 226
267 227
267 228
267 229
267 230
267 231
267 232
267 233
267 234
267 235
267 236
267 237
267 238
267 239
267 240
267 241
267 242
267 243
267 244
267 245
267 246
267 247
267 248
267 249
267 250
267 251
267 252
267 253
267 254
267 255
267 256
267 257
267 258
267 259
267 260
267 261
267 262
267 263
267 264
267 265
267 266
267 267
267 268
267 269
267 270
267 271
267 272
267 273
267 274
267 275
267 276
267 277
267 278
267 279
267 280
267 281
267 282
267 283
267 284
267 285
267 286
267 287
267 288
267 289
267 290
267 291
267 292
267 293
267 294
267 295
267 296
267 297
267 298
267 299
267 300
267 301
267 302
267 303
267 304
267 305
267 306
267 307
267 308
267 309
267 310
267 311
267 312
267 313
267 314
267 315
267 316
267 317
267 318
267 319
267 320
267 321
267 322
267 323
267 324
267 325
267 326
267 327
267 328
267 329
267 330
267 331
267 332
267 333
267 334
267 335
267 336
267 337
267 338
267 339
267 340
267 341
267 342
267 343
267 344
267 345
267 346
267 347
267 348
267 349
267 350
267 351
267 352
267 353
267 354
267 355
267 356
267 357
267 358
267 359
267 360
267 361
267 362
267 363
267 364
267 365
267 366
267 367
267 368
267 369
267 370
267 371
267 372
267 373
267 374
267 375
267 376
267 377
267 378
267 379
267 380
267 381
267 382
267 383
267 384
267 385
267 386
267 387
267 388
267 389
267 390
267 391
267 392
267 393
267 394
267 395
267 396
267 397
267 398
267 399
267 400
267 401
267 402
267 403
267 404
267 405
267 406
267 407
267 408
267 409
267 410
267 411
267 412
267 413
267 414
267 415
267 416
267 417
267 418
267 419
267 420
267 421
267 422
267 423
267 424
267 425
267 426
267 427
267 428
267 429
267 430
267 431
267 432
267 433
267 434
267 435
267 436
267 437
267 438
267 439
267 440
267 441
267 442
267 443
267 444
267 445
267 446
267 447
267 448
267 449
267 450
267 451
267 452
267 453
267 454
267 455
267 456
267 457
267 458
267 459
267 460
267 461
267 462
267 463
267 464
267 465
267 466
267 467
267 468
267 469
267 470
267 471
267 472
267 473
267 474
267 475
267 476
267 477
267 478
267 479
267 480
267 481
267 482
267 483
267 484
267 485
267 486
267 487
267 488
267 489
267 490
267 491
267 492
267 493
267 494
267 495
267 496
267 497
267 498
267 499
267 500
267 501
267 502
267 503
267 504
267 505
267 506
267 507
267 508
267 509
267 510
267 511
267 512
267 513
267 514
267 515
267 516
267 517
267 518
267 519
267 520
267 521
267 522
267 523
267 524
267 525
267 526
267 527
267 528
267 529
267 530
267 531
267 532
267 533
267 534
267 535
267 536
267 537
267 538
267 539
267 540
267 541
267 542
267 543
267 544
267 545
267 546
267 547
267 548
267 549
267 550
267 551
267 552
267 553
267 554
267 555
267 556
267 557
267 558
267 559
267 560
267 561
267 562
267 563
267 564
267 565
267 566
267 567
267 568
267 569
267 570
267 571
267 572
267 573
267 574
267 575
267 576
267 577
267 578
267 579
267 580
267 581
267 582
267 583
267 584
267 585
267 586
267 587
267 588
267 589
267 590
267 591
267 592
267 593
267 594
267 595
267 596
267 597
267 598
267 599
267 600
267 601
267 602
267 603
267 604
267 605
267 606
267 607
267 608
267 609
267 610
267 611
267 612
267 613
267 614
267 615
267 616
267 617
267 618
267 619
267 620
267 621
267 622
267 623
267 624
268 625
269 626
270 627
271 627
272 627
273 627
274 627
275 627
276 626
277 626
278 626
279 626
280 626
281 625
282 625
283 625
284 624
285 624
286 624
287 624
288 623
289 623
290 623
291 623
292 622
293 622
294 622
295 622
296 621
297 621
298 621
299 620
300 620
301 620
302 620
303 619
304 619
305 619
306 619
307 618
308 618
309 618
310 618
311 617
312 617
313 617
314 616
315 616
316 616
317 616
318 615
319 615
320 615
321 615
322 614
323 614
324 614
325 614
326 613
327 613
328 613
329 612
330 612
331 612
332 612
333 611
334 611
335 611
336 611
337 610
338 610
339 610
340 610
341 609
342 609
343 609
344 609
345 608
346 608
347 608
348 607
349 607
350 607
351 607
352 606
353 606
354 606
355 606
356 605
357 605
358 605
359 605
360 605
361 605
362 605
363 605
364 606
365 606
366 606
367 606
368 607
369 607
370 607
371 608
372 608
373 609
374 610
375 610
376 611
377 612
378 613
379 614
380 615
381 616
382 617
383 618
384 619
385 620
386 621
387 622
388 623
389 624
390 625
391 626
392 627
393 628
394 628
395 629
396 630
397 631
398 632
399 633
400 634
401 635
402 636
403 637
404 637
405 638
406 639
407 640
408 641
409 642
410 643
411 643
412 644
413 645
414 646
415 647
416 648
417 648
418 649
419 650
420 651
421 652
422 652
423 653
424 654
425 655
426 656
427 656
428 657
429 658
430 659
431 659
432 660
433 661
434 661
435 662
436 663
437 664
438 664
439 665
440 666
441 666
442 667
443 668
444 668
445 669
446 670
447 670
448 671
449 672
450 672
451 673
452 674
453 674
454 675
455 675
456 676
457 677
458 677
459 678
460 678
461 679
462 680
463 680
464 681
465 681
466 682
467 682
468 683
469 683
470 684
471 684
472 685
473 686
474 686
475 687
476 687
477 687
478 688
479 688
480 689
481 689
482 690
483 690
484 691
485 691
486 692
487 692
488 692
489 693
490 693
491 694
492 694
493 694
494 695
495 695
496 695
497 696
498 696
499 697
500 697
501 697
502 698
503 698
504 698
505 699
506 699
507 699
508 699
509 700
510 700
511 700
512 701
513 701
514 701
515 701
516 701
517 702
518 702
519 702
520 702
521 703
522 703
523 703
524 703
525 703
526 703
527 704
528 704
529 704
530 704
531 704
532 704
533 704
534 705
535 705
536 705
537 705
538 705
539 705
540 705
541 705
542 705
543 705
544 705
545 705
546 705
547 705
548 706
549 706
550 706
551 706
552 705
553 705
554 705
555 705
556 705
557 705
558 705
559 705
560 705
561 705
562 705
563 705
564 705
565 705
566 705
567 704
568 704
569 704
570 704
571 704
572 704
573 704
574 704
575 704
576 703
577 703
578 703
579 703
580 703
581 703
582 703
583 703
584 702
585 702
586 702
587 702
588 702
589 702
590 702
591 701
592 701
593 701
594 701
595 701
596 701
597 700
598 700
599 700
600 700
601 700
602 700
603 699
604 699
605 699
606 699
607 699
608 698
609 698
610 698
611 698
612 698
613 697
614 697
615 697
616 697
617 697
618 696
619 696
620 696
621 696
622 695
623 695
624 695
625 695
626 694
627 694
628 694
629 694
630 693
631 693
632 693
633 693
634 692
635 692
636 692
637 692
638 691
639 691
640 691
641 690
642 690
643 690
644 690
645 689
646 689
647 689
648 688
649 688
650 688
651 687
652 687
653 687
654 686
655 686
656 686
657 685
658 685
659 685
660 684
661 684
662 684
663 683
664 683
665 682
666 682
667 682
668 681
669 681
670 680
671 680
672 680
673 679
674 679
675 678
676 678
677 678
678 677
679 677
680 676
681 676
682 675
683 675
684 675
685 674
686 674
687 673
688 673
689 672
690 672
691 671
692 671
693 670
694 670
695 669
696 669
697 668
698 668
699 667
700 667
701 666
702 666
703 665
704 664
705 664
706 663
707 663
708 662
709 662
710 661
711 660
712 660
713 659
714 659
715 658
716 657
717 657
718 656
719 655
720 655
721 654
722 654
723 653
724 652
725 652
726 651
727 650
728 649
729 649
730 648
731 647
732 647
733 646
734 645
735 644
736 644
737 643
738 642
739 641
740 641
741 640
742 639
743 638
744 637
745 636
746 636
747 635
748 634
749 633
750 632
751 631
752 630
753 629
754 629
755 628
756 627
757 626
758 625
759 624
760 623
761 622
762 621
763 620
764 619
765 618
766 617
767 616
768 615
769 614
770 613
770 612
771 611
772 610
773 609
774 608
775 607
776 606
776 605
777 604
778 603
779 602
780 601
781 600
781 599
782 598
783 597
784 596
784 595
785 594
786 593
787 592
787 591
788 590
789 589
789 588
790 587
791 586
792 585
792 584
793 583
793 582
794 581
795 580
795 579
796 578
797 577
797 576
798 575
799 574
799 573
800 572
800 571
801 570
802 569
802 568
803 567
803 566
804 565
804 564
805 563
805 562
806 561
806 560
807 559
807 558
808 557
808 556
809 555
809 554
810 553
810 552
811 551
811 550
812 549
812 548
813 547
813 546
814 545
814 544
815 543
815 542
815 541
816 540
816 539
817 538
817 537
818 536
818 535
818 534
819 533
819 532
819 531
820 530
820 529
821 528
821 527
821 526
822 525
822 524
822 523
823 522
823 521
823 520
824 519
824 518
824 517
825 516
825 515
825 514
826 513
826 512
826 511
827 510
827 509
827 508
828 507
828 506
828 505
828 504
829 503
829 502
829 501
830 500
830 499
830 498
830 497
831 496
831 495
831 494
831 493
832 492
832 491
832 490
832 489
832 488
833 487
833 486
833 485
833 484
834 483
834 482
834 481
834 480
834 479
835 478
835 477
835 476
835 475
835 474
836 473
836 472
836 471
836 470
836 469
836 468
837 467
837 466
837 465
837 464
837 463
837 462
837 461
838 460
838 459
838 458
838 457
838 456
838 455
838 454
839 453
839 452
839 451
839 450
839 449
839 448
839 447
839 446
839 445
840 444
840 443
840 442
840 441
840 440
840 439
840 438
840 437
840 436
840 435
840 434
840 433
841 432
841 431
841 430
841 429
841 428
841 427
841 426
841 425
841 424
841 423
841 422
841 421
841 420
841 419
841 418
841 417
841 416
841 415
841 414
841 413
841 412
841 411
841 410
841 409
841 408
841 407
842 406
842 405
842 404
842 403
842 402
842 401
842 400
842 399
841 398
841 397
841 396
841 395
841 394
841 393
841 392
841 391
841 390
841 389
841 388
841 387
841 386
841 385
841 384
841 383
841 382
841 381
841 380
841 379
841 378
841 377
841 376
841 375
841 374
841 373
841 372
840 371
840 370
840 369
840 368
840 367
840 366
840 365
840 364
840 363
840 362
840 361
840 360
839 359
839 358
839 357
839 356
839 355
839 354
839 353
839 352
839 351
838 350
838 349
838 348
838 347
838 346
838 345
838 344
837 343
837 342
837 341
837 340
837 339
837 338
837 337
836 336
836 335
836 334
836 333
836 332
835 331
835 330
835 329
835 328
835 327
835 326
834 325
834 324
834 323
834 322
834 321
833 320
833 319
833 318
833 317
832 316
832 315
832 314
832 313
832 312
831 311
831 310
831 309
831 308
830 307
830 306
830 305
829 304
829 303
829 302
829 301
828 300
828 299
828 298
828 297
827 296
827 295
827 294
826 293
826 292
826 291
825 290
825 289
825 288
824 287
824 286
824 285
823 284
823 283
823 282
822 281
822 280
822 279
821 278
821 277
821 276
820 275
820 274
819 273
819 272
819 271
818 270
818 269
817 268
817 267
817 266
816 265
816 264
815 263
815 262
814 261
814 260
814 259
813 258
813 257
812 256
812 255
811 254
811 253
810 252
810 251
809 250
809 249
808 248
808 247
807 246
807 245
806 244
806 243
805 242
805 241
804 240
804 239
803 238
802 237
802 236
801 235
801 234
800 233
800 232
799 231
798 230
798 229
797 228
797 227
796 226
795 225
795 224
794 223
793 222
793 221
792 220
791 219
791 218
790 217
789 216
789 215
788 214
787 213
786 212
786 211
785 210
784 209
783 208
783 207
782 206
781 205
780 204
780 203
779 202
778 201
777 200
776 199
775 198
775 197
774 196
773 195
772 194
771 193
770 192
769 191
768 190
768 189
767 188
766 187
765 186
764 185
763 184
762 183
761 182
760 181
759 180
758 179
757 178
756 177
755 176
754 176
753 175
752 174
751 173
750 172
749 171
748 170
747 169
746 169
745 168
744 167
743 166
742 165
741 164
740 164
739 163
738 162
737 161
736 161
735 160
734 159
733 158
732 158
731 157
730 156
729 155
728 155
727 154
726 153
725 153
724 152
723 151
722 151
721 150
720 149
719 149
718 148
717 147
716 147
715 146
714 146
713 145
712 144
711 144
710 143
709 143
708 142
707 141
706 141
705 140
704 140
703 139
702 139
701 138
700 138
699 137
698 136
697 136
696 135
695 135
694 134
693 134
692 133
691 133
690 132
689 132
688 131
687 131
686 131
685 130
684 130
683 129
682 129
681 128
680 128
679 127
678 127
677 127
676 126
675 126
674 125
673 125
672 124
671 124
670 124
669 123
668 123
667 122
666 122
665 122
664 121
663 121
662 121
661 120
660 120
659 120
658 119
657 119
656 118
655 118
654 118
653 117
652 117
651 117
650 116
649 116
648 116
647 116
646 115
645 115
644 115
643 114
642 114
641 114
640 113
639 113
638 113
637 113
636 112
635 112
634 112
633 111
632 111
631 111
630 111
629 110
628 110
627 110
626 110
625 109
624 109
623 109
622 109
621 108
620 108
619 108
618 108
617 108
616 107
615 107
614 107
613 107
612 106
611 106
610 106
609 106
608 106
607 105
606 105
605 105
604 105
603 105
602 105
601 104
600 104
599 104
598 104
597 104
596 104
595 103
594 103
593 103
592 103
591 103
590 103
589 102
588 102
587 102
586 102
585 102
584 102
583 102
582 101
581 101
580 101
579 101
578 101
577 101
576 101
575 101
574 100
573 100
572 100
571 100
570 100
569 100
568 100
567 100
566 100
565 100
564 99
563 99
562 99
561 99
560 99
559 99
558 99
557 99
556 99
555 99
554 99
553 99
552 99
551 99
550 99
549 99
548 99
547 99
546 99
545 99
544 99
543 99
542 99
541 99
540 99
539 99
538 99
537 99
536 99
535 99
