488 169
487 170
486 170
485 170
484 170
483 170
482 170
481 170
480 171
479 171
478 171
477 171
476 171
475 171
474 172
473 172
472 172
471 172
470 172
469 172
468 173
467 173
466 173
465 173
464 173
463 173
462 174
461 174
460 174
459 174
458 174
457 174
456 174
455 175
454 175
453 175
452 175
451 175
450 175
449 175
448 176
447 176
446 176
445 176
444 176
443 176
442 176
441 177
440 177
439 177
438 177
437 177
436 177
435 177
434 178
433 178
432 178
431 178
430 178
429 178
428 178
427 179
426 179
425 179
424 179
423 179
422 179
421 179
420 180
419 180
418 180
417 180
416 180
415 180
414 181
413 181
412 181
411 180
411 179
412 178
412 177
412 176
411 175
410 174
409 173
408 172
407 172
406 172
405 171
404 171
403 171
402 171
401 171
400 171
399 172
398 172
397 173
396 173
395 174
394 175
393 176
392 177
391 178
391 179
391 180
390 181
390 182
390 183
390 184
390 185
390 186
390 187
390 188
390 189
390 190
390 191
390 192
390 193
390 194
390 195
390 196
390 197
390 198
390 199
390 200
390 201
390 202
390 203
390 204
390 205
390 206
390 207
390 208
390 209
390 210
390 211
390 212
390 213
390 214
390 215
390 216
390 217
390 218
390 219
390 220
390 221
390 222
390 223
390 224
390 225
390 226
390 227
390 228
390 229
390 230
390 231
390 232
390 233
390 234
390 235
390 236
390 237
390 238
390 239
390 240
390 241
390 242
390 243
390 244
390 245
390 246
390 247
390 248
390 249
390 250
390 251
390 252
390 253
390 254
390 255
390 256
390 257
390 258
390 259
390 260
390 261
390 262
390 263
390 264
390 265
390 266
390 267
390 268
390 269
390 270
390 271
390 272
390 273
390 274
390 275
390 276
390 277
390 278
390 279
390 280
390 281
390 282
390 283
390 284
390 285
390 286
390 287
390 288
390 289
390 290
390 291
390 292
390 293
390 294
390 295
390 296
390 297
390 298
390 299
390 300
390 301
390 302
390 303
390 304
390 305
390 306
390 307
390 308
390 309
390 310
390 311
390 312
390 313
390 314
390 315
390 316
390 317
390 318
390 319
390 320
390 321
390 322
390 323
390 324
390 325
390 326
390 327
390 328
390 329
390 330
390 331
390 332
390 333
390 334
390 335
390 336
390 337
390 338
390 339
390 340
390 341
390 342
390 343
390 344
390 345
390 346
390 347
390 348
390 349
390 350
390 351
390 352
390 353
390 354
390 355
390 356
390 357
390 358
390 359
390 360
390 361
390 362
390 363
390 364
390 365
390 366
390 367
390 368
390 369
390 370
390 371
390 372
390 373
390 374
390 375
390 376
390 377
390 378
390 379
390 380
390 381
390 382
390 383
390 384
390 385
390 386
390 387
390 388
390 389
390 390
390 391
390 392
390 393
390 394
390 395
390 396
390 397
390 398
390 399
390 400
390 401
390 402
390 403
390 404
390 405
390 406
390 407
390 408
390 409
390 410
390 411
390 412
390 413
390 414
390 415
390 416
390 417
390 418
390 419
390 420
390 421
390 422
390 423
390 424
390 425
390 426
390 427
390 428
390 429
390 430
390 431
390 432
390 433
390 434
390 435
390 436
390 437
390 438
390 439
390 440
390 441
390 442
390 443
390 444
390 445
390 446
390 447
390 448
390 449
390 450
390 451
390 452
390 453
390 454
390 455
390 456
390 457
390 458
390 459
390 460
390 461
390 462
390 463
390 464
390 465
390 466
390 467
390 468
390 469
390 470
390 471
390 472
390 473
390 474
390 475
390 476
390 477
390 478
390 479
390 480
390 481
390 482
390 483
390 484
390 485
390 486
390 487
390 488
390 489
390 490
390 491
390 492
390 493
390 494
390 495
390 496
390 497
390 498
390 499
390 500
390 501
390 502
390 503
390 504
390 505
390 506
390 507
390 508
390 509
390 510
390 511
390 512
390 513
390 514
390 515
390 516
390 517
390 518
390 519
390 520
390 521
390 522
390 523
390 524
390 525
390 526
390 527
390 528
390 529
390 530
390 531
390 532
390 533
390 534
390 535
390 536
390 537
390 538
390 539
390 540
390 541
390 542
390 543
390 544
390 545
390 546
390 547
390 548
390 549
390 550
390 551
390 552
390 553
390 554
390 555
390 556
390 557
390 558
390 559
390 560
390 561
390 562
390 563
390 564
390 565
390 566
390 567
390 568
390 569
390 570
390 571
390 572
390 573
390 574
390 575
390 576
390 577
390 578
390 579
390 580
390 581
390 582
390 583
390 584
390 585
390 586
390 587
390 588
390 589
390 590
390 591
390 592
390 593
390 594
390 595
390 596
390 597
390 598
390 599
390 600
390 601
390 602
390 603
390 604
390 605
390 606
390 607
390 608
390 609
390 610
390 611
390 612
390 613
390 614
390 615
390 616
390 617
390 618
390 619
390 620
390 621
390 622
390 623
390 624
390 625
390 626
391 627
391 628
392 629
392 630
393 631
394 632
395 633
396 634
397 634
398 635
399 635
400 635
401 636
402 636
403 636
404 636
405 636
406 635
407 635
408 634
409 634
410 633
411 632
412 631
412 630
412 629
411 628
411 627
412 626
413 626
414 626
415 627
416 627
417 627
418 627
419 627
420 627
421 627
422 628
423 628
424 628
425 628
426 628
427 628
428 628
429 629
430 629
431 629
432 629
433 629
434 629
435 629
436 630
437 630
438 630
439 630
440 630
441 630
442 630
443 631
444 631
445 631
446 631
447 631
448 631
449 632
450 632
451 632
452 632
453 632
454 632
455 632
456 633
457 633
458 633
459 633
460 633
461 633
462 633
463 634
464 634
465 634
466 634
467 634
468 634
469 635
470 635
471 635
472 635
473 635
474 635
475 635
476 636
477 636
478 636
479 636
480 636
481 637
482 637
483 637
484 637
485 637
486 637
487 637
488 637
489 638
490 638
491 638
492 638
493 638
494 638
495 638
496 638
497 638
498 638
499 638
500 638
501 638
502 638
503 638
504 638
505 638
506 638
507 638
508 638
509 638
510 638
511 638
512 638
513 638
514 638
515 638
516 638
517 637
518 637
519 637
520 637
521 637
522 637
523 637
524 637
525 637
526 636
527 636
528 636
529 636
530 636
531 636
532 635
533 635
534 635
535 635
536 635
537 634
538 634
539 634
540 634
541 633
542 633
543 633
544 633
545 633
546 632
547 632
548 632
549 631
550 631
551 631
552 631
553 630
554 630
555 630
556 629
557 629
558 629
559 628
560 628
561 628
562 627
563 627
564 627
565 626
566 626
567 626
568 625
569 625
570 624
571 624
572 624
573 623
574 623
575 622
576 622
577 622
578 621
579 621
580 620
581 620
582 619
583 619
584 619
585 618
586 618
587 617
588 617
589 616
590 616
591 615
592 615
593 614
594 614
595 613
596 613
597 612
598 612
599 611
600 611
601 610
602 609
603 609
604 608
605 608
606 607
607 607
608 606
609 605
610 605
611 604
612 604
613 603
614 602
615 602
616 601
617 601
618 600
619 599
620 599
621 598
622 597
623 597
624 596
625 595
626 595
627 594
628 593
629 593
630 592
631 591
632 590
633 590
634 589
635 588
636 587
637 587
638 586
639 585
640 584
641 583
642 583
643 582
644 581
645 580
646 579
647 578
648 577
649 577
650 576
651 575
652 574
653 573
654 572
655 571
656 570
657 569
658 568
659 567
660 566
661 565
662 564
663 563
663 562
664 561
665 560
666 559
667 558
668 557
669 556
670 555
670 554
671 553
672 552
673 551
674 550
674 549
675 548
676 547
677 546
677 545
678 544
679 543
680 542
680 541
681 540
682 539
682 538
683 537
684 536
684 535
685 534
686 533
686 532
687 531
688 530
688 529
689 528
689 527
690 526
691 525
691 524
692 523
692 522
693 521
694 520
694 519
695 518
695 517
696 516
696 515
697 514
697 513
698 512
698 511
699 510
699 509
700 508
700 507
701 506
701 505
702 504
702 503
703 502
703 501
704 500
704 499
705 498
705 497
706 496
706 495
706 494
707 493
707 492
708 491
708 490
709 489
709 488
709 487
710 486
710 485
711 484
711 483
711 482
712 481
712 480
712 479
713 478
713 477
714 476
714 475
714 474
715 473
715 472
715 471
716 470
716 469
716 468
716 467
717 466
717 465
717 464
718 463
718 462
718 461
719 460
719 459
719 458
719 457
720 456
720 455
720 454
720 453
721 452
721 451
721 450
721 449
722 448
722 447
722 446
722 445
722 444
723 443
723 442
723 441
723 440
723 439
724 438
724 437
724 436
724 435
724 434
725 433
725 432
725 431
725 430
725 429
725 428
725 427
726 426
726 425
726 424
726 423
726 422
726 421
726 420
726 419
726 418
727 417
727 416
727 415
727 414
727 413
727 412
727 411
727 410
727 409
727 408
727 407
727 406
727 405
727 404
727 403
727 402
727 401
727 400
727 399
727 398
727 397
727 396
727 395
727 394
727 393
727 392
727 391
727 390
726 389
726 388
726 387
726 386
726 385
726 384
726 383
726 382
726 381
725 380
725 379
725 378
725 377
725 376
725 375
725 374
724 373
724 372
724 371
724 370
724 369
723 368
723 367
723 366
723 365
723 364
722 363
722 362
722 361
722 360
722 359
721 358
721 357
721 356
721 355
720 354
720 353
720 352
720 351
719 350
719 349
719 348
719 347
718 346
718 345
718 344
717 343
717 342
717 341
716 340
716 339
716 338
715 337
715 336
715 335
715 334
714 333
714 332
713 331
713 330
713 329
712 328
712 327
712 326
711 325
711 324
711 323
710 322
710 321
709 320
709 319
709 318
708 317
708 316
707 315
707 314
707 313
706 312
706 311
705 310
705 309
704 308
704 307
703 306
703 305
702 304
702 303
701 302
701 301
701 300
700 299
699 298
699 297
698 296
698 295
697 294
697 293
696 292
696 291
695 290
695 289
694 288
694 287
693 286
692 285
692 284
691 283
691 282
690 281
690 280
689 279
688 278
688 277
687 276
686 275
686 274
685 273
684 272
684 271
683 270
682 269
682 268
681 267
680 266
680 265
679 264
678 263
677 262
677 261
676 260
675 259
674 258
674 257
673 256
672 255
671 254
670 253
670 252
669 251
668 250
667 249
666 248
665 247
664 246
664 245
663 244
662 243
661 242
660 241
659 240
658 239
657 238
656 237
655 236
654 235
653 234
652 233
651 232
650 231
649 230
648 229
647 229
646 228
645 227
644 226
643 225
642 224
641 223
640 223
639 222
638 221
637 220
636 219
635 219
634 218
633 217
632 216
631 216
630 215
629 214
628 214
627 213
626 212
625 212
624 211
623 210
622 210
621 209
620 208
619 208
618 207
617 206
616 206
615 205
614 204
613 204
612 203
611 203
610 202
609 201
608 201
607 200
606 200
605 199
604 199
603 198
602 197
601 197
600 196
599 196
598 195
597 195
596 194
595 194
594 193
593 193
592 192
591 192
590 191
589 191
588 190
587 190
586 189
585 189
584 188
583 188
582 188
581 187
580 187
579 186
578 186
577 185
576 185
575 184
574 184
573 184
572 183
571 183
570 183
569 182
568 182
567 181
566 181
565 181
564 180
563 180
562 180
561 179
560 179
559 179
558 178
557 178
556 178
555 177
554 177
553 177
552 176
551 176
550 176
549 175
548 175
547 175
546 175
545 174
544 174
543 174
542 174
541 173
540 173
539 173
538 173
537 173
536 172
535 172
534 172
533 172
532 172
531 171
530 171
529 171
528 171
527 171
526 171
525 170
524 170
523 170
522 170
521 170
520 170
519 170
518 170
517 169
516 169
515 169
514 169
513 169
512 169
511 169
510 169
509 169
508 169
507 169
506 169
505 169
504 169
503 169
502 169
501 169
500 169
499 169
498 169
497 169
496 169
495 169
494 169
493 169
492 169
491 169
490 169
489 169
488 169
