536 187
535 188
535 189
535 190
535 191
535 192
535 193
535 194
535 195
535 196
535 197
535 198
535 199
535 200
535 201
535 202
535 203
535 204
535 205
535 206
535 207
535 208
535 209
535 210
535 211
535 212
535 213
535 214
535 215
535 216
535 217
535 218
535 219
535 220
535 221
535 222
535 223
535 224
535 225
535 226
535 227
535 228
535 229
535 230
535 231
535 232
535 233
535 234
535 235
535 236
535 237
535 238
535 239
535 240
535 241
535 242
535 243
535 244
535 245
535 246
535 247
535 248
535 249
535 250
535 251
535 252
535 253
535 254
535 255
535 256
535 257
535 258
535 259
535 260
535 261
535 262
535 263
535 264
535 265
535 266
535 267
535 268
535 269
535 270
535 271
535 272
535 273
535 274
535 275
535 276
535 277
535 278
535 279
535 280
535 281
535 282
535 283
535 284
535 285
535 286
535 287
535 288
535 289
535 290
535 291
535 292
535 293
535 294
535 295
535 296
535 297
535 298
535 299
535 300
535 301
535 302
535 303
535 304
535 305
535 306
535 307
535 308
535 309
535 310
535 311
535 312
535 313
535 314
535 315
535 316
535 317
535 318
535 319
535 320
535 321
535 322
535 323
535 324
535 325
535 326
535 327
535 328
535 329
535 330
535 331
535 332
535 333
535 334
535 335
535 336
535 337
535 338
535 339
535 340
535 341
535 342
535 343
535 344
535 345
535 346
535 347
535 348
535 349
535 350
535 351
535 352
535 353
535 354
535 355
535 356
535 357
535 358
535 359
535 360
535 361
535 362
535 363
535 364
535 365
535 366
535 367
535 368
535 369
535 370
535 371
535 372
535 373
535 374
535 375
535 376
535 377
535 378
535 379
535 380
535 381
535 382
535 383
535 384
535 385
535 386
535 387
535 388
535 389
535 390
535 391
535 392
535 393
535 394
535 395
535 396
535 397
535 398
535 399
535 400
535 401
535 402
535 403
535 404
535 405
535 406
535 407
535 408
535 409
535 410
535 411
535 412
535 413
535 414
535 415
535 416
535 417
535 418
535 419
535 420
535 421
535 422
535 423
535 424
535 425
535 426
535 427
535 428
535 429
535 430
535 431
535 432
535 433
535 434
535 435
535 436
535 437
535 438
535 439
535 440
535 441
535 442
535 443
535 444
535 445
535 446
535 447
535 448
535 449
535 450
535 451
535 452
535 453
535 454
535 455
535 456
535 457
535 458
535 459
535 460
535 461
535 462
535 463
535 464
535 465
535 466
535 467
535 468
535 469
535 470
535 471
535 472
535 473
535 474
535 475
535 476
535 477
535 478
535 479
535 480
535 481
535 482
535 483
535 484
535 485
535 486
535 487
535 488
535 489
535 490
535 491
535 492
535 493
535 494
535 495
535 496
535 497
535 498
535 499
535 500
535 501
535 502
535 503
535 504
535 505
535 506
535 507
535 508
535 509
535 510
535 511
535 512
535 513
535 514
535 515
535 516
535 517
535 518
535 519
535 520
535 521
535 522
535 523
535 524
535 525
535 526
535 527
535 528
535 529
535 530
535 531
535 532
535 533
535 534
535 535
535 536
535 537
535 538
535 539
535 540
535 541
535 542
535 543
535 544
535 545
535 546
535 547
535 548
535 549
535 550
535 551
535 552
535 553
535 554
535 555
535 556
535 557
535 558
535 559
535 560
535 561
535 562
535 563
535 564
535 565
535 566
535 567
535 568
535 569
535 570
535 571
535 572
535 573
535 574
535 575
535 576
535 577
535 578
535 579
535 580
535 581
535 582
535 583
535 584
535 585
535 586
535 587
535 588
535 589
535 590
535 591
535 592
536 592
537 592
538 591
539 591
540 590
541 589
542 588
543 587
543 586
544 585
545 584
546 583
547 582
548 581
549 580
549 579
550 578
551 577
552 576
552 575
553 574
554 573
554 572
555 571
556 570
556 569
557 568
558 567
558 566
559 565
559 564
560 563
560 562
561 561
562 560
562 559
563 558
563 557
564 556
564 555
565 554
565 553
566 552
566 551
567 550
567 549
568 548
568 547
569 546
569 545
570 544
570 543
571 542
571 541
572 540
572 539
573 538
573 537
573 536
574 535
574 534
575 533
575 532
575 531
576 530
576 529
577 528
577 527
577 526
578 525
578 524
579 523
579 522
579 521
580 520
580 519
580 518
581 517
581 516
582 515
582 514
582 513
583 512
583 511
583 510
584 509
584 508
584 507
585 506
585 505
585 504
586 503
586 502
586 501
587 500
587 499
587 498
587 497
588 496
588 495
588 494
589 493
589 492
589 491
590 490
590 489
590 488
590 487
591 486
591 485
591 484
591 483
592 482
592 481
592 480
592 479
593 478
593 477
593 476
593 475
594 474
594 473
594 472
594 471
595 470
595 469
595 468
595 467
596 466
596 465
596 464
596 463
596 462
597 461
597 460
597 459
597 458
598 457
598 456
598 455
598 454
598 453
598 452
599 451
599 450
599 449
599 448
599 447
600 446
600 445
600 444
600 443
600 442
601 441
601 440
601 439
601 438
601 437
601 436
601 435
602 434
602 433
602 432
602 431
602 430
602 429
602 428
603 427
603 426
603 425
603 424
603 423
603 422
603 421
603 420
604 419
604 418
604 417
604 416
604 415
604 414
604 413
604 412
604 411
605 410
605 409
605 408
605 407
605 406
605 405
605 404
605 403
605 402
605 401
605 400
605 399
605 398
605 397
605 396
606 395
606 394
606 393
606 392
606 391
606 390
606 389
606 388
606 387
606 386
606 385
606 384
606 383
606 382
606 381
606 380
606 379
606 378
606 377
606 376
606 375
606 374
606 373
606 372
606 371
606 370
606 369
606 368
606 367
605 366
605 365
605 364
605 363
605 362
605 361
605 360
605 359
605 358
605 357
605 356
605 355
605 354
605 353
605 352
605 351
604 350
604 349
604 348
604 347
604 346
604 345
604 344
604 343
604 342
604 341
604 340
603 339
603 338
603 337
603 336
603 335
603 334
603 333
603 332
602 331
602 330
602 329
602 328
602 327
602 326
602 325
601 324
601 323
601 322
601 321
601 320
601 319
601 318
600 317
600 316
600 315
600 314
600 313
599 312
599 311
599 310
599 309
599 308
598 307
598 306
598 305
598 304
598 303
597 302
597 301
597 300
597 299
597 298
596 297
596 296
596 295
596 294
595 293
595 292
595 291
595 290
594 289
594 288
594 287
594 286
593 285
593 284
593 283
592 282
592 281
592 280
592 279
591 278
591 277
591 276
590 275
590 274
590 273
589 272
589 271
589 270
588 269
588 268
588 267
587 266
587 265
587 264
586 263
586 262
586 261
585 260
585 259
584 258
584 257
584 256
583 255
583 254
582 253
582 252
582 251
581 250
581 249
580 248
580 247
579 246
579 245
578 244
578 243
577 242
577 241
576 240
576 239
576 238
575 237
574 236
574 235
573 234
573 233
572 232
572 231
571 230
571 229
570 228
570 227
569 226
568 225
568 224
567 223
567 222
566 221
565 220
565 219
564 218
563 217
563 216
562 215
561 214
561 213
560 212
559 211
558 210
558 209
557 208
556 207
555 206
555 205
554 204
553 203
552 202
551 201
550 200
549 199
548 198
548 197
547 196
546 195
545 194
544 193
543 192
542 191
541 190
540 189
539 189
538 188
537 187
536 187
