499 252
498 253
497 253
496 253
495 253
494 253
493 253
492 254
491 254
490 254
489 254
488 254
487 255
486 255
485 256
484 257
484 258
483 259
483 260
483 261
483 262
483 263
483 264
483 265
483 266
483 267
483 268
483 269
483 270
483 271
483 272
483 273
483 274
483 275
483 276
483 277
483 278
483 279
483 280
483 281
483 282
483 283
483 284
483 285
483 286
483 287
483 288
483 289
483 290
483 291
483 292
483 293
483 294
483 295
483 296
483 297
483 298
483 299
483 300
483 301
483 302
483 303
483 304
483 305
483 306
483 307
483 308
483 309
483 310
483 311
483 312
483 313
483 314
483 315
483 316
483 317
483 318
483 319
483 320
483 321
483 322
483 323
483 324
483 325
483 326
483 327
483 328
483 329
483 330
483 331
483 332
483 333
483 334
483 335
483 336
483 337
483 338
483 339
483 340
483 341
483 342
483 343
483 344
483 345
483 346
483 347
483 348
483 349
483 350
483 351
483 352
483 353
483 354
483 355
483 356
483 357
483 358
483 359
483 360
483 361
483 362
483 363
483 364
483 365
483 366
483 367
483 368
483 369
483 370
483 371
483 372
483 373
483 374
483 375
483 376
483 377
483 378
483 379
483 380
483 381
483 382
483 383
483 384
483 385
483 386
483 387
483 388
483 389
483 390
483 391
483 392
483 393
483 394
483 395
483 396
483 397
483 398
483 399
483 400
483 401
483 402
483 403
483 404
483 405
483 406
483 407
483 408
483 409
483 410
483 411
483 412
483 413
483 414
483 415
483 416
483 417
483 418
483 419
483 420
483 421
483 422
483 423
483 424
483 425
483 426
483 427
483 428
483 429
483 430
483 431
483 432
483 433
483 434
483 435
483 436
483 437
483 438
483 439
483 440
483 441
483 442
483 443
483 444
483 445
483 446
483 447
483 448
483 449
483 450
483 451
483 452
483 453
483 454
483 455
483 456
483 457
483 458
483 459
483 460
483 461
483 462
483 463
483 464
483 465
483 466
483 467
483 468
483 469
483 470
483 471
483 472
483 473
483 474
483 475
483 476
483 477
483 478
483 479
483 480
483 481
483 482
483 483
483 484
483 485
483 486
483 487
483 488
483 489
483 490
483 491
483 492
483 493
483 494
483 495
483 496
483 497
483 498
483 499
483 500
483 501
483 502
483 503
483 504
483 505
483 506
483 507
483 508
483 509
483 510
483 511
483 512
483 513
483 514
483 515
483 516
483 517
483 518
483 519
483 520
483 521
483 522
483 523
483 524
483 525
483 526
483 527
483 528
483 529
483 530
483 531
483 532
483 533
483 534
483 535
483 536
483 537
483 538
483 539
483 540
483 541
483 542
483 543
483 544
483 545
483 546
483 547
483 548
483 549
483 550
483 551
483 552
483 553
483 554
483 555
483 556
483 557
483 558
483 559
483 560
483 561
484 562
484 563
485 564
486 565
487 566
488 566
489 566
490 566
491 567
492 567
493 567
494 567
495 567
496 567
497 567
498 567
499 567
500 567
501 567
502 567
503 567
504 567
505 567
506 567
507 566
508 566
509 566
510 566
511 566
512 566
513 565
514 565
515 565
516 564
517 564
518 564
519 563
520 563
521 563
522 562
523 562
524 561
525 561
526 560
527 560
528 559
529 559
530 558
531 558
532 557
533 557
534 556
535 555
536 555
537 554
538 554
539 553
540 552
541 552
542 551
543 550
544 550
545 549
546 548
547 548
548 547
549 546
550 545
551 545
552 544
553 543
554 542
555 541
556 541
557 540
558 539
559 538
560 537
561 536
562 535
563 534
564 533
565 532
566 531
567 530
568 529
569 528
570 527
571 526
572 525
573 524
573 523
574 522
575 521
576 520
577 519
577 518
578 517
579 516
580 515
580 514
581 513
582 512
583 511
583 510
584 509
585 508
585 507
586 506
586 505
587 504
588 503
588 502
589 501
590 500
590 499
591 498
591 497
592 496
592 495
593 494
593 493
594 492
594 491
595 490
595 489
596 488
596 487
597 486
597 485
598 484
598 483
599 482
599 481
600 480
600 479
600 478
601 477
601 476
602 475
602 474
602 473
603 472
603 471
604 470
604 469
604 468
605 467
605 466
605 465
606 464
606 463
606 462
607 461
607 460
607 459
607 458
608 457
608 456
608 455
609 454
609 453
609 452
609 451
610 450
610 449
610 448
610 447
611 446
611 445
611 444
611 443
611 442
612 441
612 440
612 439
612 438
612 437
613 436
613 435
613 434
613 433
613 432
613 431
613 430
614 429
614 428
614 427
614 426
614 425
614 424
614 423
614 422
614 421
614 420
615 419
615 418
615 417
615 416
615 415
615 414
615 413
615 412
615 411
615 410
615 409
615 408
615 407
615 406
615 405
615 404
615 403
615 402
615 401
615 400
615 399
615 398
615 397
614 396
614 395
614 394
614 393
614 392
614 391
614 390
614 389
614 388
613 387
613 386
613 385
613 384
613 383
613 382
612 381
612 380
612 379
612 378
612 377
612 376
611 375
611 374
611 373
611 372
610 371
610 370
610 369
610 368
609 367
609 366
609 365
609 364
608 363
608 362
608 361
608 360
607 359
607 358
607 357
606 356
606 355
606 354
605 353
605 352
605 351
604 350
604 349
604 348
603 347
603 346
603 345
602 344
602 343
602 342
601 341
601 340
600 339
600 338
599 337
599 336
599 335
598 334
598 333
597 332
597 331
596 330
596 329
595 328
595 327
595 326
594 325
594 324
593 323
593 322
592 321
592 320
591 319
590 318
590 317
589 316
589 315
588 314
588 313
587 312
586 311
586 310
585 309
585 308
584 307
583 306
583 305
582 304
581 303
581 302
580 301
579 300
579 299
578 298
577 297
576 296
576 295
575 294
574 293
573 292
573 291
572 290
571 289
570 288
569 287
568 286
567 285
567 284
566 283
565 282
564 281
563 280
562 279
561 278
560 277
559 276
558 276
557 275
556 274
555 273
554 272
553 271
552 270
551 270
550 269
549 268
548 267
547 267
546 266
545 265
544 265
543 264
542 263
541 263
540 262
539 262
538 261
537 260
536 260
535 259
534 259
533 258
532 258
531 257
530 257
529 257
528 256
527 256
526 255
525 255
524 255
523 254
522 254
521 254
520 253
519 253
518 253
517 253
516 253
515 253
514 252
513 252
512 252
511 252
510 252
509 252
508 252
507 252
506 252
505 252
504 252
503 252
502 252
501 252
500 252
499 252
