484 208
484 209
483 210
483 211
483 212
483 213
483 214
483 215
483 216
483 217
483 218
483 219
483 220
483 221
483 222
483 223
483 224
483 225
483 226
483 227
483 228
483 229
483 230
483 231
483 232
483 233
483 234
483 235
483 236
483 237
483 238
483 239
483 240
483 241
483 242
483 243
483 244
483 245
483 246
483 247
483 248
483 249
483 250
483 251
483 252
483 253
483 254
483 255
483 256
483 257
483 258
483 259
483 260
483 261
483 262
483 263
483 264
483 265
483 266
483 267
483 268
483 269
483 270
483 271
483 272
483 273
483 274
483 275
483 276
483 277
483 278
483 279
483 280
483 281
483 282
483 283
483 284
483 285
483 286
483 287
483 288
483 289
483 290
483 291
483 292
483 293
483 294
483 295
483 296
483 297
483 298
483 299
483 300
483 301
483 302
483 303
483 304
483 305
483 306
483 307
483 308
483 309
483 310
483 311
483 312
483 313
483 314
483 315
483 316
483 317
483 318
483 319
483 320
483 321
483 322
483 323
483 324
483 325
483 326
483 327
483 328
483 329
483 330
483 331
483 332
483 333
483 334
483 335
483 336
483 337
483 338
483 339
483 340
483 341
483 342
483 343
483 344
483 345
483 346
483 347
483 348
483 349
483 350
483 351
483 352
483 353
483 354
483 355
483 356
483 357
483 358
483 359
483 360
483 361
483 362
483 363
483 364
483 365
483 366
483 367
483 368
483 369
483 370
483 371
483 372
483 373
483 374
483 375
483 376
483 377
483 378
483 379
483 380
483 381
483 382
483 383
483 384
483 385
483 386
483 387
483 388
483 389
483 390
483 391
483 392
483 393
483 394
483 395
483 396
483 397
483 398
483 399
483 400
483 401
483 402
483 403
483 404
483 405
483 406
483 407
483 408
483 409
483 410
483 411
483 412
483 413
483 414
483 415
483 416
483 417
483 418
483 419
483 420
483 421
483 422
483 423
483 424
483 425
483 426
483 427
483 428
483 429
483 430
483 431
483 432
483 433
483 434
483 435
483 436
483 437
483 438
483 439
483 440
483 441
483 442
483 443
483 444
483 445
483 446
483 447
483 448
483 449
483 450
483 451
483 452
483 453
483 454
483 455
483 456
483 457
483 458
483 459
483 460
483 461
483 462
483 463
483 464
483 465
483 466
483 467
483 468
483 469
483 470
483 471
483 472
483 473
483 474
483 475
483 476
483 477
483 478
483 479
483 480
483 481
483 482
483 483
483 484
483 485
483 486
483 487
483 488
483 489
483 490
483 491
483 492
483 493
483 494
483 495
483 496
483 497
483 498
483 499
483 500
483 501
483 502
483 503
483 504
483 505
483 506
483 507
483 508
483 509
483 510
483 511
483 512
483 513
483 514
483 515
483 516
483 517
483 518
483 519
483 520
483 521
483 522
483 523
483 524
483 525
483 526
483 527
483 528
483 529
483 530
483 531
483 532
483 533
483 534
483 535
483 536
483 537
483 538
483 539
483 540
483 541
483 542
483 543
483 544
483 545
483 546
483 547
483 548
483 549
483 550
483 551
483 552
483 553
483 554
483 555
483 556
483 557
483 558
483 559
483 560
483 561
483 562
483 563
483 564
483 565
483 566
483 567
483 568
483 569
483 570
483 571
483 572
483 573
483 574
483 575
483 576
483 577
483 578
483 579
483 580
483 581
483 582
483 583
483 584
483 585
483 586
483 587
483 588
483 589
483 590
483 591
483 592
483 593
483 594
483 595
483 596
483 597
483 598
483 599
483 600
483 601
483 602
483 603
483 604
483 605
483 606
483 607
484 608
485 609
486 608
487 608
488 607
489 607
490 606
491 606
492 605
493 605
494 604
495 604
496 603
497 603
498 602
499 601
500 601
501 600
502 600
503 599
504 598
505 598
506 597
507 597
508 596
509 595
510 595
511 594
512 593
513 593
514 592
515 591
516 590
517 590
518 589
519 588
520 587
521 587
522 586
523 585
524 584
525 583
526 583
527 582
528 581
529 580
530 579
531 578
532 577
533 576
534 576
535 575
536 574
537 573
538 572
539 571
540 570
541 569
542 568
543 567
544 566
545 565
546 564
547 563
547 562
548 561
549 560
550 559
551 558
552 557
553 556
554 555
555 554
555 553
556 552
557 551
558 550
559 549
559 548
560 547
561 546
562 545
563 544
563 543
564 542
565 541
566 540
566 539
567 538
568 537
568 536
569 535
570 534
571 533
571 532
572 531
573 530
573 529
574 528
575 527
575 526
576 525
576 524
577 523
578 522
578 521
579 520
580 519
580 518
581 517
581 516
582 515
583 514
583 513
584 512
584 511
585 510
585 509
586 508
586 507
587 506
588 505
588 504
589 503
589 502
590 501
590 500
591 499
591 498
592 497
592 496
593 495
593 494
594 493
594 492
594 491
595 490
595 489
596 488
596 487
597 486
597 485
598 484
598 483
598 482
599 481
599 480
600 479
600 478
600 477
601 476
601 475
602 474
602 473
602 472
603 471
603 470
604 469
604 468
604 467
605 466
605 465
605 464
606 463
606 462
606 461
607 460
607 459
607 458
607 457
608 456
608 455
608 454
609 453
609 452
609 451
609 450
610 449
610 448
610 447
610 446
611 445
611 444
611 443
611 442
612 441
612 440
612 439
612 438
612 437
613 436
613 435
613 434
613 433
613 432
613 431
614 430
614 429
614 428
614 427
614 426
614 425
614 424
614 423
615 422
615 421
615 420
615 419
615 418
615 417
615 416
615 415
615 414
615 413
615 412
615 411
615 410
615 409
615 408
615 407
615 406
615 405
615 404
615 403
615 402
615 401
615 400
615 399
615 398
615 397
614 396
614 395
614 394
614 393
614 392
614 391
614 390
614 389
614 388
613 387
613 386
613 385
613 384
613 383
613 382
613 381
612 380
612 379
612 378
612 377
612 376
611 375
611 374
611 373
611 372
611 371
610 370
610 369
610 368
610 367
610 366
609 365
609 364
609 363
609 362
608 361
608 360
608 359
607 358
607 357
607 356
607 355
606 354
606 353
606 352
605 351
605 350
605 349
604 348
604 347
604 346
603 345
603 344
603 343
602 342
602 341
602 340
601 339
601 338
601 337
600 336
600 335
599 334
599 333
599 332
598 331
598 330
597 329
597 328
597 327
596 326
596 325
595 324
595 323
594 322
594 321
593 320
593 319
592 318
592 317
591 316
591 315
590 314
590 313
590 312
589 311
588 310
588 309
587 308
587 307
586 306
586 305
585 304
585 303
584 302
584 301
583 300
582 299
582 298
581 297
581 296
580 295
579 294
579 293
578 292
577 291
577 290
576 289
576 288
575 287
574 286
574 285
573 284
572 283
571 282
571 281
570 280
569 279
569 278
568 277
567 276
566 275
566 274
565 273
564 272
563 271
562 270
562 269
561 268
560 267
559 266
558 265
558 264
557 263
556 262
555 261
554 260
553 259
552 258
551 257
550 256
549 255
549 254
548 253
547 252
546 251
545 250
544 249
543 248
542 247
541 246
540 246
539 245
538 244
537 243
536 242
535 241
534 240
533 239
532 238
531 237
530 237
529 236
528 235
527 234
526 233
525 233
524 232
523 231
522 230
521 230
520 229
519 228
518 227
517 227
516 226
515 225
514 225
513 224
512 223
511 222
510 222
509 221
508 220
507 220
506 219
505 219
504 218
503 217
502 217
501 216
500 216
499 215
498 214
497 214
496 213
495 213
494 212
493 212
492 211
491 211
490 210
489 210
488 209
487 209
486 208
485 208
484 208
