483 247
483 248
483 249
483 250
483 251
483 252
483 253
483 254
483 255
483 256
483 257
483 258
483 259
483 260
483 261
483 262
483 263
483 264
483 265
483 266
483 267
483 268
483 269
483 270
483 271
483 272
483 273
483 274
483 275
483 276
483 277
483 278
483 279
483 280
483 281
483 282
483 283
483 284
483 285
483 286
483 287
483 288
483 289
483 290
483 291
483 292
483 293
483 294
483 295
483 296
483 297
483 298
483 299
483 300
483 301
483 302
483 303
483 304
483 305
483 306
483 307
483 308
483 309
483 310
483 311
483 312
483 313
483 314
483 315
483 316
483 317
483 318
483 319
483 320
483 321
483 322
483 323
483 324
483 325
483 326
483 327
483 328
483 329
483 330
483 331
483 332
483 333
483 334
483 335
483 336
483 337
483 338
483 339
483 340
483 341
483 342
483 343
483 344
483 345
483 346
483 347
483 348
483 349
483 350
483 351
483 352
483 353
483 354
483 355
483 356
483 357
483 358
483 359
483 360
483 361
483 362
483 363
483 364
483 365
483 366
483 367
483 368
483 369
483 370
483 371
483 372
483 373
483 374
483 375
483 376
483 377
483 378
483 379
483 380
483 381
483 382
483 383
483 384
483 385
483 386
483 387
483 388
483 389
483 390
483 391
483 392
483 393
483 394
483 395
483 396
483 397
483 398
483 399
483 400
483 401
483 402
483 403
483 404
483 405
483 406
483 407
483 408
483 409
483 410
483 411
483 412
483 413
483 414
483 415
483 416
483 417
483 418
483 419
483 420
483 421
483 422
483 423
483 424
483 425
483 426
483 427
483 428
483 429
483 430
483 431
483 432
483 433
483 434
483 435
483 436
483 437
483 438
483 439
483 440
483 441
483 442
483 443
483 444
483 445
483 446
483 447
483 448
483 449
483 450
483 451
483 452
483 453
483 454
483 455
483 456
483 457
483 458
483 459
483 460
483 461
483 462
483 463
483 464
483 465
483 466
483 467
483 468
483 469
483 470
483 471
483 472
483 473
483 474
483 475
483 476
483 477
483 478
483 479
483 480
483 481
483 482
483 483
483 484
483 485
483 486
483 487
483 488
483 489
483 490
483 491
483 492
483 493
483 494
483 495
483 496
483 497
483 498
483 499
483 500
483 501
483 502
483 503
483 504
483 505
483 506
483 507
483 508
483 509
483 510
483 511
483 512
483 513
483 514
483 515
483 516
483 517
483 518
483 519
483 520
483 521
483 522
483 523
483 524
483 525
483 526
483 527
483 528
483 529
483 530
483 531
483 532
483 533
483 534
483 535
483 536
483 537
483 538
483 539
483 540
483 541
483 542
483 543
483 544
483 545
483 546
483 547
483 548
483 549
483 550
483 551
483 552
484 552
485 552
486 552
487 551
488 551
489 551
490 550
491 550
492 549
493 549
494 548
495 548
496 547
497 547
498 546
499 546
500 545
501 545
502 544
503 544
504 543
505 543
506 542
507 542
508 541
509 541
510 540
511 540
512 539
513 539
514 538
515 537
516 537
517 536
518 536
519 535
520 534
521 534
522 533
523 533
524 532
525 531
526 531
527 530
528 529
529 529
530 528
531 527
532 526
533 526
534 525
535 524
536 523
537 523
538 522
539 521
540 520
541 519
542 518
543 518
544 517
545 516
546 515
547 514
548 513
549 512
550 511
551 510
552 509
553 508
554 507
555 506
556 505
557 504
558 503
558 502
559 501
560 500
561 499
562 498
562 497
563 496
564 495
565 494
565 493
566 492
567 491
567 490
568 489
569 488
569 487
570 486
570 485
571 484
572 483
572 482
573 481
573 480
574 479
574 478
575 477
575 476
576 475
576 474
577 473
577 472
578 471
578 470
578 469
579 468
579 467
580 466
580 465
580 464
581 463
581 462
581 461
582 460
582 459
582 458
583 457
583 456
583 455
584 454
584 453
584 452
585 451
585 450
585 449
585 448
586 447
586 446
586 445
586 444
586 443
587 442
587 441
587 440
587 439
587 438
588 437
588 436
588 435
588 434
588 433
588 432
589 431
589 430
589 429
589 428
589 427
589 426
589 425
589 424
589 423
590 422
590 421
590 420
590 419
590 418
590 417
590 416
590 415
590 414
590 413
590 412
590 411
590 410
590 409
590 408
590 407
590 406
590 405
590 404
590 403
590 402
590 401
590 400
590 399
590 398
590 397
590 396
590 395
590 394
590 393
590 392
590 391
590 390
590 389
590 388
590 387
590 386
590 385
590 384
590 383
590 382
590 381
590 380
589 379
589 378
589 377
589 376
589 375
589 374
589 373
589 372
589 371
589 370
588 369
588 368
588 367
588 366
588 365
588 364
588 363
587 362
587 361
587 360
587 359
587 358
587 357
586 356
586 355
586 354
586 353
586 352
585 351
585 350
585 349
585 348
584 347
584 346
584 345
584 344
583 343
583 342
583 341
582 340
582 339
582 338
581 337
581 336
581 335
580 334
580 333
580 332
579 331
579 330
578 329
578 328
578 327
577 326
577 325
576 324
576 323
575 322
575 321
574 320
574 319
573 318
573 317
572 316
571 315
571 314
570 313
570 312
569 311
568 310
567 309
567 308
566 307
565 306
565 305
564 304
563 303
562 302
561 301
561 300
560 299
559 298
558 297
557 296
556 295
555 294
554 293
553 292
552 291
551 290
550 289
549 288
548 287
547 286
546 285
545 285
544 284
543 283
542 282
541 281
540 281
539 280
538 279
537 278
536 278
535 277
534 276
533 275
532 275
531 274
530 273
529 273
528 272
527 271
526 271
525 270
524 269
523 269
522 268
521 267
520 267
519 266
518 266
517 265
516 264
515 264
514 263
513 263
512 262
511 261
510 261
509 260
508 260
507 259
506 259
505 258
504 257
503 257
502 256
501 256
500 255
499 255
498 254
497 254
496 253
495 252
494 252
493 251
492 251
491 250
490 250
489 249
488 249
487 248
486 248
485 247
484 247
483 247
