466 210
465 211
465 212
465 213
465 214
465 215
465 216
465 217
465 218
465 219
465 220
465 221
465 222
465 223
465 224
465 225
465 226
465 227
465 228
465 229
465 230
465 231
465 232
465 233
465 234
465 235
465 236
465 237
465 238
465 239
465 240
465 241
465 242
465 243
465 244
465 245
465 246
465 247
465 248
465 249
465 250
465 251
465 252
465 253
465 254
465 255
465 256
465 257
465 258
465 259
465 260
465 261
465 262
465 263
465 264
465 265
465 266
465 267
465 268
465 269
465 270
465 271
465 272
465 273
465 274
465 275
465 276
465 277
465 278
465 279
465 280
465 281
465 282
465 283
465 284
465 285
465 286
465 287
465 288
465 289
465 290
465 291
465 292
465 293
465 294
465 295
465 296
465 297
465 298
465 299
465 300
465 301
465 302
465 303
465 304
465 305
465 306
465 307
465 308
465 309
465 310
465 311
465 312
465 313
465 314
465 315
465 316
465 317
465 318
465 319
465 320
465 321
465 322
465 323
465 324
465 325
465 326
465 327
465 328
465 329
465 330
465 331
465 332
465 333
465 334
465 335
465 336
465 337
465 338
465 339
465 340
465 341
465 342
465 343
465 344
465 345
465 346
465 347
465 348
465 349
465 350
465 351
465 352
465 353
465 354
465 355
465 356
465 357
465 358
465 359
465 360
465 361
465 362
465 363
465 364
465 365
465 366
465 367
465 368
465 369
465 370
465 371
465 372
465 373
465 374
465 375
465 376
465 377
465 378
465 379
465 380
465 381
465 382
465 383
465 384
465 385
465 386
465 387
465 388
465 389
465 390
465 391
465 392
465 393
465 394
465 395
465 396
465 397
465 398
465 399
465 400
465 401
465 402
465 403
465 404
465 405
465 406
465 407
465 408
465 409
465 410
465 411
465 412
465 413
465 414
465 415
465 416
465 417
465 418
465 419
465 420
465 421
465 422
465 423
465 424
465 425
465 426
465 427
465 428
465 429
465 430
465 431
465 432
465 433
465 434
465 435
465 436
465 437
465 438
465 439
465 440
465 441
465 442
465 443
465 444
465 445
465 446
465 447
465 448
465 449
465 450
465 451
465 452
465 453
465 454
465 455
465 456
465 457
465 458
465 459
465 460
465 461
465 462
465 463
465 464
465 465
465 466
465 467
465 468
465 469
465 470
465 471
465 472
465 473
465 474
465 475
465 476
465 477
465 478
465 479
465 480
465 481
465 482
465 483
465 484
465 485
465 486
465 487
465 488
465 489
465 490
465 491
465 492
465 493
465 494
465 495
465 496
465 497
465 498
465 499
465 500
465 501
465 502
465 503
465 504
465 505
465 506
465 507
465 508
465 509
465 510
465 511
465 512
465 513
465 514
465 515
465 516
465 517
465 518
465 519
465 520
465 521
465 522
465 523
465 524
465 525
465 526
465 527
465 528
465 529
465 530
465 531
465 532
465 533
465 534
465 535
465 536
465 537
465 538
465 539
465 540
465 541
465 542
465 543
465 544
465 545
465 546
465 547
465 548
465 549
465 550
465 551
465 552
465 553
465 554
465 555
465 556
465 557
465 558
465 559
465 560
465 561
465 562
465 563
465 564
465 565
465 566
465 567
465 568
465 569
465 570
465 571
465 572
465 573
465 574
465 575
465 576
465 577
465 578
465 579
465 580
465 581
465 582
465 583
465 584
465 585
465 586
466 586
467 586
468 586
469 586
470 586
471 586
472 586
473 586
474 586
475 586
476 586
477 586
478 586
479 586
480 586
481 585
482 585
483 585
484 585
485 585
486 585
487 585
488 585
489 584
490 584
491 584
492 584
493 584
494 583
495 583
496 583
497 583
498 583
499 582
500 582
501 582
502 582
503 581
504 581
505 581
506 580
507 580
508 580
509 580
510 579
511 579
512 578
513 578
514 578
515 577
516 577
517 577
518 576
519 576
520 575
521 575
522 575
523 574
524 574
525 573
526 573
527 572
528 572
529 571
530 571
531 570
532 570
533 569
534 569
535 568
536 568
537 567
538 567
539 566
540 566
541 565
542 564
543 564
544 563
545 563
546 562
547 561
548 561
549 560
550 559
551 559
552 558
553 557
554 556
555 556
556 555
557 554
558 553
559 553
560 552
561 551
562 550
563 550
564 549
565 548
566 547
567 546
568 545
569 544
570 544
571 543
572 542
573 541
574 540
575 539
576 538
577 537
578 536
579 535
580 534
581 533
582 532
583 531
584 530
584 529
585 528
586 527
587 526
588 525
589 524
590 523
590 522
591 521
592 520
593 519
594 518
594 517
595 516
596 515
597 514
597 513
598 512
599 511
600 510
600 509
601 508
602 507
602 506
603 505
604 504
604 503
605 502
606 501
606 500
607 499
608 498
608 497
609 496
609 495
610 494
610 493
611 492
612 491
612 490
613 489
613 488
614 487
614 486
615 485
615 484
616 483
616 482
617 481
617 480
618 479
618 478
619 477
619 476
620 475
620 474
621 473
621 472
621 471
622 470
622 469
623 468
623 467
624 466
624 465
624 464
625 463
625 462
625 461
626 460
626 459
626 458
627 457
627 456
627 455
628 454
628 453
628 452
629 451
629 450
629 449
630 448
630 447
630 446
630 445
631 444
631 443
631 442
632 441
632 440
632 439
632 438
632 437
633 436
633 435
633 434
633 433
633 432
634 431
634 430
634 429
634 428
634 427
635 426
635 425
635 424
635 423
635 422
635 421
635 420
635 419
636 418
636 417
636 416
636 415
636 414
636 413
636 412
636 411
636 410
636 409
636 408
636 407
636 406
636 405
636 404
636 403
636 402
636 401
636 400
636 399
636 398
636 397
636 396
636 395
636 394
636 393
636 392
636 391
636 390
636 389
636 388
636 387
636 386
636 385
636 384
636 383
635 382
635 381
635 380
635 379
635 378
635 377
635 376
635 375
635 374
634 373
634 372
634 371
634 370
634 369
634 368
633 367
633 366
633 365
633 364
633 363
632 362
632 361
632 360
632 359
632 358
631 357
631 356
631 355
631 354
630 353
630 352
630 351
630 350
629 349
629 348
629 347
628 346
628 345
628 344
628 343
627 342
627 341
627 340
626 339
626 338
626 337
625 336
625 335
624 334
624 333
624 332
623 331
623 330
623 329
622 328
622 327
621 326
621 325
620 324
620 323
620 322
619 321
619 320
618 319
618 318
617 317
617 316
616 315
616 314
615 313
615 312
614 311
614 310
613 309
613 308
612 307
611 306
611 305
610 304
610 303
609 302
608 301
608 300
607 299
607 298
606 297
605 296
605 295
604 294
603 293
603 292
602 291
601 290
600 289
600 288
599 287
598 286
598 285
597 284
596 283
595 282
594 281
594 280
593 279
592 278
591 277
590 276
589 275
588 274
588 273
587 272
586 271
585 270
584 269
583 268
582 267
581 266
580 265
579 264
578 263
577 262
576 261
575 260
574 259
573 258
572 257
571 256
570 256
569 255
568 254
567 253
566 252
565 251
564 251
563 250
562 249
561 248
560 247
559 247
558 246
557 245
556 244
555 244
554 243
553 242
552 242
551 241
550 240
549 239
548 239
547 238
546 237
545 237
544 236
543 236
542 235
541 234
540 234
539 233
538 233
537 232
536 231
535 231
534 230
533 230
532 229
531 229
530 228
529 228
528 227
527 227
526 226
525 226
524 225
523 225
522 224
521 224
520 223
519 223
518 222
517 222
516 222
515 221
514 221
513 220
512 220
511 220
510 219
509 219
508 219
507 218
506 218
505 217
504 217
503 217
502 217
501 216
500 216
499 216
498 215
497 215
496 215
495 214
494 214
493 214
492 214
491 213
490 213
489 213
488 213
487 213
486 212
485 212
484 212
483 212
482 212
481 212
480 211
479 211
478 211
477 211
476 211
475 211
474 211
473 211
472 211
471 210
470 210
469 210
468 210
467 210
466 210
