451 275
450 276
449 276
448 276
447 276
446 276
446 277
446 278
446 279
446 280
446 281
446 282
446 283
446 284
446 285
446 286
446 287
446 288
446 289
446 290
446 291
446 292
446 293
446 294
446 295
446 296
446 297
446 298
446 299
446 300
446 301
446 302
446 303
446 304
446 305
446 306
446 307
446 308
446 309
446 310
446 311
446 312
446 313
446 314
446 315
446 316
446 317
446 318
446 319
446 320
446 321
446 322
446 323
446 324
446 325
446 326
446 327
446 328
446 329
446 330
446 331
446 332
446 333
446 334
446 335
446 336
446 337
446 338
446 339
446 340
446 341
446 342
446 343
446 344
446 345
446 346
446 347
446 348
446 349
446 350
446 351
446 352
446 353
446 354
446 355
446 356
446 357
446 358
446 359
446 360
446 361
446 362
446 363
446 364
446 365
446 366
446 367
446 368
446 369
446 370
446 371
446 372
446 373
446 374
446 375
446 376
446 377
446 378
446 379
446 380
446 381
446 382
446 383
446 384
446 385
446 386
446 387
446 388
446 389
446 390
446 391
446 392
446 393
446 394
446 395
446 396
446 397
446 398
446 399
446 400
446 401
446 402
446 403
446 404
446 405
446 406
446 407
446 408
446 409
446 410
446 411
446 412
446 413
446 414
446 415
446 416
446 417
446 418
446 419
446 420
446 421
446 422
446 423
446 424
446 425
446 426
446 427
446 428
446 429
446 430
446 431
446 432
446 433
446 434
446 435
446 436
446 437
446 438
446 439
446 440
446 441
446 442
446 443
446 444
446 445
446 446
446 447
446 448
446 449
446 450
446 451
446 452
446 453
446 454
446 455
446 456
446 457
446 458
446 459
446 460
446 461
446 462
446 463
446 464
446 465
446 466
446 467
446 468
446 469
446 470
446 471
446 472
446 473
446 474
446 475
446 476
446 477
446 478
446 479
446 480
446 481
446 482
446 483
446 484
446 485
446 486
446 487
446 488
446 489
446 490
446 491
446 492
446 493
446 494
446 495
446 496
446 497
446 498
446 499
446 500
446 501
446 502
446 503
446 504
446 505
446 506
446 507
446 508
446 509
447 509
448 510
449 510
450 510
451 510
452 510
453 510
454 510
455 510
456 510
457 510
458 510
459 510
460 510
461 510
462 510
463 510
464 510
465 510
466 510
467 510
468 510
469 510
470 510
471 510
472 510
473 510
474 510
475 510
476 509
477 509
478 509
479 509
480 509
481 509
482 509
483 508
484 508
485 508
486 508
487 508
488 507
489 507
490 507
491 507
492 506
493 506
494 506
495 506
496 505
497 505
498 505
499 504
500 504
501 504
502 503
503 503
504 503
505 502
506 502
507 501
508 501
509 501
510 500
511 500
512 499
513 499
514 498
515 498
516 497
517 497
518 496
519 496
520 495
521 494
522 494
523 493
524 493
525 492
526 491
527 491
528 490
529 489
530 489
531 488
532 487
533 487
534 486
535 485
536 484
537 483
538 483
539 482
540 481
541 480
542 479
543 478
544 477
545 476
546 475
547 474
548 473
549 472
550 471
551 470
552 469
553 468
553 467
554 466
555 465
556 464
556 463
557 462
558 461
559 460
559 459
560 458
561 457
561 456
562 455
563 454
563 453
564 452
564 451
565 450
565 449
566 448
567 447
567 446
567 445
568 444
568 443
569 442
569 441
570 440
570 439
571 438
571 437
572 436
572 435
572 434
573 433
573 432
573 431
574 430
574 429
574 428
575 427
575 426
575 425
576 424
576 423
576 422
576 421
577 420
577 419
577 418
577 417
577 416
578 415
578 414
578 413
578 412
578 411
579 410
579 409
579 408
579 407
579 406
579 405
579 404
579 403
579 402
579 401
580 400
580 399
580 398
580 397
580 396
580 395
580 394
580 393
580 392
580 391
580 390
580 389
580 388
580 387
580 386
580 385
579 384
579 383
579 382
579 381
579 380
579 379
579 378
579 377
579 376
578 375
578 374
578 373
578 372
578 371
578 370
577 369
577 368
577 367
577 366
576 365
576 364
576 363
576 362
575 361
575 360
575 359
575 358
574 357
574 356
574 355
573 354
573 353
573 352
572 351
572 350
571 349
571 348
571 347
570 346
570 345
569 344
569 343
568 342
568 341
567 340
567 339
566 338
566 337
565 336
565 335
564 334
564 333
563 332
562 331
562 330
561 329
560 328
560 327
559 326
558 325
558 324
557 323
556 322
555 321
555 320
554 319
553 318
552 317
551 316
551 315
550 314
549 313
548 312
547 311
546 310
545 309
544 308
543 307
542 306
541 305
540 304
539 304
538 303
537 302
536 301
535 300
534 299
533 299
532 298
531 297
530 297
529 296
528 295
527 294
526 294
525 293
524 293
523 292
522 291
521 291
520 290
519 290
518 289
517 289
516 288
515 288
514 287
513 287
512 286
511 286
510 285
509 285
508 284
507 284
506 284
505 283
504 283
503 282
502 282
501 282
500 281
499 281
498 281
497 280
496 280
495 280
494 279
493 279
492 279
491 279
490 278
489 278
488 278
487 278
486 277
485 277
484 277
483 277
482 277
481 277
480 276
479 276
478 276
477 276
476 276
475 276
474 276
473 275
472 275
471 275
470 275
469 275
468 275
467 275
466 275
465 275
464 275
463 275
462 275
461 275
460 275
459 275
458 275
457 275
456 275
455 275
454 275
453 275
452 275
451 275
