491 214
491 215
491 216
491 217
491 218
491 219
491 220
491 221
491 222
491 223
491 224
491 225
491 226
491 227
491 228
491 229
491 230
491 231
491 232
491 233
491 234
491 235
491 236
491 237
491 238
491 239
491 240
491 241
491 242
491 243
491 244
491 245
491 246
491 247
491 248
491 249
491 250
491 251
491 252
491 253
491 254
491 255
491 256
491 257
491 258
491 259
491 260
491 261
491 262
491 263
491 264
491 265
491 266
491 267
491 268
491 269
491 270
491 271
491 272
491 273
491 274
491 275
491 276
491 277
491 278
491 279
491 280
491 281
491 282
491 283
491 284
491 285
491 286
491 287
491 288
491 289
491 290
491 291
491 292
491 293
491 294
491 295
491 296
491 297
491 298
491 299
491 300
491 301
491 302
491 303
491 304
491 305
491 306
491 307
491 308
491 309
491 310
491 311
491 312
491 313
491 314
491 315
491 316
491 317
491 318
491 319
491 320
491 321
491 322
491 323
491 324
491 325
491 326
491 327
491 328
491 329
491 330
491 331
491 332
491 333
491 334
491 335
491 336
491 337
491 338
491 339
491 340
491 341
491 342
491 343
491 344
491 345
491 346
491 347
491 348
491 349
491 350
491 351
491 352
491 353
491 354
491 355
491 356
491 357
491 358
491 359
491 360
491 361
491 362
491 363
491 364
491 365
491 366
491 367
491 368
491 369
491 370
491 371
491 372
491 373
491 374
491 375
491 376
491 377
491 378
491 379
491 380
491 381
491 382
491 383
491 384
491 385
491 386
491 387
491 388
491 389
491 390
491 391
491 392
491 393
491 394
491 395
491 396
491 397
491 398
491 399
491 400
491 401
491 402
491 403
491 404
491 405
491 406
491 407
491 408
491 409
491 410
491 411
491 412
491 413
491 414
491 415
491 416
491 417
491 418
491 419
491 420
491 421
491 422
491 423
491 424
491 425
491 426
491 427
491 428
491 429
491 430
491 431
491 432
491 433
491 434
491 435
491 436
491 437
491 438
491 439
491 440
491 441
491 442
491 443
491 444
491 445
491 446
491 447
491 448
491 449
491 450
491 451
491 452
491 453
491 454
491 455
491 456
491 457
491 458
491 459
491 460
491 461
491 462
491 463
491 464
491 465
491 466
491 467
491 468
491 469
491 470
491 471
491 472
491 473
491 474
491 475
491 476
491 477
491 478
491 479
491 480
491 481
491 482
491 483
491 484
491 485
491 486
491 487
491 488
491 489
491 490
491 491
491 492
491 493
491 494
491 495
491 496
491 497
491 498
491 499
491 500
491 501
491 502
491 503
491 504
491 505
491 506
491 507
491 508
491 509
491 510
491 511
491 512
491 513
491 514
491 515
491 516
491 517
491 518
491 519
491 520
491 521
491 522
491 523
491 524
491 525
491 526
491 527
491 528
491 529
491 530
491 531
491 532
491 533
491 534
491 535
491 536
491 537
491 538
491 539
491 540
491 541
491 542
491 543
491 544
491 545
491 546
491 547
491 548
491 549
491 550
491 551
491 552
491 553
491 554
491 555
491 556
491 557
491 558
491 559
491 560
491 561
491 562
491 563
491 564
491 565
491 566
491 567
491 568
491 569
491 570
491 571
491 572
491 573
491 574
491 575
491 576
491 577
491 578
491 579
491 580
491 581
491 582
491 583
491 584
491 585
491 586
491 587
491 588
491 589
491 590
491 591
491 592
491 593
491 594
492 594
493 594
494 594
495 594
496 594
497 594
498 594
499 594
500 594
501 594
502 594
503 594
504 594
505 594
506 594
507 594
508 594
509 594
510 594
511 594
512 593
513 593
514 593
515 593
516 593
517 593
518 593
519 593
520 592
521 592
522 592
523 592
524 592
525 592
526 592
527 591
528 591
529 591
530 591
531 591
532 590
533 590
534 590
535 590
536 589
537 589
538 589
539 589
540 588
541 588
542 588
543 588
544 587
545 587
546 587
547 586
548 586
549 586
550 585
551 585
552 585
553 584
554 584
555 583
556 583
557 583
558 582
559 582
560 581
561 581
562 581
563 580
564 580
565 579
566 579
567 578
568 578
569 577
570 577
571 576
572 576
573 575
574 575
575 574
576 573
577 573
578 572
579 572
580 571
581 570
582 570
583 569
584 568
585 568
586 567
587 566
588 565
589 565
590 564
591 563
592 562
593 562
594 561
595 560
596 559
597 558
598 558
599 557
600 556
601 555
602 554
603 553
604 552
605 551
606 550
607 549
608 548
609 547
610 546
611 545
612 544
612 543
613 542
614 541
615 540
616 539
617 538
617 537
618 536
619 535
620 534
620 533
621 532
622 531
623 530
623 529
624 528
625 527
625 526
626 525
627 524
627 523
628 522
629 521
629 520
630 519
630 518
631 517
632 516
632 515
633 514
633 513
634 512
634 511
635 510
635 509
636 508
636 507
637 506
637 505
638 504
638 503
639 502
639 501
640 500
640 499
641 498
641 497
642 496
642 495
643 494
643 493
643 492
644 491
644 490
645 489
645 488
645 487
646 486
646 485
646 484
647 483
647 482
647 481
648 480
648 479
649 478
649 477
649 476
650 475
650 474
650 473
650 472
651 471
651 470
651 469
652 468
652 467
652 466
652 465
653 464
653 463
653 462
654 461
654 460
654 459
654 458
655 457
655 456
655 455
655 454
655 453
656 452
656 451
656 450
656 449
657 448
657 447
657 446
657 445
657 444
657 443
658 442
658 441
658 440
658 439
658 438
658 437
659 436
659 435
659 434
659 433
659 432
659 431
659 430
660 429
660 428
660 427
660 426
660 425
660 424
660 423
660 422
660 421
660 420
660 419
661 418
661 417
661 416
661 415
661 414
661 413
661 412
661 411
661 410
661 409
661 408
661 407
661 406
661 405
661 404
661 403
661 402
661 401
661 400
661 399
661 398
661 397
661 396
661 395
661 394
661 393
661 392
661 391
661 390
660 389
660 388
660 387
660 386
660 385
660 384
660 383
660 382
660 381
659 380
659 379
659 378
659 377
659 376
659 375
659 374
658 373
658 372
658 371
658 370
658 369
657 368
657 367
657 366
657 365
657 364
656 363
656 362
656 361
656 360
655 359
655 358
655 357
655 356
654 355
654 354
654 353
654 352
653 351
653 350
653 349
653 348
652 347
652 346
652 345
651 344
651 343
651 342
650 341
650 340
650 339
649 338
649 337
649 336
648 335
648 334
648 333
647 332
647 331
647 330
646 329
646 328
645 327
645 326
644 325
644 324
644 323
643 322
643 321
642 320
642 319
642 318
641 317
641 316
640 315
640 314
639 313
639 312
638 311
638 310
637 309
637 308
636 307
636 306
635 305
635 304
634 303
634 302
633 301
633 300
632 299
631 298
631 297
630 296
630 295
629 294
628 293
628 292
627 291
627 290
626 289
625 288
625 287
624 286
623 285
623 284
622 283
621 282
621 281
620 280
619 279
618 278
618 277
617 276
616 275
615 274
614 273
614 272
613 271
612 270
611 269
610 268
610 267
609 266
608 265
607 264
606 263
605 262
604 261
603 260
602 259
601 258
600 257
599 256
598 255
597 254
596 253
595 252
594 251
593 250
592 249
591 249
590 248
589 247
588 246
587 245
586 245
585 244
584 243
583 242
582 242
581 241
580 240
579 240
578 239
577 238
576 238
575 237
574 236
573 236
572 235
571 234
570 234
569 233
568 233
567 232
566 232
565 231
564 231
563 230
562 229
561 229
560 228
559 228
558 227
557 227
556 227
555 226
554 226
553 225
552 225
551 224
550 224
549 224
548 223
547 223
546 223
545 222
544 222
543 222
542 221
541 221
540 221
539 220
538 220
537 220
536 219
535 219
534 219
533 219
532 218
531 218
530 218
529 218
528 217
527 217
526 217
525 217
524 216
523 216
522 216
521 216
520 216
519 216
518 215
517 215
516 215
515 215
514 215
513 215
512 215
511 215
510 214
509 214
508 214
507 214
506 214
505 214
504 214
503 214
502 214
501 214
500 214
499 214
498 214
497 214
496 214
495 214
494 214
493 214
492 214
491 214
