558 259
557 260
556 260
555 260
554 260
553 260
552 260
551 260
550 260
549 260
548 260
547 261
546 261
545 261
544 261
543 261
542 261
541 262
540 262
539 262
538 262
537 262
536 262
535 263
534 263
533 263
532 263
531 264
530 264
529 264
528 264
527 265
526 265
525 265
524 265
523 266
522 266
521 266
520 267
519 267
518 267
517 267
516 268
515 268
514 268
513 269
512 269
511 269
510 270
509 270
508 271
507 271
506 271
505 272
504 272
503 272
502 273
501 273
500 274
499 274
498 274
497 275
496 275
495 276
494 276
493 277
492 277
491 278
490 278
489 278
488 279
487 279
486 280
485 280
484 281
483 281
482 282
481 282
480 283
479 283
478 284
477 284
476 285
475 285
474 286
473 287
472 287
471 288
470 288
469 289
468 289
467 290
466 290
465 291
464 292
463 292
462 293
461 293
460 294
459 294
458 295
457 296
456 296
455 297
454 297
453 298
452 299
451 299
450 300
449 300
448 301
447 302
446 302
445 303
444 303
443 304
442 305
441 305
440 306
439 306
438 307
437 308
436 308
435 309
434 309
433 310
432 311
431 311
430 312
429 312
428 313
427 314
426 314
425 315
424 315
423 316
422 317
421 317
420 318
420 319
420 320
420 321
420 322
420 323
420 324
420 325
420 326
420 327
420 328
420 329
420 330
420 331
420 332
420 333
420 334
420 335
420 336
420 337
420 338
420 339
420 340
420 341
420 342
420 343
420 344
420 345
420 346
420 347
420 348
420 349
420 350
420 351
420 352
420 353
420 354
420 355
420 356
420 357
420 358
420 359
420 360
420 361
420 362
420 363
420 364
420 365
420 366
420 367
420 368
420 369
420 370
420 371
420 372
420 373
420 374
420 375
420 376
420 377
420 378
420 379
420 380
420 381
420 382
420 383
420 384
420 385
420 386
420 387
420 388
420 389
420 390
420 391
420 392
420 393
420 394
420 395
420 396
420 397
420 398
420 399
420 400
420 401
420 402
420 403
420 404
420 405
420 406
420 407
420 408
420 409
420 410
420 411
420 412
420 413
420 414
420 415
420 416
420 417
420 418
420 419
420 420
420 421
420 422
420 423
420 424
420 425
420 426
420 427
420 428
420 429
420 430
420 431
420 432
420 433
420 434
420 435
420 436
420 437
420 438
420 439
420 440
420 441
420 442
420 443
420 444
420 445
420 446
420 447
420 448
420 449
420 450
420 451
420 452
420 453
420 454
420 455
420 456
420 457
420 458
420 459
420 460
420 461
420 462
420 463
420 464
420 465
420 466
420 467
420 468
420 469
420 470
420 471
420 472
420 473
420 474
420 475
420 476
420 477
420 478
420 479
420 480
420 481
420 482
420 483
420 484
420 485
420 486
420 487
420 488
421 489
422 490
423 491
424 492
425 492
426 493
427 494
428 495
429 495
430 496
431 497
432 498
433 498
434 499
435 500
436 500
437 501
438 502
439 502
440 503
441 504
442 504
443 505
444 505
445 506
446 507
447 507
448 508
449 508
450 509
451 510
452 510
453 511
454 511
455 512
456 512
457 513
458 513
459 514
460 514
461 515
462 515
463 516
464 516
465 517
466 517
467 518
468 518
469 519
470 519
471 520
472 520
473 521
474 521
475 522
476 522
477 523
478 523
479 523
480 524
481 524
482 525
483 525
484 526
485 526
486 526
487 527
488 527
489 528
490 528
491 529
492 529
493 529
494 530
495 530
496 530
497 531
498 531
499 532
500 532
501 532
502 533
503 533
504 533
505 534
506 534
507 535
508 535
509 535
510 536
511 536
512 536
513 537
514 537
515 537
516 538
517 538
518 538
519 539
520 539
521 539
522 539
523 540
524 540
525 540
526 541
527 541
528 541
529 541
530 542
531 542
532 542
533 543
534 543
535 543
536 543
537 544
538 544
539 544
540 544
541 544
542 545
543 545
544 545
545 545
546 546
547 546
548 546
549 546
550 546
551 546
552 547
553 547
554 547
555 547
556 547
557 548
558 548
559 548
560 548
561 548
562 548
563 548
564 548
565 548
566 549
567 549
568 549
569 549
570 549
571 549
572 549
573 549
574 549
575 549
576 549
577 549
578 549
579 549
580 549
581 549
582 549
583 549
584 549
585 549
586 549
587 548
588 548
589 548
590 548
591 548
592 548
593 548
594 548
595 548
596 547
597 547
598 547
599 547
600 547
601 547
602 547
603 546
604 546
605 546
606 546
607 545
608 545
609 545
610 545
611 545
612 544
613 544
614 544
615 543
616 543
617 543
618 543
619 542
620 542
621 542
622 541
623 541
624 541
625 540
626 540
627 539
628 539
629 539
630 538
631 538
632 537
633 537
634 536
635 536
636 535
637 535
638 534
639 534
640 533
641 533
642 532
643 532
644 531
645 531
646 530
647 529
648 529
649 528
650 527
651 527
652 526
653 525
654 525
655 524
656 523
657 522
658 522
659 521
660 520
661 519
662 518
663 518
664 517
665 516
666 515
667 514
668 513
669 512
670 511
671 510
672 509
673 508
674 507
675 506
676 505
677 504
677 503
678 502
679 501
680 500
681 499
682 498
682 497
683 496
684 495
685 494
685 493
686 492
687 491
687 490
688 489
689 488
689 487
690 486
691 485
691 484
692 483
692 482
693 481
694 480
694 479
695 478
695 477
696 476
696 475
697 474
697 473
698 472
698 471
699 470
699 469
700 468
700 467
701 466
701 465
702 464
702 463
702 462
703 461
703 460
704 459
704 458
704 457
705 456
705 455
706 454
706 453
706 452
707 451
707 450
707 449
708 448
708 447
708 446
709 445
709 444
709 443
710 442
710 441
710 440
710 439
711 438
711 437
711 436
711 435
712 434
712 433
712 432
712 431
712 430
713 429
713 428
713 427
713 426
713 425
714 424
714 423
714 422
714 421
714 420
714 419
714 418
715 417
715 416
715 415
715 414
715 413
715 412
715 411
715 410
715 409
715 408
715 407
716 406
716 405
716 404
716 403
716 402
716 401
716 400
716 399
716 398
716 397
715 396
715 395
715 394
715 393
715 392
715 391
715 390
715 389
715 388
715 387
715 386
715 385
714 384
714 383
714 382
714 381
714 380
714 379
714 378
713 377
713 376
713 375
713 374
713 373
712 372
712 371
712 370
712 369
711 368
711 367
711 366
711 365
710 364
710 363
710 362
709 361
709 360
709 359
708 358
708 357
708 356
707 355
707 354
706 353
706 352
706 351
705 350
705 349
704 348
704 347
703 346
703 345
703 344
702 343
702 342
701 341
701 340
700 339
699 338
699 337
698 336
698 335
697 334
697 333
696 332
695 331
695 330
694 329
694 328
693 327
692 326
692 325
691 324
690 323
690 322
689 321
688 320
687 319
687 318
686 317
685 316
684 315
683 314
683 313
682 312
681 311
680 310
679 309
678 308
677 307
676 306
675 305
674 304
673 303
672 302
671 301
670 300
669 299
668 298
667 297
666 296
665 295
664 294
663 294
662 293
661 292
660 291
659 290
658 290
657 289
656 288
655 287
654 287
653 286
652 285
651 285
650 284
649 283
648 283
647 282
646 281
645 281
644 280
643 279
642 279
641 278
640 278
639 277
638 277
637 276
636 276
635 275
634 275
633 274
632 274
631 273
630 273
629 272
628 272
627 271
626 271
625 270
624 270
623 270
622 269
621 269
620 268
619 268
618 268
617 267
616 267
615 267
614 266
613 266
612 266
611 265
610 265
609 265
608 264
607 264
606 264
605 263
604 263
603 263
602 263
601 263
600 262
599 262
598 262
597 262
596 261
595 261
594 261
593 261
592 261
591 261
590 260
589 260
588 260
587 260
586 260
585 260
584 260
583 260
582 260
581 259
580 259
579 259
578 259
577 259
576 259
575 259
574 259
573 259
572 259
571 259
570 259
569 259
568 259
567 259
566 259
565 259
564 259
563 259
562 259
561 259
560 259
559 259
558 259
