556 236
555 237
554 237
553 237
552 237
551 237
550 237
549 237
548 237
547 237
546 237
545 237
544 237
543 237
542 237
541 237
540 237
539 237
538 237
537 237
536 237
535 237
534 237
533 237
532 237
531 237
530 237
529 238
528 238
527 238
526 238
525 238
524 238
523 238
522 238
521 238
520 238
519 238
518 239
517 239
516 239
515 239
514 239
513 239
512 239
511 239
510 239
509 240
508 240
507 240
506 240
505 240
504 240
503 240
502 241
501 241
500 241
499 241
498 241
497 241
496 242
495 242
494 242
493 242
492 242
491 243
490 243
489 243
488 243
487 244
486 244
485 244
484 244
483 244
482 245
481 245
480 245
479 245
478 246
477 246
476 246
475 247
474 247
473 247
472 247
471 248
470 248
469 248
468 249
467 249
466 249
465 249
464 250
463 250
462 250
461 251
460 251
459 251
458 252
457 252
456 252
455 253
454 253
453 254
452 254
451 254
450 255
449 255
448 255
447 256
446 256
445 256
444 257
443 257
442 257
441 258
440 258
439 259
438 259
437 259
436 260
435 260
434 260
433 261
432 261
431 262
430 262
429 262
428 263
427 263
426 263
425 264
424 264
423 265
423 266
423 267
423 268
423 269
423 270
423 271
423 272
423 273
423 274
423 275
423 276
423 277
423 278
423 279
423 280
423 281
423 282
423 283
423 284
423 285
423 286
423 287
423 288
423 289
423 290
423 291
423 292
423 293
423 294
423 295
423 296
423 297
423 298
423 299
423 300
423 301
423 302
423 303
423 304
423 305
423 306
423 307
423 308
423 309
423 310
423 311
423 312
423 313
423 314
423 315
423 316
423 317
423 318
423 319
423 320
423 321
423 322
423 323
423 324
423 325
423 326
423 327
423 328
423 329
423 330
423 331
423 332
423 333
423 334
423 335
423 336
423 337
423 338
423 339
423 340
423 341
423 342
423 343
423 344
423 345
423 346
423 347
423 348
423 349
423 350
423 351
423 352
423 353
423 354
423 355
423 356
423 357
423 358
423 359
423 360
423 361
423 362
423 363
423 364
423 365
423 366
423 367
423 368
423 369
423 370
423 371
423 372
423 373
423 374
423 375
423 376
423 377
423 378
423 379
423 380
423 381
423 382
423 383
423 384
423 385
423 386
423 387
423 388
423 389
423 390
423 391
423 392
423 393
423 394
423 395
423 396
423 397
423 398
423 399
423 400
423 401
423 402
423 403
423 404
423 405
423 406
423 407
423 408
423 409
423 410
423 411
423 412
423 413
423 414
423 415
423 416
423 417
423 418
423 419
423 420
423 421
423 422
423 423
423 424
423 425
423 426
423 427
423 428
423 429
423 430
423 431
423 432
423 433
423 434
423 435
423 436
423 437
423 438
423 439
423 440
423 441
423 442
423 443
423 444
423 445
423 446
423 447
423 448
423 449
423 450
423 451
423 452
423 453
423 454
423 455
423 456
423 457
423 458
423 459
423 460
423 461
423 462
423 463
423 464
423 465
423 466
423 467
423 468
423 469
423 470
423 471
423 472
423 473
423 474
423 475
423 476
423 477
423 478
423 479
423 480
423 481
423 482
423 483
423 484
423 485
423 486
423 487
423 488
423 489
423 490
423 491
423 492
423 493
423 494
423 495
423 496
423 497
423 498
423 499
423 500
423 501
423 502
423 503
423 504
423 505
423 506
423 507
423 508
423 509
423 510
423 511
423 512
423 513
423 514
423 515
423 516
423 517
423 518
423 519
423 520
423 521
423 522
423 523
423 524
423 525
423 526
423 527
423 528
423 529
423 530
424 531
425 531
426 532
427 532
428 532
429 533
430 533
431 533
432 533
433 534
434 534
435 534
436 535
437 535
438 535
439 536
440 536
441 536
442 536
443 537
444 537
445 537
446 538
447 538
448 538
449 539
450 539
451 539
452 539
453 540
454 540
455 540
456 541
457 541
458 541
459 542
460 542
461 542
462 542
463 543
464 543
465 543
466 544
467 544
468 544
469 545
470 545
471 545
472 545
473 546
474 546
475 546
476 547
477 547
478 547
479 547
480 548
481 548
482 548
483 549
484 549
485 549
486 549
487 550
488 550
489 550
490 550
491 551
492 551
493 551
494 551
495 552
496 552
497 552
498 552
499 553
500 553
501 553
502 553
503 554
504 554
505 554
506 554
507 554
508 555
509 555
510 555
511 555
512 555
513 556
514 556
515 556
516 556
517 556
518 556
519 557
520 557
521 557
522 557
523 557
524 557
525 558
526 558
527 558
528 558
529 558
530 558
531 558
532 559
533 559
534 559
535 559
536 559
537 559
538 559
539 559
540 559
541 559
542 560
543 560
544 560
545 560
546 560
547 560
548 560
549 560
550 560
551 560
552 560
553 560
554 560
555 560
556 560
557 560
558 560
559 560
560 560
561 560
562 560
563 560
564 560
565 560
566 560
567 560
568 560
569 560
570 560
571 560
572 560
573 560
574 560
575 559
576 559
577 559
578 559
579 559
580 559
581 559
582 559
583 558
584 558
585 558
586 558
587 558
588 558
589 557
590 557
591 557
592 557
593 557
594 556
595 556
596 556
597 556
598 555
599 555
600 555
601 555
602 554
603 554
604 554
605 553
606 553
607 553
608 552
609 552
610 552
611 551
612 551
613 551
614 550
615 550
616 549
617 549
618 549
619 548
620 548
621 547
622 547
623 546
624 546
625 545
626 545
627 545
628 544
629 543
630 543
631 542
632 542
633 541
634 541
635 540
636 540
637 539
638 538
639 538
640 537
641 537
642 536
643 535
644 534
645 534
646 533
647 532
648 532
649 531
650 530
651 529
652 529
653 528
654 527
655 526
656 526
657 525
658 524
659 523
660 522
661 521
662 520
663 519
664 519
665 518
666 517
667 516
668 515
669 514
670 513
671 512
672 511
672 510
673 509
674 508
675 507
676 506
677 505
678 504
679 503
679 502
680 501
681 500
682 499
683 498
683 497
684 496
685 495
686 494
686 493
687 492
688 491
688 490
689 489
690 488
691 487
691 486
692 485
692 484
693 483
694 482
694 481
695 480
696 479
696 478
697 477
697 476
698 475
698 474
699 473
699 472
700 471
701 470
701 469
702 468
702 467
703 466
703 465
703 464
704 463
704 462
705 461
705 460
706 459
706 458
707 457
707 456
707 455
708 454
708 453
709 452
709 451
709 450
710 449
710 448
710 447
711 446
711 445
711 444
712 443
712 442
712 441
713 440
713 439
713 438
714 437
714 436
714 435
714 434
715 433
715 432
715 431
715 430
716 429
716 428
716 427
716 426
716 425
717 424
717 423
717 422
717 421
717 420
718 419
718 418
718 417
718 416
718 415
718 414
718 413
718 412
719 411
719 410
719 409
719 408
719 407
719 406
719 405
719 404
719 403
719 402
719 401
719 400
719 399
719 398
719 397
719 396
719 395
719 394
719 393
719 392
719 391
719 390
719 389
719 388
719 387
719 386
718 385
718 384
718 383
718 382
718 381
718 380
718 379
718 378
717 377
717 376
717 375
717 374
717 373
717 372
716 371
716 370
716 369
716 368
716 367
715 366
715 365
715 364
715 363
715 362
714 361
714 360
714 359
713 358
713 357
713 356
713 355
712 354
712 353
712 352
711 351
711 350
711 349
710 348
710 347
710 346
709 345
709 344
709 343
708 342
708 341
708 340
707 339
707 338
706 337
706 336
705 335
705 334
705 333
704 332
704 331
703 330
703 329
702 328
702 327
701 326
701 325
700 324
700 323
699 322
699 321
698 320
698 319
697 318
696 317
696 316
695 315
695 314
694 313
693 312
693 311
692 310
692 309
691 308
690 307
690 306
689 305
688 304
688 303
687 302
686 301
685 300
685 299
684 298
683 297
682 296
682 295
681 294
680 293
679 292
678 291
678 290
677 289
676 288
675 287
674 286
673 285
672 284
671 283
670 282
669 281
668 280
667 279
666 278
665 277
664 276
663 275
662 274
661 273
660 273
659 272
658 271
657 270
656 269
655 268
654 268
653 267
652 266
651 265
650 265
649 264
648 263
647 263
646 262
645 261
644 261
643 260
642 259
641 259
640 258
639 257
638 257
637 256
636 256
635 255
634 255
633 254
632 254
631 253
630 252
629 252
628 251
627 251
626 251
625 250
624 250
623 249
622 249
621 248
620 248
619 247
618 247
617 247
616 246
615 246
614 245
613 245
612 245
611 244
610 244
609 244
608 243
607 243
606 243
605 243
604 242
603 242
602 242
601 241
600 241
599 241
598 241
597 240
596 240
595 240
594 240
593 240
592 239
591 239
590 239
589 239
588 239
587 238
586 238
585 238
584 238
583 238
582 238
581 238
580 237
579 237
578 237
577 237
576 237
575 237
574 237
573 237
572 237
571 237
570 237
569 237
568 237
567 237
566 236
565 236
564 236
563 236
562 236
561 236
560 236
559 236
558 236
557 236
556 236
