525 205
524 206
523 206
522 206
521 206
520 206
519 206
518 206
517 206
516 206
515 207
514 207
513 207
512 207
511 207
510 207
509 207
508 208
507 208
506 208
505 208
504 208
503 209
502 209
501 209
500 209
499 209
498 210
497 210
496 210
495 210
494 211
493 211
492 211
491 211
490 212
489 212
488 212
487 213
486 213
485 213
484 214
483 214
482 214
481 215
480 215
479 215
478 216
477 216
476 216
475 217
474 217
473 218
472 218
471 219
470 219
469 219
468 220
467 220
466 221
465 221
464 222
463 222
462 223
461 223
460 224
459 225
458 225
457 226
456 226
456 227
456 228
456 229
456 230
456 231
456 232
456 233
456 234
456 235
456 236
456 237
456 238
456 239
456 240
456 241
456 242
456 243
456 244
456 245
456 246
456 247
456 248
456 249
456 250
456 251
456 252
456 253
456 254
456 255
456 256
456 257
456 258
456 259
456 260
456 261
456 262
456 263
456 264
456 265
456 266
456 267
456 268
456 269
456 270
456 271
456 272
456 273
456 274
456 275
456 276
456 277
456 278
456 279
456 280
456 281
456 282
456 283
456 284
456 285
456 286
456 287
456 288
456 289
456 290
456 291
456 292
456 293
456 294
456 295
456 296
456 297
456 298
456 299
456 300
456 301
456 302
456 303
456 304
456 305
456 306
456 307
456 308
456 309
456 310
456 311
456 312
456 313
456 314
456 315
456 316
456 317
456 318
456 319
456 320
456 321
456 322
456 323
456 324
456 325
456 326
456 327
456 328
456 329
456 330
456 331
456 332
456 333
456 334
456 335
456 336
456 337
456 338
456 339
456 340
456 341
456 342
456 343
456 344
456 345
456 346
456 347
456 348
456 349
456 350
456 351
456 352
456 353
456 354
456 355
456 356
456 357
456 358
456 359
456 360
456 361
456 362
456 363
456 364
456 365
456 366
456 367
456 368
456 369
456 370
456 371
456 372
456 373
456 374
456 375
456 376
456 377
456 378
456 379
456 380
456 381
456 382
456 383
456 384
456 385
456 386
456 387
456 388
456 389
456 390
456 391
456 392
456 393
456 394
456 395
456 396
456 397
456 398
456 399
456 400
456 401
456 402
456 403
456 404
456 405
456 406
456 407
456 408
456 409
456 410
456 411
456 412
456 413
456 414
456 415
456 416
456 417
456 418
456 419
456 420
456 421
456 422
456 423
456 424
456 425
456 426
456 427
456 428
456 429
456 430
456 431
456 432
456 433
456 434
456 435
456 436
456 437
456 438
456 439
456 440
456 441
456 442
456 443
456 444
456 445
456 446
456 447
456 448
456 449
456 450
456 451
456 452
456 453
456 454
456 455
456 456
456 457
456 458
456 459
456 460
456 461
456 462
456 463
456 464
456 465
456 466
456 467
456 468
456 469
456 470
456 471
456 472
456 473
456 474
456 475
456 476
456 477
456 478
456 479
456 480
456 481
456 482
456 483
456 484
456 485
456 486
456 487
456 488
456 489
456 490
456 491
456 492
456 493
456 494
456 495
456 496
456 497
456 498
456 499
456 500
456 501
456 502
456 503
456 504
456 505
456 506
456 507
456 508
456 509
456 510
456 511
456 512
456 513
456 514
456 515
456 516
456 517
456 518
456 519
456 520
456 521
456 522
456 523
456 524
456 525
456 526
456 527
456 528
456 529
456 530
456 531
456 532
456 533
456 534
456 535
456 536
456 537
456 538
456 539
456 540
456 541
456 542
456 543
456 544
456 545
456 546
456 547
456 548
456 549
456 550
456 551
456 552
456 553
456 554
456 555
456 556
456 557
456 558
456 559
456 560
456 561
456 562
456 563
456 564
456 565
456 566
456 567
456 568
456 569
456 570
456 571
456 572
456 573
457 574
458 574
459 575
460 576
461 576
462 577
463 577
464 578
465 578
466 579
467 580
468 580
469 581
470 581
471 581
472 582
473 582
474 583
475 583
476 584
477 584
478 584
479 585
480 585
481 585
482 586
483 586
484 587
485 587
486 587
487 587
488 588
489 588
490 588
491 589
492 589
493 589
494 589
495 590
496 590
497 590
498 590
499 591
500 591
501 591
502 591
503 591
504 592
505 592
506 592
507 592
508 592
509 592
510 593
511 593
512 593
513 593
514 593
515 593
516 593
517 593
518 594
519 594
520 594
521 594
522 594
523 594
524 594
525 594
526 594
527 594
528 594
529 594
530 594
531 594
532 594
533 594
534 594
535 594
536 594
537 594
538 594
539 594
540 594
541 594
542 594
543 594
544 594
545 594
546 594
547 594
548 594
549 594
550 594
551 593
552 593
553 593
554 593
555 593
556 593
557 593
558 593
559 592
560 592
561 592
562 592
563 592
564 592
565 591
566 591
567 591
568 591
569 591
570 590
571 590
572 590
573 590
574 589
575 589
576 589
577 589
578 588
579 588
580 588
581 588
582 587
583 587
584 587
585 586
586 586
587 586
588 585
589 585
590 585
591 584
592 584
593 584
594 583
595 583
596 582
597 582
598 582
599 581
600 581
601 580
602 580
603 580
604 579
605 579
606 578
607 578
608 577
609 577
610 576
611 576
612 575
613 575
614 574
615 574
616 573
617 573
618 572
619 572
620 571
621 571
622 570
623 570
624 569
625 568
626 568
627 567
628 567
629 566
630 565
631 565
632 564
633 563
634 563
635 562
636 561
637 561
638 560
639 559
640 559
641 558
642 557
643 556
644 556
645 555
646 554
647 553
648 553
649 552
650 551
651 550
652 549
653 548
654 548
655 547
656 546
657 545
658 544
659 543
660 542
661 541
662 540
663 539
664 538
665 538
666 537
667 536
668 535
669 534
669 533
670 532
671 531
672 530
673 529
674 528
675 527
676 526
677 525
678 524
678 523
679 522
680 521
681 520
682 519
683 518
683 517
684 516
685 515
686 514
686 513
687 512
688 511
689 510
689 509
690 508
691 507
691 506
692 505
693 504
694 503
694 502
695 501
695 500
696 499
697 498
697 497
698 496
699 495
699 494
700 493
700 492
701 491
701 490
702 489
703 488
703 487
704 486
704 485
705 484
705 483
706 482
706 481
707 480
707 479
708 478
708 477
709 476
709 475
710 474
710 473
711 472
711 471
711 470
712 469
712 468
713 467
713 466
713 465
714 464
714 463
715 462
715 461
715 460
716 459
716 458
716 457
717 456
717 455
717 454
718 453
718 452
718 451
719 450
719 449
719 448
720 447
720 446
720 445
720 444
721 443
721 442
721 441
721 440
722 439
722 438
722 437
722 436
723 435
723 434
723 433
723 432
723 431
724 430
724 429
724 428
724 427
724 426
724 425
724 424
725 423
725 422
725 421
725 420
725 419
725 418
725 417
725 416
726 415
726 414
726 413
726 412
726 411
726 410
726 409
726 408
726 407
726 406
726 405
726 404
726 403
726 402
726 401
726 400
726 399
726 398
726 397
726 396
726 395
726 394
726 393
726 392
726 391
726 390
726 389
726 388
726 387
726 386
726 385
726 384
726 383
726 382
725 381
725 380
725 379
725 378
725 377
725 376
725 375
725 374
725 373
725 372
724 371
724 370
724 369
724 368
724 367
724 366
724 365
723 364
723 363
723 362
723 361
723 360
722 359
722 358
722 357
722 356
722 355
721 354
721 353
721 352
721 351
720 350
720 349
720 348
720 347
719 346
719 345
719 344
719 343
718 342
718 341
718 340
717 339
717 338
717 337
717 336
716 335
716 334
715 333
715 332
715 331
714 330
714 329
714 328
713 327
713 326
713 325
712 324
712 323
711 322
711 321
710 320
710 319
710 318
709 317
709 316
708 315
708 314
707 313
707 312
706 311
706 310
705 309
705 308
704 307
704 306
703 305
703 304
702 303
702 302
701 301
701 300
700 299
699 298
699 297
698 296
698 295
697 294
696 293
696 292
695 291
694 290
694 289
693 288
692 287
692 286
691 285
690 284
690 283
689 282
688 281
687 280
687 279
686 278
685 277
684 276
683 275
683 274
682 273
681 272
680 271
679 270
678 269
678 268
677 267
676 266
675 265
674 264
673 263
672 262
671 261
670 260
669 259
668 258
667 257
666 256
665 255
664 254
663 253
662 252
661 251
660 251
659 250
658 249
657 248
656 247
655 246
654 246
653 245
652 244
651 243
650 242
649 242
648 241
647 240
646 239
645 239
644 238
643 237
642 237
641 236
640 235
639 235
638 234
637 233
636 233
635 232
634 231
633 231
632 230
631 230
630 229
629 228
628 228
627 227
626 227
625 226
624 226
623 225
622 225
621 224
620 224
619 223
618 223
617 222
616 222
615 221
614 221
613 220
612 220
611 219
610 219
609 218
608 218
607 218
606 217
605 217
604 216
603 216
602 216
601 215
600 215
599 215
598 214
597 214
596 214
595 213
594 213
593 212
592 212
591 212
590 212
589 211
588 211
587 211
586 210
585 210
584 210
583 210
582 209
581 209
580 209
579 209
578 208
577 208
576 208
575 208
574 208
573 207
572 207
571 207
570 207
569 207
568 206
567 206
566 206
565 206
564 206
563 206
562 206
561 206
560 205
559 205
558 205
557 205
556 205
555 205
554 205
553 205
552 205
551 205
550 205
549 205
548 205
547 205
546 205
545 205
544 205
543 205
542 205
541 205
540 205
539 205
538 205
537 205
536 205
535 205
534 205
533 205
532 205
531 205
530 205
529 205
528 205
527 205
526 205
525 205
