482 262
482 263
481 264
481 265
481 266
481 267
481 268
481 269
481 270
481 271
481 272
481 273
481 274
481 275
481 276
481 277
481 278
481 279
481 280
481 281
481 282
481 283
481 284
481 285
481 286
481 287
481 288
481 289
481 290
481 291
481 292
481 293
481 294
481 295
481 296
481 297
481 298
481 299
481 300
481 301
481 302
481 303
481 304
481 305
481 306
481 307
481 308
481 309
481 310
481 311
481 312
481 313
481 314
481 315
481 316
481 317
481 318
481 319
481 320
481 321
481 322
481 323
481 324
481 325
481 326
481 327
481 328
481 329
481 330
481 331
481 332
481 333
481 334
481 335
481 336
481 337
481 338
481 339
481 340
481 341
481 342
481 343
481 344
481 345
481 346
481 347
481 348
481 349
481 350
481 351
481 352
481 353
481 354
481 355
481 356
481 357
481 358
481 359
481 360
481 361
481 362
481 363
481 364
481 365
481 366
481 367
481 368
481 369
481 370
481 371
481 372
481 373
481 374
481 375
481 376
481 377
481 378
481 379
481 380
481 381
481 382
481 383
481 384
481 385
481 386
481 387
481 388
481 389
481 390
481 391
481 392
481 393
481 394
481 395
481 396
481 397
481 398
481 399
481 400
481 401
481 402
481 403
481 404
481 405
481 406
481 407
481 408
481 409
481 410
481 411
481 412
481 413
481 414
481 415
481 416
481 417
481 418
481 419
481 420
481 421
481 422
481 423
481 424
481 425
481 426
481 427
481 428
481 429
481 430
481 431
481 432
481 433
481 434
481 435
481 436
481 437
481 438
481 439
481 440
481 441
481 442
481 443
481 444
481 445
481 446
481 447
481 448
481 449
481 450
481 451
481 452
481 453
481 454
481 455
481 456
481 457
481 458
481 459
481 460
481 461
481 462
481 463
481 464
481 465
481 466
481 467
481 468
481 469
481 470
481 471
481 472
481 473
481 474
481 475
481 476
481 477
481 478
481 479
481 480
481 481
481 482
481 483
481 484
481 485
481 486
481 487
481 488
481 489
481 490
481 491
481 492
481 493
481 494
481 495
481 496
481 497
481 498
481 499
481 500
481 501
481 502
481 503
481 504
481 505
481 506
481 507
482 508
483 508
484 508
485 508
486 507
487 507
488 507
489 506
490 506
491 506
492 505
493 505
494 505
495 504
496 504
497 503
498 503
499 503
500 502
501 502
502 501
503 501
504 500
505 500
506 499
507 499
508 498
509 498
510 497
511 497
512 496
513 496
514 495
515 494
516 494
517 493
518 493
519 492
520 491
521 491
522 490
523 489
524 489
525 488
526 487
527 487
528 486
529 485
530 484
531 483
532 483
533 482
534 481
535 480
536 479
537 478
538 477
539 477
540 476
541 475
542 474
543 473
544 472
545 471
546 470
546 469
547 468
548 467
549 466
550 465
551 464
552 463
552 462
553 461
554 460
555 459
555 458
556 457
557 456
558 455
558 454
559 453
560 452
560 451
561 450
561 449
562 448
563 447
563 446
564 445
564 444
565 443
565 442
566 441
566 440
567 439
567 438
568 437
568 436
569 435
569 434
570 433
570 432
571 431
571 430
571 429
572 428
572 427
572 426
573 425
573 424
573 423
574 422
574 421
574 420
575 419
575 418
575 417
576 416
576 415
576 414
576 413
577 412
577 411
577 410
577 409
577 408
578 407
578 406
578 405
578 404
578 403
578 402
578 401
579 400
579 399
579 398
579 397
579 396
579 395
579 394
579 393
579 392
579 391
579 390
579 389
579 388
580 387
580 386
580 385
580 384
579 383
579 382
579 381
579 380
579 379
579 378
579 377
579 376
579 375
579 374
579 373
579 372
579 371
579 370
578 369
578 368
578 367
578 366
578 365
578 364
577 363
577 362
577 361
577 360
577 359
576 358
576 357
576 356
576 355
575 354
575 353
575 352
575 351
574 350
574 349
574 348
573 347
573 346
573 345
572 344
572 343
572 342
571 341
571 340
570 339
570 338
569 337
569 336
569 335
568 334
568 333
567 332
567 331
566 330
566 329
565 328
565 327
564 326
564 325
563 324
562 323
562 322
561 321
561 320
560 319
559 318
559 317
558 316
557 315
557 314
556 313
555 312
554 311
554 310
553 309
552 308
551 307
550 306
550 305
549 304
548 303
547 302
546 301
545 300
544 299
543 298
542 297
541 296
540 295
539 294
538 293
537 292
536 291
535 290
534 289
533 289
532 288
531 287
530 286
529 285
528 285
527 284
526 283
525 283
524 282
523 281
522 280
521 280
520 279
519 278
518 278
517 277
516 277
515 276
514 275
513 275
512 274
511 274
510 273
509 273
508 272
507 272
506 271
505 271
504 270
503 270
502 269
501 269
500 268
499 268
498 268
497 267
496 267
495 266
494 266
493 266
492 265
491 265
490 264
489 264
488 264
487 263
486 263
485 263
484 262
483 262
482 262
