455 278
454 279
454 280
453 281
453 282
453 283
453 284
453 285
453 286
453 287
453 288
453 289
453 290
453 291
453 292
453 293
453 294
453 295
453 296
453 297
453 298
453 299
453 300
453 301
453 302
453 303
453 304
453 305
453 306
453 307
453 308
453 309
453 310
453 311
453 312
453 313
453 314
453 315
453 316
453 317
453 318
453 319
453 320
453 321
453 322
453 323
453 324
453 325
453 326
453 327
453 328
453 329
453 330
453 331
453 332
453 333
453 334
453 335
453 336
453 337
453 338
453 339
453 340
453 341
453 342
453 343
453 344
453 345
453 346
453 347
453 348
453 349
453 350
453 351
453 352
453 353
453 354
453 355
453 356
453 357
453 358
453 359
453 360
453 361
453 362
453 363
453 364
453 365
453 366
453 367
453 368
453 369
453 370
453 371
453 372
453 373
453 374
453 375
453 376
453 377
453 378
453 379
453 380
453 381
453 382
453 383
453 384
453 385
453 386
453 387
453 388
453 389
453 390
453 391
453 392
453 393
453 394
453 395
453 396
453 397
453 398
453 399
453 400
453 401
453 402
453 403
453 404
453 405
453 406
453 407
453 408
453 409
453 410
453 411
453 412
453 413
453 414
453 415
453 416
453 417
453 418
453 419
453 420
453 421
453 422
453 423
453 424
453 425
453 426
453 427
453 428
453 429
453 430
453 431
453 432
453 433
453 434
453 435
453 436
453 437
453 438
453 439
453 440
453 441
453 442
453 443
453 444
453 445
453 446
453 447
453 448
453 449
453 450
453 451
453 452
453 453
453 454
453 455
453 456
453 457
453 458
453 459
453 460
453 461
453 462
453 463
453 464
453 465
453 466
453 467
453 468
453 469
453 470
453 471
453 472
453 473
453 474
453 475
453 476
453 477
453 478
453 479
453 480
453 481
453 482
453 483
453 484
453 485
453 486
453 487
453 488
453 489
453 490
453 491
453 492
453 493
453 494
453 495
453 496
453 497
453 498
453 499
453 500
453 501
453 502
453 503
453 504
453 505
453 506
454 507
454 508
455 509
456 509
457 510
458 510
459 509
460 509
461 509
462 509
463 508
464 508
465 508
466 508
467 508
468 507
469 507
470 507
471 507
472 506
473 506
474 506
475 506
476 505
477 505
478 505
479 505
480 504
481 504
482 504
483 504
484 504
485 503
486 503
487 503
488 503
489 502
490 502
491 502
492 502
493 501
494 501
495 501
496 501
497 500
498 499
499 498
500 497
501 496
502 496
503 495
504 494
505 493
506 492
507 491
508 490
509 489
509 488
510 487
511 486
512 485
513 484
514 483
515 482
516 481
516 480
517 479
518 478
519 477
519 476
520 475
521 474
521 473
522 472
523 471
523 470
524 469
525 468
525 467
526 466
527 465
527 464
528 463
528 462
529 461
529 460
530 459
530 458
531 457
531 456
532 455
532 454
533 453
533 452
534 451
534 450
535 449
535 448
536 447
536 446
536 445
537 444
537 443
537 442
538 441
538 440
539 439
539 438
539 437
540 436
540 435
540 434
541 433
541 432
541 431
541 430
542 429
542 428
542 427
542 426
543 425
543 424
543 423
543 422
544 421
544 420
544 419
544 418
544 417
545 416
545 415
545 414
545 413
545 412
545 411
546 410
546 409
546 408
546 407
546 406
546 405
546 404
546 403
546 402
547 401
547 400
547 399
547 398
547 397
547 396
547 395
547 394
547 393
547 392
547 391
547 390
547 389
547 388
547 387
546 386
546 385
546 384
546 383
546 382
546 381
546 380
546 379
546 378
545 377
545 376
545 375
545 374
545 373
545 372
544 371
544 370
544 369
544 368
544 367
543 366
543 365
543 364
543 363
543 362
542 361
542 360
542 359
542 358
541 357
541 356
541 355
540 354
540 353
540 352
539 351
539 350
539 349
538 348
538 347
538 346
537 345
537 344
537 343
536 342
536 341
535 340
535 339
534 338
534 337
534 336
533 335
533 334
532 333
532 332
531 331
531 330
530 329
530 328
529 327
529 326
528 325
527 324
527 323
526 322
526 321
525 320
524 319
524 318
523 317
522 316
522 315
521 314
520 313
520 312
519 311
518 310
518 309
517 308
516 307
515 306
514 305
513 304
513 303
512 302
511 301
510 300
509 299
508 298
507 297
506 296
505 295
504 294
503 293
502 292
501 291
500 290
499 289
498 288
497 288
496 287
495 286
494 286
493 286
492 286
491 286
490 285
489 285
488 285
487 285
486 284
485 284
484 284
483 284
482 283
481 283
480 283
479 283
478 282
477 282
476 282
475 282
474 282
473 281
472 281
471 281
470 281
469 280
468 280
467 280
466 280
465 279
464 279
463 279
462 279
461 279
460 278
459 278
458 278
457 278
456 278
455 278
