467 256
466 257
465 258
465 259
465 260
465 261
465 262
465 263
465 264
465 265
465 266
465 267
465 268
465 269
465 270
465 271
465 272
465 273
465 274
465 275
465 276
465 277
465 278
465 279
465 280
465 281
465 282
465 283
465 284
465 285
465 286
465 287
465 288
465 289
465 290
465 291
465 292
465 293
465 294
465 295
465 296
465 297
465 298
465 299
465 300
465 301
465 302
465 303
465 304
465 305
465 306
465 307
465 308
465 309
465 310
465 311
465 312
465 313
465 314
465 315
465 316
465 317
465 318
465 319
465 320
465 321
465 322
465 323
465 324
465 325
465 326
465 327
465 328
465 329
465 330
465 331
465 332
465 333
465 334
465 335
465 336
465 337
465 338
465 339
465 340
465 341
465 342
465 343
465 344
465 345
465 346
465 347
465 348
465 349
465 350
465 351
465 352
465 353
465 354
465 355
465 356
465 357
465 358
465 359
465 360
465 361
465 362
465 363
465 364
465 365
465 366
465 367
465 368
465 369
465 370
465 371
465 372
465 373
465 374
465 375
465 376
465 377
465 378
465 379
465 380
465 381
465 382
465 383
465 384
465 385
465 386
465 387
465 388
465 389
465 390
465 391
465 392
465 393
465 394
465 395
465 396
465 397
465 398
465 399
465 400
465 401
465 402
465 403
465 404
465 405
465 406
465 407
465 408
465 409
465 410
465 411
465 412
465 413
465 414
465 415
465 416
465 417
465 418
465 419
465 420
465 421
465 422
465 423
465 424
465 425
465 426
465 427
465 428
465 429
465 430
465 431
465 432
465 433
465 434
465 435
465 436
465 437
465 438
465 439
465 440
465 441
465 442
465 443
465 444
465 445
465 446
465 447
465 448
465 449
465 450
465 451
465 452
465 453
465 454
465 455
465 456
465 457
465 458
465 459
465 460
465 461
465 462
465 463
465 464
465 465
465 466
465 467
465 468
465 469
465 470
465 471
465 472
465 473
465 474
465 475
465 476
465 477
465 478
465 479
465 480
465 481
465 482
465 483
465 484
465 485
465 486
465 487
465 488
465 489
465 490
465 491
465 492
465 493
465 494
465 495
465 496
465 497
465 498
465 499
465 500
465 501
465 502
465 503
465 504
465 505
465 506
465 507
465 508
465 509
465 510
465 511
465 512
465 513
465 514
465 515
465 516
465 517
465 518
465 519
465 520
465 521
465 522
466 523
467 524
468 524
469 525
470 525
471 524
472 524
473 523
474 522
475 521
476 520
477 519
477 518
478 517
479 516
479 515
480 514
481 513
481 512
482 511
483 510
484 509
485 508
486 508
487 507
488 508
489 507
490 507
491 507
491 506
492 505
493 504
493 503
494 502
495 501
496 500
497 499
497 498
498 497
499 496
500 495
501 494
502 493
503 492
504 491
505 490
506 489
507 489
508 488
508 487
509 486
510 485
510 484
511 483
511 482
512 481
513 480
513 479
514 478
514 477
515 476
515 475
516 474
517 473
517 472
518 471
518 470
518 469
519 468
519 467
520 466
520 465
521 464
521 463
522 462
522 461
522 460
523 459
523 458
524 457
524 456
524 455
525 454
525 453
525 452
526 451
526 450
526 449
527 448
527 447
527 446
527 445
528 444
528 443
528 442
529 441
529 440
529 439
529 438
530 437
530 436
530 435
530 434
530 433
531 432
531 431
531 430
531 429
531 428
532 427
532 426
532 425
532 424
532 423
532 422
533 421
533 420
533 419
533 418
533 417
533 416
533 415
533 414
534 413
534 412
534 411
534 410
534 409
534 408
534 407
534 406
534 405
534 404
534 403
534 402
534 401
534 400
534 399
534 398
535 397
535 396
535 395
535 394
535 393
535 392
535 391
535 390
535 389
535 388
535 387
535 386
535 385
535 384
535 383
534 382
534 381
534 380
534 379
534 378
534 377
534 376
534 375
534 374
534 373
534 372
534 371
534 370
534 369
534 368
534 367
533 366
533 365
533 364
533 363
533 362
533 361
533 360
533 359
532 358
532 357
532 356
532 355
532 354
532 353
531 352
531 351
531 350
531 349
531 348
530 347
530 346
530 345
530 344
530 343
529 342
529 341
529 340
529 339
528 338
528 337
528 336
527 335
527 334
527 333
527 332
526 331
526 330
526 329
525 328
525 327
525 326
524 325
524 324
523 323
523 322
523 321
522 320
522 319
522 318
521 317
521 316
520 315
520 314
519 313
519 312
518 311
518 310
517 309
517 308
517 307
516 306
515 305
515 304
514 303
514 302
513 301
513 300
512 299
511 298
511 297
510 296
509 295
509 294
508 293
507 292
507 291
506 291
505 290
504 289
503 288
502 287
501 286
500 285
499 284
498 283
497 282
496 281
496 280
495 279
494 278
493 277
493 276
492 275
491 274
490 273
489 273
488 273
487 273
486 273
485 272
484 271
483 270
482 269
481 268
480 267
480 266
479 265
478 264
478 263
477 262
477 261
476 260
475 259
474 258
473 257
472 256
471 256
470 256
469 256
468 256
467 256
