505 251
504 252
503 253
503 254
502 255
502 256
501 257
501 258
500 259
500 260
499 261
499 262
498 263
498 264
497 265
497 266
496 267
496 268
495 269
495 270
494 271
494 272
493 273
493 274
492 275
492 276
491 277
491 278
490 279
490 280
490 281
489 282
489 283
488 284
488 285
488 286
487 287
487 288
487 289
487 290
486 291
486 292
486 293
486 294
485 295
485 296
485 297
485 298
485 299
485 300
485 301
485 302
485 303
485 304
485 305
485 306
485 307
485 308
485 309
485 310
485 311
485 312
485 313
485 314
485 315
485 316
485 317
485 318
485 319
485 320
485 321
485 322
485 323
485 324
485 325
485 326
485 327
485 328
485 329
485 330
485 331
485 332
485 333
485 334
485 335
485 336
485 337
485 338
485 339
485 340
485 341
485 342
485 343
485 344
485 345
485 346
485 347
485 348
485 349
485 350
485 351
485 352
485 353
485 354
485 355
485 356
485 357
485 358
485 359
485 360
485 361
485 362
485 363
485 364
485 365
485 366
485 367
485 368
485 369
485 370
485 371
485 372
485 373
485 374
485 375
485 376
485 377
485 378
485 379
485 380
485 381
485 382
485 383
485 384
485 385
485 386
485 387
485 388
485 389
485 390
485 391
485 392
485 393
485 394
485 395
485 396
485 397
485 398
485 399
485 400
485 401
485 402
485 403
485 404
485 405
485 406
485 407
485 408
485 409
485 410
485 411
485 412
485 413
485 414
485 415
485 416
485 417
485 418
485 419
485 420
485 421
485 422
485 423
485 424
485 425
485 426
485 427
485 428
485 429
485 430
485 431
485 432
485 433
485 434
485 435
485 436
485 437
485 438
485 439
485 440
485 441
485 442
485 443
485 444
485 445
485 446
485 447
485 448
485 449
485 450
485 451
485 452
485 453
485 454
485 455
485 456
485 457
485 458
485 459
485 460
485 461
485 462
485 463
485 464
485 465
485 466
485 467
485 468
485 469
485 470
485 471
485 472
485 473
485 474
485 475
485 476
485 477
485 478
485 479
485 480
485 481
485 482
485 483
485 484
485 485
485 486
485 487
485 488
485 489
485 490
485 491
485 492
485 493
485 494
485 495
485 496
485 497
485 498
485 499
485 500
485 501
485 502
485 503
486 504
486 505
486 506
486 507
486 508
487 509
487 510
487 511
488 512
488 513
488 514
489 515
489 516
489 517
490 518
490 519
491 520
491 521
491 522
492 523
492 524
493 525
493 526
494 527
494 528
495 529
495 530
496 531
496 532
497 533
498 534
498 535
499 536
499 537
500 538
500 539
501 540
501 541
502 542
502 543
503 544
503 545
504 546
505 547
506 548
507 548
508 548
509 547
510 547
511 546
511 545
511 544
512 543
512 542
512 541
513 540
513 539
513 538
514 537
514 536
514 535
515 534
515 533
516 532
516 531
517 530
517 529
518 528
518 527
519 526
519 525
520 524
520 523
521 522
522 521
522 520
523 519
524 518
524 517
525 516
526 515
526 514
527 513
528 512
528 511
529 510
530 509
531 508
531 507
532 506
533 505
534 504
534 503
535 502
536 501
537 500
538 499
538 498
539 497
540 496
541 495
542 494
542 493
543 492
544 491
545 490
545 489
546 488
547 487
548 486
548 485
549 484
550 483
550 482
551 481
552 480
552 479
553 478
554 477
554 476
555 475
555 474
556 473
556 472
557 471
558 470
558 469
559 468
559 467
560 466
560 465
561 464
561 463
562 462
562 461
563 460
563 459
564 458
564 457
564 456
565 455
565 454
566 453
566 452
566 451
567 450
567 449
568 448
568 447
568 446
569 445
569 444
569 443
570 442
570 441
570 440
570 439
571 438
571 437
571 436
572 435
572 434
572 433
572 432
573 431
573 430
573 429
573 428
573 427
574 426
574 425
574 424
574 423
574 422
575 421
575 420
575 419
575 418
575 417
575 416
575 415
576 414
576 413
576 412
576 411
576 410
576 409
576 408
576 407
576 406
576 405
576 404
576 403
576 402
576 401
577 400
577 399
577 398
576 397
576 396
576 395
576 394
576 393
576 392
576 391
576 390
576 389
576 388
576 387
576 386
576 385
575 384
575 383
575 382
575 381
575 380
575 379
575 378
575 377
574 376
574 375
574 374
574 373
574 372
573 371
573 370
573 369
573 368
572 367
572 366
572 365
572 364
571 363
571 362
571 361
571 360
570 359
570 358
570 357
569 356
569 355
569 354
568 353
568 352
568 351
567 350
567 349
567 348
566 347
566 346
565 345
565 344
565 343
564 342
564 341
563 340
563 339
562 338
562 337
561 336
561 335
560 334
560 333
559 332
559 331
558 330
558 329
557 328
557 327
556 326
556 325
555 324
554 323
554 322
553 321
553 320
552 319
551 318
551 317
550 316
549 315
549 314
548 313
547 312
546 311
546 310
545 309
544 308
543 307
543 306
542 305
541 304
540 303
540 302
539 301
538 300
537 299
536 298
536 297
535 296
534 295
533 294
533 293
532 292
531 291
530 290
530 289
529 288
528 287
527 286
527 285
526 284
525 283
525 282
524 281
523 280
523 279
522 278
521 277
521 276
520 275
520 274
519 273
518 272
518 271
517 270
517 269
516 268
516 267
516 266
515 265
515 264
514 263
514 262
513 261
513 260
513 259
512 258
512 257
512 256
512 255
511 254
511 253
510 252
509 251
508 251
507 251
506 251
505 251
