497 225
496 226
495 226
494 226
493 227
492 227
491 228
490 229
489 229
488 230
487 230
486 231
485 232
484 232
483 233
482 233
481 234
480 235
479 236
478 236
477 237
476 238
475 238
474 239
473 240
472 241
471 241
470 242
469 243
468 244
467 245
466 246
465 246
464 247
463 248
462 249
461 250
460 251
459 252
458 252
457 253
456 254
455 255
454 256
453 257
452 258
451 259
450 260
449 261
448 262
447 263
446 264
445 265
444 266
443 267
443 268
442 269
442 270
442 271
442 272
442 273
442 274
442 275
442 276
442 277
442 278
442 279
442 280
442 281
442 282
442 283
442 284
442 285
442 286
442 287
442 288
442 289
442 290
442 291
442 292
442 293
442 294
442 295
442 296
442 297
442 298
442 299
442 300
442 301
442 302
442 303
442 304
442 305
442 306
442 307
442 308
442 309
442 310
442 311
442 312
442 313
442 314
442 315
442 316
442 317
442 318
442 319
442 320
442 321
442 322
442 323
442 324
442 325
442 326
442 327
442 328
442 329
442 330
442 331
442 332
442 333
442 334
442 335
442 336
442 337
442 338
442 339
442 340
442 341
442 342
442 343
442 344
442 345
442 346
442 347
442 348
442 349
442 350
442 351
442 352
442 353
442 354
442 355
442 356
442 357
442 358
442 359
442 360
442 361
442 362
442 363
442 364
442 365
442 366
442 367
442 368
442 369
442 370
442 371
442 372
442 373
442 374
442 375
442 376
442 377
442 378
442 379
442 380
442 381
442 382
442 383
442 384
442 385
442 386
442 387
442 388
442 389
442 390
442 391
442 392
442 393
442 394
442 395
442 396
442 397
442 398
442 399
442 400
442 401
442 402
442 403
442 404
442 405
442 406
442 407
442 408
442 409
442 410
442 411
442 412
442 413
442 414
442 415
442 416
442 417
442 418
442 419
442 420
442 421
442 422
442 423
442 424
442 425
442 426
442 427
442 428
442 429
442 430
442 431
442 432
442 433
442 434
442 435
442 436
442 437
442 438
442 439
442 440
442 441
442 442
442 443
442 444
442 445
442 446
442 447
442 448
442 449
442 450
442 451
442 452
442 453
442 454
442 455
442 456
442 457
442 458
442 459
442 460
442 461
442 462
442 463
442 464
442 465
442 466
442 467
442 468
442 469
442 470
442 471
442 472
442 473
442 474
442 475
442 476
442 477
442 478
442 479
442 480
442 481
442 482
442 483
442 484
442 485
442 486
442 487
442 488
442 489
442 490
442 491
442 492
442 493
442 494
442 495
442 496
442 497
442 498
442 499
442 500
442 501
442 502
442 503
442 504
442 505
442 506
442 507
442 508
442 509
442 510
442 511
442 512
442 513
442 514
442 515
442 516
442 517
442 518
442 519
442 520
442 521
442 522
442 523
442 524
442 525
442 526
442 527
442 528
442 529
442 530
443 531
444 532
445 533
446 534
447 535
448 536
449 537
450 538
451 539
452 540
453 541
454 542
455 543
456 544
457 545
458 546
459 547
460 548
461 549
462 549
463 550
464 551
465 552
466 553
467 554
468 554
469 555
470 556
471 557
472 558
473 558
474 559
475 560
476 561
477 561
478 562
479 563
480 563
481 564
482 565
483 565
484 566
485 567
486 567
487 568
488 569
489 569
490 570
491 570
492 571
493 572
494 572
495 572
496 573
497 573
498 573
499 573
500 573
501 573
502 573
503 573
504 573
505 573
506 573
507 572
508 572
509 572
510 572
511 572
512 571
513 571
514 571
515 571
516 570
517 570
518 570
519 569
520 569
521 569
522 568
523 568
524 568
525 567
526 567
527 567
528 566
529 566
530 565
531 565
532 565
533 564
534 564
535 563
536 563
537 562
538 562
539 561
540 561
541 560
542 560
543 559
544 559
545 558
546 557
547 557
548 556
549 556
550 555
551 554
552 554
553 553
554 552
555 552
556 551
557 550
558 550
559 549
560 548
561 547
562 547
563 546
564 545
565 544
566 543
567 542
568 542
569 541
570 540
571 539
572 538
573 537
574 536
575 535
576 534
577 533
578 532
579 531
580 530
581 529
582 528
583 527
584 526
584 525
585 524
586 523
587 522
588 521
588 520
589 519
590 518
591 517
592 516
592 515
593 514
594 513
594 512
595 511
596 510
596 509
597 508
598 507
598 506
599 505
600 504
600 503
601 502
601 501
602 500
603 499
603 498
604 497
604 496
605 495
605 494
606 493
606 492
607 491
607 490
608 489
608 488
609 487
609 486
610 485
610 484
611 483
611 482
612 481
612 480
612 479
613 478
613 477
614 476
614 475
614 474
615 473
615 472
616 471
616 470
616 469
617 468
617 467
617 466
618 465
618 464
618 463
619 462
619 461
619 460
619 459
620 458
620 457
620 456
621 455
621 454
621 453
621 452
622 451
622 450
622 449
622 448
623 447
623 446
623 445
623 444
623 443
624 442
624 441
624 440
624 439
624 438
625 437
625 436
625 435
625 434
625 433
626 432
626 431
626 430
626 429
626 428
626 427
626 426
626 425
627 424
627 423
627 422
627 421
627 420
627 419
627 418
627 417
627 416
627 415
627 414
627 413
628 412
628 411
628 410
628 409
628 408
628 407
628 406
628 405
628 404
628 403
628 402
628 401
628 400
628 399
628 398
628 397
628 396
628 395
628 394
628 393
628 392
628 391
628 390
628 389
628 388
628 387
628 386
627 385
627 384
627 383
627 382
627 381
627 380
627 379
627 378
627 377
627 376
627 375
627 374
626 373
626 372
626 371
626 370
626 369
626 368
626 367
625 366
625 365
625 364
625 363
625 362
625 361
624 360
624 359
624 358
624 357
624 356
623 355
623 354
623 353
623 352
623 351
622 350
622 349
622 348
622 347
621 346
621 345
621 344
621 343
620 342
620 341
620 340
619 339
619 338
619 337
618 336
618 335
618 334
617 333
617 332
617 331
616 330
616 329
616 328
615 327
615 326
615 325
614 324
614 323
613 322
613 321
613 320
612 319
612 318
611 317
611 316
610 315
610 314
610 313
609 312
609 311
608 310
608 309
607 308
607 307
606 306
606 305
605 304
605 303
604 302
603 301
603 300
602 299
602 298
601 297
601 296
600 295
599 294
599 293
598 292
597 291
597 290
596 289
595 288
595 287
594 286
593 285
593 284
592 283
591 282
590 281
590 280
589 279
588 278
587 277
587 276
586 275
585 274
584 273
583 272
582 271
581 270
581 269
580 268
579 267
578 266
577 265
576 264
575 263
574 262
573 261
572 260
571 259
570 258
569 258
568 257
567 256
566 255
565 254
564 253
563 253
562 252
561 251
560 250
559 249
558 249
557 248
556 247
555 247
554 246
553 245
552 245
551 244
550 243
549 243
548 242
547 241
546 241
545 240
544 240
543 239
542 239
541 238
540 238
539 237
538 237
537 236
536 236
535 235
534 235
533 234
532 234
531 233
530 233
529 233
528 232
527 232
526 231
525 231
524 231
523 230
522 230
521 230
520 229
519 229
518 229
517 228
516 228
515 228
514 228
513 227
512 227
511 227
510 226
509 226
508 226
507 226
506 226
505 225
504 225
503 225
502 225
501 225
500 225
499 225
498 225
497 225
