509 272
508 273
507 273
506 273
505 273
504 273
503 273
502 273
501 273
500 273
499 273
498 274
497 274
496 274
495 274
494 274
493 274
492 275
491 275
490 275
489 275
488 276
487 276
486 276
485 276
484 276
483 277
482 277
481 277
480 278
479 278
478 278
477 279
476 279
475 280
474 280
473 280
472 281
471 281
470 282
469 282
468 283
467 283
466 284
465 285
464 285
463 286
462 286
461 287
460 288
459 289
458 289
457 290
456 291
455 292
454 293
453 293
452 294
451 295
450 296
449 297
448 298
448 299
447 300
446 301
445 302
444 303
443 304
443 305
442 306
441 307
440 308
440 309
439 310
438 310
437 311
436 311
435 312
434 312
433 313
432 313
431 314
430 314
429 315
428 316
427 316
426 317
425 318
424 319
423 320
422 321
421 322
421 323
420 324
419 325
418 326
417 327
416 326
415 325
414 325
413 324
412 324
411 324
410 323
409 323
408 323
407 323
406 323
405 323
404 323
403 323
402 324
401 324
401 325
400 326
400 327
400 328
400 329
400 330
400 331
400 332
400 333
400 334
400 335
400 336
400 337
400 338
400 339
400 340
400 341
400 342
400 343
400 344
400 345
400 346
400 347
400 348
400 349
400 350
400 351
400 352
400 353
400 354
400 355
400 356
400 357
400 358
400 359
400 360
400 361
400 362
400 363
400 364
400 365
400 366
400 367
400 368
400 369
400 370
400 371
400 372
400 373
400 374
400 375
400 376
400 377
400 378
400 379
400 380
400 381
400 382
400 383
400 384
400 385
400 386
400 387
400 388
400 389
400 390
400 391
400 392
400 393
400 394
400 395
400 396
400 397
400 398
400 399
400 400
400 401
400 402
400 403
400 404
400 405
400 406
400 407
400 408
400 409
400 410
400 411
400 412
400 413
400 414
400 415
400 416
400 417
400 418
400 419
400 420
400 421
400 422
400 423
400 424
400 425
400 426
400 427
400 428
400 429
400 430
400 431
400 432
400 433
400 434
400 435
400 436
400 437
400 438
400 439
400 440
400 441
400 442
400 443
400 444
400 445
400 446
400 447
400 448
400 449
400 450
400 451
400 452
400 453
400 454
400 455
400 456
400 457
400 458
400 459
400 460
400 461
400 462
400 463
400 464
400 465
400 466
400 467
400 468
400 469
400 470
400 471
400 472
400 473
400 474
400 475
400 476
400 477
400 478
401 479
401 480
402 481
403 481
404 481
405 482
406 482
407 482
408 481
409 481
410 481
411 481
412 480
413 480
414 479
415 479
416 478
417 478
418 478
419 479
420 480
420 481
421 482
422 483
423 484
424 485
425 486
426 487
427 488
428 489
429 489
430 490
431 491
432 491
433 492
434 492
435 493
436 493
437 493
438 494
439 494
440 495
440 496
441 497
442 498
442 499
443 500
444 501
445 502
446 503
446 504
447 505
448 506
449 507
450 508
451 509
452 510
453 511
454 512
455 512
456 513
457 514
458 515
459 516
460 516
461 517
462 518
463 518
464 519
465 520
466 520
467 521
468 521
469 522
470 522
471 523
472 523
473 524
474 524
475 525
476 525
477 525
478 526
479 526
480 526
481 527
482 527
483 528
484 528
485 528
486 528
487 528
488 529
489 529
490 529
491 529
492 530
493 530
494 530
495 530
496 530
497 530
498 531
499 531
500 531
501 531
502 531
503 531
504 531
505 531
506 531
507 532
508 532
509 532
510 532
511 532
512 532
513 532
514 532
515 532
516 532
517 532
518 532
519 532
520 532
521 532
522 532
523 532
524 532
525 532
526 531
527 531
528 531
529 531
530 531
531 531
532 531
533 531
534 531
535 530
536 530
537 530
538 530
539 530
540 529
541 529
542 529
543 529
544 529
545 528
546 528
547 528
548 528
549 527
550 527
551 527
552 526
553 526
554 526
555 525
556 525
557 525
558 524
559 524
560 524
561 523
562 523
563 522
564 522
565 522
566 521
567 521
568 520
569 520
570 519
571 519
572 518
573 518
574 517
575 517
576 516
577 516
578 515
579 514
580 514
581 513
582 512
583 512
584 511
585 510
586 510
587 509
588 508
589 508
590 507
591 506
592 505
593 505
594 504
595 503
596 502
597 501
598 500
599 499
600 499
601 498
602 497
603 496
604 495
605 494
606 493
607 492
607 491
608 490
609 489
610 488
611 487
612 486
613 485
613 484
614 483
615 482
616 481
616 480
617 479
618 478
619 477
619 476
620 475
620 474
621 473
622 472
622 471
623 470
624 469
624 468
625 467
625 466
626 465
626 464
627 463
627 462
628 461
628 460
629 459
629 458
630 457
630 456
631 455
631 454
631 453
632 452
632 451
633 450
633 449
633 448
634 447
634 446
634 445
635 444
635 443
635 442
636 441
636 440
636 439
637 438
637 437
637 436
637 435
638 434
638 433
638 432
638 431
639 430
639 429
639 428
639 427
639 426
639 425
640 424
640 423
640 422
640 421
640 420
640 419
641 418
641 417
641 416
641 415
641 414
641 413
641 412
641 411
641 410
641 409
641 408
641 407
641 406
641 405
641 404
642 403
642 402
642 401
641 400
641 399
641 398
641 397
641 396
641 395
641 394
641 393
641 392
641 391
641 390
641 389
641 388
641 387
640 386
640 385
640 384
640 383
640 382
640 381
640 380
639 379
639 378
639 377
639 376
639 375
638 374
638 373
638 372
638 371
638 370
637 369
637 368
637 367
637 366
636 365
636 364
636 363
635 362
635 361
635 360
634 359
634 358
634 357
633 356
633 355
633 354
632 353
632 352
631 351
631 350
631 349
630 348
630 347
629 346
629 345
628 344
628 343
627 342
627 341
626 340
626 339
625 338
625 337
624 336
623 335
623 334
622 333
622 332
621 331
620 330
620 329
619 328
618 327
618 326
617 325
616 324
615 323
615 322
614 321
613 320
612 319
612 318
611 317
610 316
609 315
608 314
607 313
606 312
605 311
605 310
604 310
603 309
602 308
601 307
600 306
599 305
598 304
597 303
596 302
595 301
594 300
593 300
592 299
591 298
590 297
589 296
588 296
587 295
586 294
585 294
584 293
583 292
582 292
581 291
580 290
579 290
578 289
577 289
576 288
575 288
574 287
573 286
572 286
571 285
570 285
569 284
568 284
567 283
566 283
565 283
564 282
563 282
562 281
561 281
560 281
559 280
558 280
557 279
556 279
555 279
554 278
553 278
552 278
551 277
550 277
549 277
548 277
547 276
546 276
545 276
544 276
543 275
542 275
541 275
540 275
539 274
538 274
537 274
536 274
535 274
534 274
533 273
532 273
531 273
530 273
529 273
528 273
527 273
526 273
525 273
524 273
523 272
522 272
521 272
520 272
519 272
518 272
517 272
516 272
515 272
514 272
513 272
512 272
511 272
510 272
509 272
