502 267
501 268
500 268
499 268
498 268
497 268
496 268
495 268
494 268
493 268
492 269
491 269
490 269
489 269
488 269
487 269
486 269
485 270
484 271
483 271
482 272
481 272
480 273
479 273
478 274
477 275
476 275
475 276
474 276
473 277
472 277
471 278
470 279
469 279
468 280
467 281
466 281
465 282
464 282
463 283
462 284
461 284
460 285
459 286
458 286
457 287
456 288
455 289
454 289
453 290
452 291
451 292
450 292
449 293
448 294
447 295
446 295
445 296
444 297
443 298
442 299
441 300
440 301
439 302
438 303
437 304
436 304
435 305
434 306
433 307
433 308
432 309
431 310
430 311
429 312
428 313
428 314
428 315
428 316
428 317
428 318
428 319
428 320
428 321
428 322
428 323
428 324
428 325
428 326
428 327
428 328
428 329
428 330
428 331
428 332
428 333
428 334
428 335
428 336
428 337
428 338
428 339
428 340
428 341
428 342
428 343
428 344
428 345
428 346
428 347
428 348
428 349
428 350
428 351
428 352
428 353
428 354
428 355
428 356
428 357
428 358
428 359
428 360
428 361
428 362
428 363
428 364
428 365
428 366
428 367
428 368
428 369
428 370
428 371
428 372
428 373
428 374
428 375
428 376
428 377
428 378
428 379
428 380
428 381
428 382
428 383
428 384
428 385
428 386
428 387
428 388
428 389
428 390
428 391
428 392
428 393
428 394
428 395
428 396
428 397
428 398
428 399
428 400
428 401
428 402
428 403
428 404
428 405
428 406
428 407
428 408
428 409
428 410
428 411
428 412
428 413
428 414
428 415
428 416
428 417
428 418
428 419
428 420
428 421
428 422
428 423
428 424
428 425
428 426
428 427
428 428
428 429
428 430
428 431
428 432
428 433
428 434
428 435
428 436
428 437
428 438
428 439
428 440
428 441
428 442
428 443
428 444
428 445
428 446
428 447
428 448
428 449
428 450
428 451
428 452
428 453
428 454
428 455
428 456
428 457
428 458
428 459
428 460
428 461
428 462
428 463
428 464
428 465
428 466
428 467
428 468
428 469
428 470
428 471
428 472
428 473
428 474
428 475
428 476
428 477
428 478
428 479
428 480
428 481
428 482
428 483
428 484
428 485
428 486
428 487
428 488
428 489
428 490
428 491
428 492
428 493
428 494
428 495
428 496
428 497
428 498
428 499
428 500
429 501
430 502
431 503
432 504
433 505
434 506
435 507
436 508
437 509
438 510
439 511
440 512
441 513
442 514
443 515
444 516
445 516
446 517
447 518
448 519
449 520
450 520
451 521
452 522
453 523
454 523
455 524
456 525
457 526
458 526
459 527
460 528
461 528
462 529
463 530
464 530
465 531
466 532
467 532
468 533
469 533
470 534
471 535
472 535
473 536
474 536
475 537
476 538
477 538
478 539
479 539
480 540
481 540
482 541
483 542
484 542
485 543
486 543
487 543
488 543
489 544
490 544
491 544
492 544
493 544
494 544
495 545
496 545
497 545
498 545
499 545
500 545
501 545
502 545
503 545
504 545
505 545
506 545
507 546
508 546
509 546
510 546
511 546
512 546
513 546
514 546
515 546
516 546
517 545
518 545
519 545
520 545
521 545
522 545
523 545
524 545
525 545
526 545
527 545
528 545
529 544
530 544
531 544
532 544
533 544
534 544
535 544
536 543
537 543
538 543
539 543
540 543
541 542
542 542
543 542
544 542
545 541
546 541
547 541
548 541
549 540
550 540
551 540
552 539
553 539
554 539
555 538
556 538
557 538
558 537
559 537
560 537
561 536
562 536
563 535
564 535
565 535
566 534
567 534
568 533
569 533
570 532
571 532
572 531
573 531
574 530
575 530
576 529
577 529
578 528
579 528
580 527
581 526
582 526
583 525
584 525
585 524
586 523
587 523
588 522
589 521
590 520
591 520
592 519
593 518
594 518
595 517
596 516
597 515
598 514
599 513
600 513
601 512
602 511
603 510
604 509
605 508
606 507
607 506
608 505
609 504
610 503
611 502
612 501
613 500
614 499
614 498
615 497
616 496
617 495
618 494
619 493
619 492
620 491
621 490
622 489
622 488
623 487
624 486
624 485
625 484
626 483
626 482
627 481
627 480
628 479
629 478
629 477
630 476
630 475
631 474
631 473
632 472
633 471
633 470
633 469
634 468
634 467
635 466
635 465
636 464
636 463
637 462
637 461
638 460
638 459
638 458
639 457
639 456
639 455
640 454
640 453
641 452
641 451
641 450
642 449
642 448
642 447
642 446
643 445
643 444
643 443
644 442
644 441
644 440
644 439
644 438
645 437
645 436
645 435
645 434
646 433
646 432
646 431
646 430
646 429
646 428
647 427
647 426
647 425
647 424
647 423
647 422
647 421
647 420
647 419
648 418
648 417
648 416
648 415
648 414
648 413
648 412
648 411
648 410
648 409
648 408
648 407
648 406
648 405
648 404
648 403
648 402
648 401
648 400
648 399
648 398
648 397
648 396
648 395
647 394
647 393
647 392
647 391
647 390
647 389
647 388
647 387
647 386
646 385
646 384
646 383
646 382
646 381
646 380
645 379
645 378
645 377
645 376
645 375
644 374
644 373
644 372
644 371
643 370
643 369
643 368
642 367
642 366
642 365
642 364
641 363
641 362
641 361
640 360
640 359
640 358
639 357
639 356
638 355
638 354
638 353
637 352
637 351
636 350
636 349
635 348
635 347
635 346
634 345
634 344
633 343
633 342
632 341
632 340
631 339
630 338
630 337
629 336
629 335
628 334
628 333
627 332
626 331
626 330
625 329
625 328
624 327
623 326
622 325
622 324
621 323
620 322
619 321
619 320
618 319
617 318
616 317
616 316
615 315
614 314
613 313
612 312
611 311
610 310
609 309
608 308
607 307
606 306
605 305
604 304
603 303
602 302
601 301
600 300
599 299
598 298
597 298
596 297
595 296
594 295
593 294
592 294
591 293
590 292
589 292
588 291
587 290
586 290
585 289
584 288
583 288
582 287
581 286
580 286
579 285
578 285
577 284
576 283
575 283
574 282
573 282
572 281
571 281
570 280
569 280
568 279
567 279
566 279
565 278
564 278
563 277
562 277
561 276
560 276
559 276
558 275
557 275
556 275
555 274
554 274
553 274
552 273
551 273
550 273
549 272
548 272
547 272
546 272
545 271
544 271
543 271
542 271
541 270
540 270
539 270
538 270
537 270
536 269
535 269
534 269
533 269
532 269
531 268
530 268
529 268
528 268
527 268
526 268
525 268
524 268
523 268
522 268
521 267
520 267
519 267
518 267
517 267
516 267
515 267
514 267
513 267
512 267
511 267
510 267
509 267
508 267
507 267
506 267
505 267
504 267
503 267
502 267
