489 279
488 280
487 280
486 280
485 281
484 282
484 283
483 284
483 285
483 286
483 287
483 288
483 289
483 290
483 291
483 292
483 293
483 294
483 295
483 296
483 297
483 298
483 299
483 300
483 301
483 302
483 303
483 304
483 305
483 306
483 307
483 308
483 309
483 310
483 311
483 312
483 313
483 314
483 315
483 316
483 317
483 318
483 319
483 320
483 321
483 322
483 323
483 324
483 325
483 326
483 327
483 328
483 329
483 330
483 331
483 332
483 333
483 334
483 335
483 336
483 337
483 338
483 339
483 340
483 341
483 342
483 343
483 344
483 345
483 346
483 347
483 348
483 349
483 350
483 351
483 352
483 353
483 354
483 355
483 356
483 357
483 358
483 359
483 360
483 361
483 362
483 363
483 364
483 365
483 366
483 367
483 368
483 369
483 370
483 371
483 372
483 373
483 374
483 375
483 376
483 377
483 378
483 379
483 380
483 381
483 382
483 383
483 384
483 385
483 386
483 387
483 388
483 389
483 390
483 391
483 392
483 393
483 394
483 395
483 396
483 397
483 398
483 399
483 400
483 401
483 402
483 403
483 404
483 405
483 406
483 407
483 408
483 409
483 410
483 411
483 412
483 413
483 414
483 415
483 416
483 417
483 418
483 419
483 420
483 421
483 422
483 423
483 424
483 425
483 426
483 427
483 428
483 429
483 430
483 431
483 432
483 433
483 434
483 435
483 436
483 437
483 438
483 439
483 440
483 441
483 442
483 443
483 444
483 445
483 446
483 447
483 448
483 449
483 450
483 451
483 452
483 453
483 454
483 455
483 456
483 457
483 458
483 459
483 460
483 461
483 462
483 463
483 464
483 465
483 466
483 467
483 468
483 469
483 470
483 471
483 472
483 473
483 474
483 475
483 476
483 477
483 478
483 479
483 480
483 481
483 482
483 483
483 484
483 485
483 486
483 487
483 488
483 489
483 490
483 491
483 492
483 493
483 494
483 495
483 496
483 497
483 498
483 499
483 500
483 501
483 502
483 503
483 504
483 505
483 506
483 507
483 508
483 509
483 510
483 511
483 512
483 513
483 514
483 515
483 516
483 517
483 518
483 519
483 520
483 521
483 522
483 523
483 524
483 525
483 526
484 527
484 528
485 529
486 530
487 530
488 530
489 530
490 530
491 530
492 530
493 530
494 529
495 529
496 528
497 527
498 526
498 525
499 524
500 523
501 522
501 521
502 520
503 519
504 518
504 517
505 516
506 515
507 514
507 513
508 512
509 511
509 510
510 509
511 508
511 507
512 506
513 505
513 504
514 503
514 502
515 501
516 500
516 499
517 498
518 497
518 496
519 495
519 494
520 493
520 492
521 491
521 490
522 489
523 488
523 487
524 486
524 485
525 484
525 483
526 482
526 481
527 480
527 479
527 478
528 477
528 476
529 475
529 474
530 473
530 472
531 471
531 470
531 469
532 468
532 467
533 466
533 465
533 464
534 463
534 462
534 461
535 460
535 459
535 458
536 457
536 456
536 455
537 454
537 453
537 452
538 451
538 450
538 449
538 448
539 447
539 446
539 445
539 444
540 443
540 442
540 441
540 440
541 439
541 438
541 437
541 436
541 435
542 434
542 433
542 432
542 431
542 430
542 429
543 428
543 427
543 426
543 425
543 424
543 423
543 422
543 421
543 420
544 419
544 418
544 417
544 416
544 415
544 414
544 413
544 412
544 411
544 410
544 409
544 408
544 407
544 406
544 405
544 404
544 403
544 402
544 401
544 400
544 399
544 398
544 397
544 396
544 395
544 394
544 393
544 392
544 391
543 390
543 389
543 388
543 387
543 386
543 385
543 384
543 383
543 382
542 381
542 380
542 379
542 378
542 377
542 376
541 375
541 374
541 373
541 372
541 371
540 370
540 369
540 368
540 367
539 366
539 365
539 364
539 363
538 362
538 361
538 360
538 359
537 358
537 357
537 356
536 355
536 354
536 353
535 352
535 351
535 350
534 349
534 348
534 347
533 346
533 345
533 344
532 343
532 342
531 341
531 340
531 339
530 338
530 337
529 336
529 335
528 334
528 333
527 332
527 331
527 330
526 329
526 328
525 327
525 326
524 325
524 324
523 323
523 322
522 321
522 320
521 319
520 318
520 317
519 316
519 315
518 314
518 313
517 312
516 311
516 310
515 309
515 308
514 307
513 306
513 305
512 304
511 303
511 302
510 301
509 300
509 299
508 298
507 297
507 296
506 295
505 294
504 293
504 292
503 291
502 290
502 289
501 288
500 287
499 286
498 285
498 284
497 283
496 282
495 281
494 281
493 280
492 280
491 280
490 279
489 279
