467 273
466 274
465 275
464 276
464 277
463 278
463 279
463 280
463 281
463 282
463 283
463 284
463 285
463 286
463 287
463 288
463 289
463 290
463 291
463 292
463 293
463 294
463 295
463 296
463 297
463 298
463 299
463 300
463 301
463 302
463 303
463 304
463 305
463 306
463 307
463 308
463 309
463 310
463 311
463 312
463 313
463 314
463 315
463 316
463 317
463 318
463 319
463 320
463 321
463 322
463 323
463 324
463 325
463 326
463 327
463 328
463 329
463 330
463 331
463 332
463 333
463 334
463 335
463 336
463 337
463 338
463 339
463 340
463 341
463 342
463 343
463 344
463 345
463 346
463 347
463 348
463 349
463 350
463 351
463 352
463 353
463 354
463 355
463 356
463 357
463 358
463 359
463 360
463 361
463 362
463 363
463 364
463 365
463 366
463 367
463 368
463 369
463 370
463 371
463 372
463 373
463 374
463 375
463 376
463 377
463 378
463 379
463 380
463 381
463 382
463 383
463 384
463 385
463 386
463 387
463 388
463 389
463 390
463 391
463 392
463 393
463 394
463 395
463 396
463 397
463 398
463 399
463 400
463 401
463 402
463 403
463 404
463 405
463 406
463 407
463 408
463 409
463 410
463 411
463 412
463 413
463 414
463 415
463 416
463 417
463 418
463 419
463 420
463 421
463 422
463 423
463 424
463 425
463 426
463 427
463 428
463 429
463 430
463 431
463 432
463 433
463 434
463 435
463 436
463 437
463 438
463 439
463 440
463 441
463 442
463 443
463 444
463 445
463 446
463 447
463 448
463 449
463 450
463 451
463 452
463 453
463 454
463 455
463 456
463 457
463 458
463 459
463 460
463 461
463 462
463 463
463 464
463 465
463 466
463 467
463 468
463 469
463 470
463 471
463 472
463 473
463 474
463 475
463 476
463 477
463 478
463 479
463 480
463 481
463 482
463 483
463 484
463 485
463 486
463 487
463 488
463 489
463 490
463 491
463 492
463 493
463 494
463 495
463 496
463 497
463 498
463 499
463 500
463 501
463 502
463 503
463 504
463 505
463 506
463 507
463 508
463 509
463 510
463 511
463 512
463 513
463 514
463 515
463 516
463 517
463 518
463 519
463 520
463 521
463 522
463 523
463 524
463 525
463 526
463 527
463 528
463 529
463 530
463 531
463 532
464 533
464 534
465 535
466 536
467 536
468 537
469 537
470 537
471 536
472 536
473 536
474 536
475 536
476 536
477 536
478 535
479 535
480 535
481 535
482 535
483 534
484 534
485 534
486 534
487 533
488 533
489 533
490 533
491 532
492 532
493 532
494 532
495 531
496 531
497 531
498 530
499 530
500 529
501 529
502 529
503 528
504 528
505 528
506 527
507 527
508 526
509 526
510 525
511 525
512 524
513 524
514 523
515 523
516 522
517 522
518 521
519 521
520 520
521 520
522 519
523 518
524 518
525 517
526 517
527 516
528 515
529 515
530 514
531 513
532 512
533 512
534 511
535 510
536 509
537 509
538 508
539 507
540 506
541 505
542 504
543 504
544 503
545 502
546 501
547 500
548 499
549 498
550 497
551 496
552 495
553 494
553 493
554 492
555 491
556 490
557 489
558 488
558 487
559 486
560 485
561 484
561 483
562 482
563 481
564 480
564 479
565 478
566 477
566 476
567 475
567 474
568 473
569 472
569 471
570 470
570 469
571 468
571 467
572 466
572 465
573 464
573 463
574 462
574 461
575 460
575 459
576 458
576 457
577 456
577 455
577 454
578 453
578 452
579 451
579 450
579 449
580 448
580 447
580 446
581 445
581 444
581 443
581 442
582 441
582 440
582 439
583 438
583 437
583 436
583 435
583 434
584 433
584 432
584 431
584 430
585 429
585 428
585 427
585 426
585 425
585 424
585 423
586 422
586 421
586 420
586 419
586 418
586 417
586 416
586 415
586 414
586 413
587 412
587 411
587 410
587 409
587 408
587 407
587 406
587 405
587 404
587 403
587 402
587 401
587 400
587 399
587 398
586 397
586 396
586 395
586 394
586 393
586 392
586 391
586 390
586 389
586 388
586 387
585 386
585 385
585 384
585 383
585 382
585 381
584 380
584 379
584 378
584 377
584 376
583 375
583 374
583 373
583 372
582 371
582 370
582 369
581 368
581 367
581 366
581 365
580 364
580 363
580 362
579 361
579 360
578 359
578 358
578 357
577 356
577 355
577 354
576 353
576 352
575 351
575 350
574 349
574 348
573 347
573 346
572 345
572 344
571 343
571 342
570 341
570 340
569 339
569 338
568 337
567 336
567 335
566 334
566 333
565 332
564 331
564 330
563 329
562 328
561 327
561 326
560 325
559 324
558 323
558 322
557 321
556 320
555 319
554 318
554 317
553 316
552 315
551 314
550 313
549 312
548 311
547 310
546 309
545 308
544 307
543 306
542 305
541 305
540 304
539 303
538 302
537 301
536 300
535 300
534 299
533 298
532 297
531 297
530 296
529 295
528 295
527 294
526 293
525 293
524 292
523 291
522 291
521 290
520 290
519 289
518 289
517 288
516 287
515 287
514 286
513 286
512 285
511 285
510 285
509 284
508 284
507 283
506 283
505 282
504 282
503 282
502 281
501 281
500 280
499 280
498 280
497 279
496 279
495 279
494 278
493 278
492 278
491 277
490 277
489 277
488 277
487 276
486 276
485 276
484 276
483 275
482 275
481 275
480 275
479 275
478 274
477 274
476 274
475 274
474 274
473 274
472 274
471 273
470 273
469 273
468 273
467 273
