485 259
484 260
483 260
482 260
481 260
480 260
479 260
478 260
477 261
476 261
475 261
474 261
473 261
472 261
471 262
470 262
469 262
468 262
467 263
466 263
465 263
464 263
463 264
462 264
461 264
460 264
459 265
458 265
457 265
456 266
455 266
454 266
453 267
452 267
451 268
450 268
449 268
448 269
447 269
446 269
445 270
444 270
443 271
442 271
441 272
440 272
439 273
438 273
437 274
436 274
435 275
434 275
433 276
432 276
431 277
430 277
429 278
428 279
427 279
426 280
425 280
424 281
423 282
422 282
421 283
420 284
419 284
418 285
417 286
416 287
415 287
414 288
413 289
412 290
411 290
410 291
409 292
408 293
407 294
406 294
405 295
404 296
403 297
402 298
401 299
400 300
399 301
398 302
397 303
396 304
395 305
394 306
393 307
392 308
391 309
390 310
389 311
388 312
387 313
387 314
386 315
385 316
384 317
383 318
383 319
382 320
381 321
380 322
379 323
379 324
378 325
377 326
377 327
376 328
375 329
374 330
374 331
373 332
372 333
372 334
371 335
370 336
370 337
369 338
368 339
367 339
366 338
366 337
366 336
365 335
364 334
363 333
362 333
361 333
360 333
359 333
358 333
357 334
356 334
355 335
354 336
353 337
352 338
351 339
350 340
349 341
348 342
348 343
347 344
347 345
346 346
346 347
346 348
346 349
346 350
346 351
346 352
346 353
346 354
346 355
346 356
346 357
346 358
346 359
346 360
346 361
346 362
346 363
346 364
346 365
346 366
346 367
346 368
346 369
346 370
346 371
346 372
346 373
346 374
346 375
346 376
346 377
346 378
346 379
346 380
346 381
346 382
346 383
346 384
346 385
346 386
346 387
346 388
346 389
346 390
346 391
346 392
346 393
346 394
346 395
346 396
346 397
346 398
346 399
346 400
345 401
345 402
345 403
346 404
346 405
346 406
346 407
346 408
346 409
346 410
346 411
346 412
346 413
346 414
346 415
346 416
346 417
346 418
346 419
346 420
346 421
346 422
346 423
346 424
346 425
346 426
346 427
346 428
346 429
346 430
346 431
346 432
346 433
346 434
346 435
346 436
346 437
346 438
346 439
346 440
346 441
346 442
346 443
346 444
346 445
346 446
346 447
346 448
346 449
346 450
346 451
346 452
346 453
346 454
346 455
346 456
346 457
346 458
347 459
347 460
348 461
348 462
349 463
350 464
351 465
352 466
353 467
354 468
355 469
356 470
357 471
358 471
359 471
360 472
361 472
362 471
363 471
364 471
365 470
365 469
366 468
366 467
366 466
367 465
368 465
369 466
370 467
370 468
371 469
372 470
372 471
373 472
374 473
374 474
375 475
376 476
376 477
377 478
378 479
379 480
379 481
380 482
381 483
382 484
382 485
383 486
384 487
385 488
386 489
387 490
387 491
388 492
389 493
390 494
391 495
392 496
393 497
394 498
395 499
396 500
397 501
398 502
399 503
400 504
401 505
402 506
403 507
404 508
405 509
406 510
407 511
408 511
409 512
410 513
411 514
412 515
413 515
414 516
415 517
416 518
417 518
418 519
419 520
420 520
421 521
422 522
423 522
424 523
425 524
426 524
427 525
428 526
429 526
430 527
431 527
432 528
433 528
434 529
435 529
436 530
437 530
438 531
439 532
440 532
441 532
442 533
443 533
444 534
445 534
446 535
447 535
448 535
449 536
450 536
451 537
452 537
453 537
454 538
455 538
456 538
457 539
458 539
459 539
460 540
461 540
462 540
463 541
464 541
465 541
466 541
467 542
468 542
469 542
470 542
471 542
472 543
473 543
474 543
475 543
476 543
477 544
478 544
479 544
480 544
481 544
482 544
483 544
484 545
485 545
486 545
487 545
488 545
489 545
490 545
491 545
492 545
493 545
494 545
495 545
496 545
497 545
498 545
499 545
500 545
501 545
502 545
503 545
504 545
505 545
506 545
507 545
508 545
509 545
510 545
511 545
512 545
513 545
514 545
515 544
516 544
517 544
518 544
519 544
520 544
521 544
522 543
523 543
524 543
525 543
526 543
527 542
528 542
529 542
530 542
531 542
532 541
533 541
534 541
535 540
536 540
537 540
538 540
539 539
540 539
541 539
542 538
543 538
544 538
545 537
546 537
547 537
548 536
549 536
550 535
551 535
552 535
553 534
554 534
555 533
556 533
557 532
558 532
559 531
560 531
561 530
562 530
563 529
564 529
565 528
566 528
567 527
568 527
569 526
570 525
571 525
572 524
573 524
574 523
575 522
576 522
577 521
578 520
579 520
580 519
581 518
582 517
583 517
584 516
585 515
586 514
587 514
588 513
589 512
590 511
591 510
592 509
593 508
594 507
595 506
596 505
597 504
598 503
599 502
600 501
601 500
602 499
603 498
604 497
605 496
606 495
606 494
607 493
608 492
609 491
610 490
610 489
611 488
612 487
613 486
613 485
614 484
615 483
615 482
616 481
617 480
617 479
618 478
618 477
619 476
620 475
620 474
621 473
621 472
622 471
622 470
623 469
623 468
624 467
624 466
625 465
625 464
626 463
626 462
627 461
627 460
627 459
628 458
628 457
629 456
629 455
629 454
630 453
630 452
630 451
631 450
631 449
631 448
632 447
632 446
632 445
633 444
633 443
633 442
633 441
634 440
634 439
634 438
635 437
635 436
635 435
635 434
635 433
636 432
636 431
636 430
636 429
636 428
637 427
637 426
637 425
637 424
637 423
637 422
637 421
638 420
638 419
638 418
638 417
638 416
638 415
638 414
638 413
638 412
638 411
638 410
638 409
639 408
639 407
639 406
639 405
639 404
639 403
639 402
639 401
639 400
639 399
639 398
639 397
639 396
638 395
638 394
638 393
638 392
638 391
638 390
638 389
638 388
638 387
638 386
638 385
638 384
637 383
637 382
637 381
637 380
637 379
637 378
637 377
636 376
636 375
636 374
636 373
636 372
635 371
635 370
635 369
635 368
634 367
634 366
634 365
634 364
633 363
633 362
633 361
633 360
632 359
632 358
632 357
631 356
631 355
631 354
630 353
630 352
630 351
629 350
629 349
629 348
628 347
628 346
627 345
627 344
626 343
626 342
626 341
625 340
625 339
624 338
624 337
623 336
623 335
622 334
622 333
621 332
621 331
620 330
619 329
619 328
618 327
618 326
617 325
616 324
616 323
615 322
614 321
614 320
613 319
612 318
612 317
611 316
610 315
609 314
609 313
608 312
607 311
606 310
606 309
605 308
604 307
603 306
602 305
601 304
600 303
599 302
598 301
597 300
596 299
595 298
594 297
593 296
592 295
591 294
590 293
589 292
588 291
587 291
586 290
585 289
584 288
583 287
582 287
581 286
580 285
579 285
578 284
577 283
576 282
575 282
574 281
573 280
572 280
571 279
570 279
569 278
568 277
567 277
566 276
565 276
564 275
563 275
562 274
561 274
560 273
559 273
558 272
557 272
556 271
555 271
554 270
553 270
552 270
551 269
550 269
549 268
548 268
547 268
546 267
545 267
544 266
543 266
542 266
541 265
540 265
539 265
538 264
537 264
536 264
535 264
534 263
533 263
532 263
531 263
530 262
529 262
528 262
527 262
526 261
525 261
524 261
523 261
522 261
521 261
520 260
519 260
518 260
517 260
516 260
515 260
514 260
513 259
512 259
511 259
510 259
509 259
508 259
507 259
506 259
505 259
504 259
503 259
502 259
501 259
500 259
499 259
498 259
497 259
496 259
495 259
494 259
493 259
492 259
491 259
490 259
489 259
488 259
487 259
486 259
485 259
