423 233
422 234
421 234
420 235
419 236
419 237
418 238
418 239
417 240
417 241
417 242
417 243
416 244
416 245
416 246
416 247
416 248
416 249
416 250
416 251
416 252
416 253
416 254
416 255
416 256
416 257
416 258
416 259
416 260
416 261
416 262
416 263
416 264
416 265
416 266
416 267
416 268
416 269
416 270
416 271
416 272
416 273
416 274
416 275
416 276
416 277
416 278
416 279
416 280
416 281
416 282
416 283
416 284
416 285
416 286
416 287
416 288
416 289
416 290
416 291
416 292
416 293
416 294
416 295
416 296
416 297
416 298
416 299
416 300
416 301
416 302
416 303
416 304
416 305
416 306
416 307
416 308
416 309
416 310
416 311
416 312
416 313
416 314
416 315
416 316
416 317
416 318
416 319
416 320
416 321
416 322
416 323
416 324
416 325
416 326
416 327
416 328
416 329
416 330
416 331
416 332
416 333
416 334
416 335
416 336
416 337
416 338
416 339
416 340
416 341
416 342
416 343
416 344
416 345
416 346
416 347
416 348
416 349
416 350
416 351
416 352
416 353
416 354
416 355
416 356
416 357
416 358
416 359
416 360
416 361
416 362
416 363
416 364
416 365
416 366
416 367
416 368
416 369
416 370
416 371
416 372
416 373
416 374
416 375
416 376
416 377
416 378
416 379
416 380
416 381
416 382
416 383
416 384
416 385
416 386
416 387
416 388
416 389
416 390
416 391
416 392
416 393
416 394
416 395
416 396
416 397
416 398
416 399
416 400
416 401
416 402
416 403
416 404
416 405
416 406
416 407
416 408
416 409
416 410
416 411
416 412
416 413
416 414
416 415
416 416
416 417
416 418
416 419
416 420
416 421
416 422
416 423
416 424
416 425
416 426
416 427
416 428
416 429
416 430
416 431
416 432
416 433
416 434
416 435
416 436
416 437
416 438
416 439
416 440
416 441
416 442
416 443
416 444
416 445
416 446
416 447
416 448
416 449
416 450
416 451
416 452
416 453
416 454
416 455
416 456
416 457
416 458
416 459
416 460
416 461
416 462
416 463
416 464
416 465
416 466
416 467
416 468
416 469
416 470
416 471
416 472
416 473
416 474
416 475
416 476
416 477
416 478
416 479
416 480
416 481
416 482
416 483
416 484
416 485
416 486
416 487
416 488
416 489
416 490
416 491
416 492
416 493
416 494
416 495
416 496
416 497
416 498
416 499
416 500
416 501
416 502
416 503
416 504
416 505
416 506
416 507
416 508
416 509
416 510
416 511
416 512
416 513
416 514
416 515
416 516
416 517
416 518
416 519
416 520
416 521
416 522
416 523
416 524
416 525
416 526
416 527
416 528
416 529
416 530
416 531
416 532
416 533
416 534
416 535
416 536
416 537
416 538
416 539
416 540
416 541
416 542
416 543
416 544
416 545
416 546
416 547
416 548
416 549
416 550
416 551
416 552
416 553
416 554
416 555
416 556
416 557
416 558
416 559
416 560
416 561
416 562
416 563
416 564
416 565
416 566
416 567
416 568
417 569
417 570
417 571
417 572
417 573
418 574
418 575
419 576
419 577
420 578
421 578
422 579
423 579
424 580
425 580
426 580
427 579
428 579
429 579
430 578
431 578
432 577
433 576
433 575
434 574
434 573
435 572
436 571
436 570
437 569
438 568
439 568
440 567
441 567
442 567
443 566
444 566
445 566
446 566
447 566
448 566
449 566
450 565
451 565
452 565
453 565
454 565
455 565
456 565
457 564
458 564
459 564
460 564
461 564
462 564
463 564
464 563
465 563
466 563
467 563
468 563
469 562
470 562
471 562
472 562
473 562
474 561
475 561
476 561
477 561
478 560
479 560
480 560
481 560
482 559
483 559
484 559
485 559
486 558
487 558
488 558
489 557
490 557
491 557
492 556
493 556
494 556
495 555
496 555
497 555
498 554
499 554
500 553
501 553
502 553
503 552
504 552
505 551
506 551
507 550
508 550
509 549
510 549
511 548
512 548
513 547
514 547
515 546
516 546
517 545
518 544
519 544
520 543
521 543
522 542
523 541
524 541
525 540
526 539
527 538
528 538
529 537
530 536
531 535
532 535
533 534
534 533
535 532
536 531
537 530
538 530
539 529
540 528
541 527
542 526
543 525
544 524
545 523
546 522
547 521
547 520
548 519
549 518
550 517
551 516
552 515
552 514
553 513
554 512
555 511
555 510
556 509
557 508
558 507
558 506
559 505
560 504
560 503
561 502
561 501
562 500
563 499
563 498
564 497
564 496
565 495
566 494
566 493
567 492
567 491
568 490
568 489
569 488
569 487
570 486
570 485
571 484
571 483
571 482
572 481
572 480
573 479
573 478
574 477
574 476
574 475
575 474
575 473
576 472
576 471
576 470
577 469
577 468
577 467
578 466
578 465
578 464
579 463
579 462
579 461
579 460
580 459
580 458
580 457
580 456
581 455
581 454
581 453
581 452
581 451
582 450
582 449
582 448
582 447
582 446
583 445
583 444
583 443
583 442
583 441
583 440
583 439
583 438
583 437
583 436
584 435
584 434
584 433
584 432
584 431
584 430
584 429
584 428
584 427
584 426
584 425
584 424
584 423
584 422
584 421
584 420
584 419
584 418
584 417
584 416
584 415
584 414
584 413
584 412
584 411
584 410
584 409
584 408
584 407
584 406
584 405
584 404
584 403
584 402
584 401
584 400
584 399
584 398
584 397
584 396
584 395
584 394
584 393
584 392
584 391
584 390
584 389
584 388
584 387
584 386
584 385
584 384
584 383
584 382
584 381
584 380
584 379
584 378
583 377
583 376
583 375
583 374
583 373
583 372
583 371
583 370
583 369
583 368
582 367
582 366
582 365
582 364
582 363
582 362
581 361
581 360
581 359
581 358
580 357
580 356
580 355
580 354
579 353
579 352
579 351
579 350
578 349
578 348
578 347
577 346
577 345
577 344
576 343
576 342
576 341
575 340
575 339
574 338
574 337
574 336
573 335
573 334
572 333
572 332
572 331
571 330
571 329
570 328
570 327
569 326
569 325
568 324
568 323
567 322
567 321
566 320
566 319
565 318
564 317
564 316
563 315
563 314
562 313
562 312
561 311
560 310
560 309
559 308
558 307
558 306
557 305
556 304
556 303
555 302
554 301
553 300
553 299
552 298
551 297
550 296
549 295
548 294
548 293
547 292
546 291
545 290
544 289
543 288
542 287
541 286
540 285
539 284
538 283
537 282
536 281
535 281
534 280
533 279
532 278
531 277
530 277
529 276
528 275
527 274
526 274
525 273
524 272
523 271
522 271
521 270
520 270
519 269
518 268
517 268
516 267
515 267
514 266
513 265
512 265
511 264
510 264
509 263
508 263
507 262
506 262
505 262
504 261
503 261
502 260
501 260
500 259
499 259
498 259
497 258
496 258
495 257
494 257
493 257
492 256
491 256
490 256
489 255
488 255
487 255
486 254
485 254
484 254
483 254
482 253
481 253
480 253
479 253
478 252
477 252
476 252
475 252
474 251
473 251
472 251
471 251
470 250
469 250
468 250
467 250
466 250
465 250
464 249
463 249
462 249
461 249
460 249
459 249
458 248
457 248
456 248
455 248
454 248
453 248
452 248
451 247
450 247
449 247
448 247
447 247
446 247
445 247
444 246
443 246
442 246
441 246
440 246
439 245
438 244
437 243
436 242
435 241
435 240
434 239
434 238
433 237
432 236
431 235
430 235
429 234
428 234
427 233
426 233
425 233
424 233
423 233
