432 214
431 215
430 215
429 216
428 216
427 216
426 217
425 217
424 218
423 218
422 219
421 219
420 220
419 220
418 221
417 221
416 222
415 222
414 223
413 223
412 224
411 225
410 225
409 226
408 227
407 227
406 227
405 227
404 227
403 227
402 227
401 228
400 228
399 229
398 230
398 231
398 232
398 233
398 234
398 235
398 236
398 237
398 238
398 239
398 240
398 241
398 242
398 243
398 244
398 245
398 246
398 247
398 248
398 249
398 250
398 251
398 252
398 253
398 254
398 255
398 256
398 257
398 258
398 259
398 260
398 261
398 262
398 263
398 264
398 265
398 266
398 267
398 268
398 269
398 270
398 271
398 272
398 273
398 274
398 275
398 276
398 277
398 278
398 279
398 280
398 281
398 282
398 283
398 284
398 285
398 286
398 287
398 288
398 289
398 290
398 291
398 292
398 293
398 294
398 295
398 296
398 297
398 298
398 299
398 300
398 301
398 302
398 303
398 304
398 305
398 306
398 307
398 308
398 309
398 310
398 311
398 312
398 313
398 314
398 315
398 316
398 317
398 318
398 319
398 320
398 321
398 322
398 323
398 324
398 325
398 326
398 327
398 328
398 329
398 330
398 331
398 332
398 333
398 334
398 335
398 336
398 337
398 338
398 339
398 340
398 341
398 342
398 343
398 344
398 345
398 346
398 347
398 348
398 349
398 350
398 351
398 352
398 353
398 354
398 355
398 356
398 357
398 358
398 359
398 360
398 361
398 362
398 363
398 364
398 365
398 366
398 367
398 368
398 369
398 370
398 371
398 372
398 373
398 374
398 375
398 376
398 377
398 378
398 379
398 380
398 381
398 382
398 383
398 384
398 385
398 386
398 387
398 388
398 389
398 390
398 391
398 392
398 393
398 394
398 395
398 396
398 397
398 398
398 399
398 400
398 401
398 402
398 403
398 404
398 405
398 406
398 407
398 408
398 409
398 410
398 411
398 412
398 413
398 414
398 415
398 416
398 417
398 418
398 419
398 420
398 421
398 422
398 423
398 424
398 425
398 426
398 427
398 428
398 429
398 430
398 431
398 432
398 433
398 434
398 435
398 436
398 437
398 438
398 439
398 440
398 441
398 442
398 443
398 444
398 445
398 446
398 447
398 448
398 449
398 450
398 451
398 452
398 453
398 454
398 455
398 456
398 457
398 458
398 459
398 460
398 461
398 462
398 463
398 464
398 465
398 466
398 467
398 468
398 469
398 470
398 471
398 472
398 473
398 474
398 475
398 476
398 477
398 478
398 479
398 480
398 481
398 482
398 483
398 484
398 485
398 486
398 487
398 488
398 489
398 490
398 491
398 492
398 493
398 494
398 495
398 496
398 497
398 498
398 499
398 500
398 501
398 502
398 503
398 504
398 505
398 506
398 507
398 508
398 509
398 510
398 511
398 512
398 513
398 514
398 515
398 516
398 517
398 518
398 519
398 520
398 521
398 522
398 523
398 524
398 525
398 526
398 527
398 528
398 529
398 530
398 531
398 532
398 533
398 534
398 535
398 536
398 537
398 538
398 539
398 540
398 541
398 542
398 543
398 544
398 545
398 546
398 547
398 548
398 549
398 550
398 551
398 552
398 553
398 554
398 555
398 556
398 557
398 558
398 559
398 560
398 561
398 562
398 563
398 564
398 565
398 566
398 567
398 568
398 569
398 570
399 571
400 572
401 573
402 573
403 573
404 573
405 573
406 573
407 573
408 573
409 574
410 575
411 576
412 576
413 577
414 577
415 578
416 578
417 579
418 579
419 580
420 580
421 581
422 581
423 582
424 582
425 583
426 583
427 584
428 584
429 585
430 585
431 586
432 586
433 586
434 587
435 587
436 587
437 587
438 586
439 586
440 586
441 586
442 585
443 585
444 585
445 585
446 584
447 584
448 584
449 583
450 583
451 583
452 582
453 582
454 582
455 581
456 581
457 581
458 580
459 580
460 579
461 579
462 579
463 578
464 578
465 577
466 577
467 576
468 576
469 575
470 575
471 574
472 574
473 573
474 573
475 572
476 571
477 571
478 570
479 570
480 569
481 568
482 568
483 567
484 566
485 566
486 565
487 564
488 563
489 563
490 562
491 561
492 560
493 560
494 559
495 558
496 557
497 556
498 555
499 555
500 554
501 553
502 552
503 551
504 550
505 549
506 548
507 547
508 546
509 545
510 544
511 543
511 542
512 541
513 540
514 539
515 538
516 537
516 536
517 535
518 534
519 533
520 532
520 531
521 530
522 529
523 528
523 527
524 526
525 525
525 524
526 523
527 522
527 521
528 520
529 519
529 518
530 517
530 516
531 515
532 514
532 513
533 512
533 511
534 510
534 509
535 508
536 507
536 506
537 505
537 504
538 503
538 502
539 501
539 500
540 499
540 498
540 497
541 496
541 495
542 494
542 493
543 492
543 491
544 490
544 489
544 488
545 487
545 486
546 485
546 484
546 483
547 482
547 481
547 480
548 479
548 478
548 477
549 476
549 475
549 474
550 473
550 472
550 471
551 470
551 469
551 468
552 467
552 466
552 465
552 464
553 463
553 462
553 461
553 460
554 459
554 458
554 457
554 456
555 455
555 454
555 453
555 452
556 451
556 450
556 449
556 448
556 447
557 446
557 445
557 444
557 443
557 442
557 441
558 440
558 439
558 438
558 437
558 436
558 435
559 434
559 433
559 432
559 431
559 430
559 429
559 428
559 427
559 426
560 425
560 424
560 423
560 422
560 421
560 420
560 419
560 418
560 417
560 416
560 415
560 414
560 413
560 412
561 411
561 410
561 409
561 408
561 407
561 406
561 405
561 404
561 403
561 402
561 401
561 400
561 399
561 398
561 397
561 396
561 395
561 394
561 393
561 392
561 391
561 390
560 389
560 388
560 387
560 386
560 385
560 384
560 383
560 382
560 381
560 380
560 379
560 378
560 377
560 376
560 375
559 374
559 373
559 372
559 371
559 370
559 369
559 368
559 367
559 366
558 365
558 364
558 363
558 362
558 361
558 360
557 359
557 358
557 357
557 356
557 355
557 354
556 353
556 352
556 351
556 350
556 349
555 348
555 347
555 346
555 345
554 344
554 343
554 342
554 341
553 340
553 339
553 338
553 337
552 336
552 335
552 334
551 333
551 332
551 331
551 330
550 329
550 328
550 327
549 326
549 325
549 324
548 323
548 322
548 321
547 320
547 319
547 318
546 317
546 316
545 315
545 314
545 313
544 312
544 311
543 310
543 309
543 308
542 307
542 306
541 305
541 304
540 303
540 302
539 301
539 300
538 299
538 298
537 297
537 296
536 295
536 294
535 293
535 292
534 291
534 290
533 289
533 288
532 287
532 286
531 285
530 284
530 283
529 282
528 281
528 280
527 279
526 278
526 277
525 276
525 275
524 274
523 273
522 272
522 271
521 270
520 269
520 268
519 267
518 266
517 265
516 264
515 263
515 262
514 261
513 260
512 259
511 258
510 257
510 256
509 255
508 254
507 253
506 252
505 251
504 250
503 249
502 248
501 247
500 246
499 246
498 245
497 244
496 243
495 242
494 241
493 241
492 240
491 239
490 238
489 237
488 237
487 236
486 235
485 235
484 234
483 233
482 232
481 232
480 231
479 231
478 230
477 229
476 229
475 228
474 228
473 227
472 226
471 226
470 225
469 225
468 224
467 224
466 223
465 223
464 222
463 222
462 222
461 221
460 221
459 220
458 220
457 220
456 219
455 219
454 218
453 218
452 218
451 217
450 217
449 217
448 216
447 216
446 216
445 215
444 215
443 215
442 215
441 214
440 214
439 214
438 214
437 214
436 214
435 214
434 214
433 214
432 214
