491 211
490 212
489 213
488 214
488 215
487 216
487 217
487 218
486 219
485 219
484 220
483 221
482 221
481 222
480 222
479 223
478 224
477 224
476 225
475 226
474 226
473 227
472 227
471 228
470 229
469 229
468 230
467 231
466 231
465 232
464 233
463 233
462 234
461 234
460 235
459 236
458 235
457 235
456 235
455 234
454 234
453 235
452 235
451 235
450 236
449 236
448 237
447 238
446 239
445 240
445 241
445 242
445 243
445 244
445 245
445 246
445 247
445 248
445 249
445 250
445 251
445 252
445 253
445 254
445 255
445 256
445 257
445 258
445 259
445 260
445 261
445 262
445 263
445 264
445 265
445 266
445 267
445 268
445 269
445 270
445 271
445 272
445 273
445 274
445 275
445 276
445 277
445 278
445 279
445 280
445 281
445 282
445 283
445 284
445 285
445 286
445 287
445 288
445 289
445 290
445 291
445 292
445 293
445 294
445 295
445 296
445 297
445 298
445 299
445 300
445 301
445 302
445 303
445 304
445 305
445 306
445 307
445 308
445 309
445 310
445 311
445 312
445 313
445 314
445 315
445 316
445 317
445 318
445 319
445 320
445 321
445 322
445 323
445 324
445 325
445 326
445 327
445 328
445 329
445 330
445 331
445 332
445 333
445 334
445 335
445 336
445 337
445 338
445 339
445 340
445 341
445 342
445 343
445 344
445 345
445 346
445 347
445 348
445 349
445 350
445 351
445 352
445 353
445 354
445 355
445 356
445 357
445 358
445 359
445 360
445 361
445 362
445 363
445 364
445 365
445 366
445 367
445 368
445 369
445 370
445 371
445 372
445 373
445 374
445 375
445 376
445 377
445 378
445 379
445 380
445 381
445 382
445 383
445 384
445 385
445 386
445 387
445 388
445 389
445 390
445 391
445 392
445 393
445 394
445 395
445 396
445 397
445 398
445 399
445 400
445 401
445 402
445 403
445 404
445 405
445 406
445 407
445 408
445 409
445 410
445 411
445 412
445 413
445 414
445 415
445 416
445 417
445 418
445 419
445 420
445 421
445 422
445 423
445 424
445 425
445 426
445 427
445 428
445 429
445 430
445 431
445 432
445 433
445 434
445 435
445 436
445 437
445 438
445 439
445 440
445 441
445 442
445 443
445 444
445 445
445 446
445 447
445 448
445 449
445 450
445 451
445 452
445 453
445 454
445 455
445 456
445 457
445 458
445 459
445 460
445 461
445 462
445 463
445 464
445 465
445 466
445 467
445 468
445 469
445 470
445 471
445 472
445 473
445 474
445 475
445 476
445 477
445 478
445 479
445 480
445 481
445 482
445 483
445 484
445 485
445 486
445 487
445 488
445 489
445 490
445 491
445 492
445 493
445 494
445 495
445 496
445 497
445 498
445 499
445 500
445 501
445 502
445 503
445 504
445 505
445 506
445 507
445 508
445 509
445 510
445 511
445 512
445 513
445 514
445 515
445 516
445 517
445 518
445 519
445 520
445 521
445 522
445 523
445 524
445 525
445 526
445 527
445 528
445 529
445 530
445 531
445 532
445 533
445 534
445 535
445 536
445 537
445 538
445 539
445 540
445 541
445 542
445 543
445 544
445 545
445 546
445 547
445 548
445 549
445 550
445 551
445 552
445 553
445 554
445 555
445 556
445 557
445 558
445 559
445 560
445 561
445 562
445 563
445 564
445 565
445 566
445 567
445 568
445 569
445 570
445 571
445 572
445 573
445 574
445 575
445 576
445 577
445 578
446 579
446 580
447 581
448 582
449 582
450 583
451 583
452 584
453 584
454 584
455 584
456 584
457 584
458 583
459 583
460 583
461 584
462 585
463 585
464 586
465 587
466 587
467 588
468 588
469 589
470 590
471 590
472 591
473 592
474 592
475 593
476 593
477 594
478 595
479 595
480 596
481 597
482 597
483 598
484 599
485 599
486 600
487 601
487 602
488 603
488 604
488 605
489 606
490 606
491 607
492 607
493 607
494 607
495 607
496 607
497 606
498 606
499 605
500 605
501 604
502 603
503 603
504 602
505 601
506 600
507 600
508 599
509 598
510 597
511 596
512 596
513 595
514 594
515 593
516 592
517 592
518 591
519 590
520 589
521 588
522 587
523 586
524 586
525 585
526 584
527 583
528 582
529 581
530 580
531 579
532 578
533 577
534 576
535 575
536 574
537 573
538 572
539 571
540 570
541 569
542 568
543 567
544 566
545 565
546 564
546 563
547 562
548 561
549 560
550 559
551 558
552 557
552 556
553 555
554 554
555 553
556 552
556 551
557 550
558 549
559 548
559 547
560 546
561 545
562 544
562 543
563 542
564 541
565 540
565 539
566 538
567 537
567 536
568 535
569 534
569 533
570 532
570 531
571 530
572 529
572 528
573 527
573 526
574 525
575 524
575 523
576 522
576 521
577 520
577 519
578 518
578 517
579 516
580 515
580 514
581 513
581 512
582 511
582 510
582 509
583 508
583 507
584 506
584 505
585 504
585 503
586 502
586 501
587 500
587 499
587 498
588 497
588 496
589 495
589 494
589 493
590 492
590 491
591 490
591 489
591 488
592 487
592 486
592 485
593 484
593 483
593 482
594 481
594 480
594 479
595 478
595 477
595 476
596 475
596 474
596 473
596 472
597 471
597 470
597 469
597 468
598 467
598 466
598 465
598 464
599 463
599 462
599 461
599 460
600 459
600 458
600 457
600 456
600 455
601 454
601 453
601 452
601 451
601 450
602 449
602 448
602 447
602 446
602 445
602 444
602 443
603 442
603 441
603 440
603 439
603 438
603 437
603 436
603 435
604 434
604 433
604 432
604 431
604 430
604 429
604 428
604 427
604 426
604 425
604 424
605 423
605 422
605 421
605 420
605 419
605 418
605 417
605 416
605 415
605 414
605 413
605 412
605 411
605 410
605 409
605 408
605 407
605 406
605 405
605 404
605 403
605 402
605 401
605 400
605 399
605 398
605 397
605 396
604 395
604 394
604 393
604 392
604 391
604 390
604 389
604 388
604 387
604 386
604 385
604 384
603 383
603 382
603 381
603 380
603 379
603 378
603 377
602 376
602 375
602 374
602 373
602 372
602 371
602 370
601 369
601 368
601 367
601 366
601 365
601 364
600 363
600 362
600 361
600 360
599 359
599 358
599 357
599 356
599 355
598 354
598 353
598 352
598 351
597 350
597 349
597 348
597 347
596 346
596 345
596 344
595 343
595 342
595 341
594 340
594 339
594 338
594 337
593 336
593 335
593 334
592 333
592 332
591 331
591 330
591 329
590 328
590 327
590 326
589 325
589 324
588 323
588 322
588 321
587 320
587 319
586 318
586 317
585 316
585 315
585 314
584 313
584 312
583 311
583 310
582 309
582 308
581 307
581 306
580 305
580 304
579 303
579 302
578 301
578 300
577 299
577 298
576 297
575 296
575 295
574 294
574 293
573 292
572 291
572 290
571 289
571 288
570 287
569 286
569 285
568 284
568 283
567 282
566 281
566 280
565 279
564 278
563 277
563 276
562 275
561 274
561 273
560 272
559 271
558 270
558 269
557 268
556 267
555 266
554 265
554 264
553 263
552 262
551 261
550 260
550 259
549 258
548 257
547 256
546 255
545 254
544 253
543 252
542 251
542 250
541 249
540 248
539 247
538 246
537 245
536 244
535 243
534 242
533 241
532 240
531 239
530 238
529 238
528 237
527 236
526 235
525 234
524 233
523 232
522 231
521 230
520 229
519 229
518 228
517 227
516 226
515 225
514 224
513 224
512 223
511 222
510 221
509 220
508 220
507 219
506 218
505 217
504 217
503 216
502 215
501 214
500 214
499 213
498 212
497 212
496 212
495 211
494 211
493 211
492 211
491 211
