454 263
453 264
452 264
452 265
451 266
451 267
451 268
451 269
451 270
451 271
451 272
451 273
451 274
451 275
451 276
451 277
451 278
451 279
451 280
451 281
451 282
451 283
451 284
451 285
451 286
451 287
451 288
451 289
451 290
451 291
451 292
451 293
451 294
451 295
451 296
451 297
451 298
451 299
451 300
451 301
451 302
451 303
451 304
451 305
451 306
451 307
451 308
451 309
451 310
451 311
451 312
451 313
451 314
451 315
451 316
451 317
451 318
451 319
451 320
451 321
451 322
451 323
451 324
451 325
451 326
451 327
451 328
451 329
451 330
451 331
451 332
451 333
451 334
451 335
451 336
451 337
451 338
451 339
451 340
451 341
451 342
451 343
451 344
451 345
451 346
451 347
451 348
451 349
451 350
451 351
451 352
451 353
451 354
451 355
451 356
451 357
451 358
451 359
451 360
451 361
451 362
451 363
451 364
451 365
451 366
451 367
451 368
451 369
451 370
451 371
451 372
451 373
451 374
451 375
451 376
451 377
451 378
451 379
451 380
451 381
451 382
451 383
451 384
451 385
451 386
451 387
451 388
451 389
451 390
451 391
451 392
451 393
451 394
451 395
451 396
451 397
451 398
451 399
451 400
451 401
451 402
451 403
451 404
451 405
451 406
451 407
451 408
451 409
451 410
451 411
450 412
450 413
450 414
450 415
451 416
451 417
451 418
451 419
451 420
451 421
451 422
451 423
451 424
451 425
451 426
451 427
451 428
451 429
451 430
451 431
451 432
451 433
451 434
451 435
451 436
451 437
451 438
451 439
451 440
451 441
451 442
451 443
451 444
451 445
451 446
451 447
451 448
451 449
451 450
451 451
451 452
451 453
451 454
451 455
451 456
451 457
451 458
451 459
451 460
451 461
451 462
451 463
451 464
451 465
451 466
451 467
451 468
451 469
451 470
451 471
451 472
451 473
451 474
451 475
451 476
451 477
451 478
451 479
451 480
451 481
451 482
451 483
451 484
451 485
451 486
451 487
451 488
451 489
451 490
451 491
451 492
451 493
451 494
451 495
451 496
451 497
451 498
451 499
451 500
451 501
451 502
451 503
451 504
451 505
451 506
451 507
451 508
451 509
451 510
451 511
451 512
451 513
451 514
451 515
451 516
451 517
451 518
451 519
451 520
451 521
451 522
451 523
451 524
451 525
451 526
451 527
451 528
451 529
451 530
451 531
451 532
451 533
451 534
451 535
451 536
451 537
451 538
451 539
451 540
451 541
451 542
451 543
451 544
451 545
451 546
451 547
451 548
451 549
451 550
451 551
451 552
451 553
451 554
451 555
451 556
451 557
451 558
451 559
451 560
451 561
452 562
452 563
453 563
454 564
455 564
456 564
457 564
458 564
459 563
460 562
461 561
462 560
462 559
463 558
463 557
464 556
464 555
465 554
465 553
466 552
466 551
467 550
468 549
468 548
469 547
470 546
471 545
472 544
473 543
474 542
475 541
476 541
477 541
478 541
479 541
480 541
481 541
482 542
483 542
484 543
485 543
486 544
487 544
488 545
489 545
490 546
491 546
492 547
493 547
494 548
495 548
496 549
497 549
498 550
499 550
500 551
501 551
502 552
503 552
504 553
505 553
506 554
507 554
508 555
509 555
510 556
511 556
512 557
513 557
514 558
515 558
516 559
517 560
518 560
519 561
520 561
521 561
522 561
523 562
524 562
525 562
526 562
527 562
528 562
529 561
530 561
531 561
532 560
533 559
534 559
535 558
536 557
536 556
537 555
538 554
539 553
540 552
541 551
542 550
543 549
543 548
544 547
545 546
546 545
547 544
547 543
548 542
549 541
549 540
550 539
551 538
552 537
552 536
553 535
554 534
554 533
555 532
555 531
556 530
557 529
557 528
558 527
558 526
559 525
560 524
560 523
561 522
561 521
562 520
562 519
563 518
563 517
564 516
564 515
565 514
565 513
566 512
566 511
567 510
567 509
568 508
568 507
569 506
569 505
570 504
570 503
570 502
571 501
571 500
572 499
572 498
572 497
573 496
573 495
574 494
574 493
574 492
575 491
575 490
575 489
576 488
576 487
576 486
577 485
577 484
577 483
578 482
578 481
578 480
578 479
579 478
579 477
579 476
580 475
580 474
580 473
580 472
581 471
581 470
581 469
581 468
582 467
582 466
582 465
582 464
583 463
583 462
583 461
583 460
583 459
584 458
584 457
584 456
584 455
584 454
584 453
585 452
585 451
585 450
585 449
585 448
585 447
586 446
586 445
586 444
586 443
586 442
586 441
586 440
586 439
587 438
587 437
587 436
587 435
587 434
587 433
587 432
587 431
587 430
587 429
587 428
588 427
588 426
588 425
588 424
588 423
588 422
588 421
588 420
588 419
588 418
588 417
588 416
588 415
588 414
588 413
588 412
588 411
588 410
588 409
588 408
588 407
588 406
588 405
588 404
588 403
588 402
588 401
588 400
587 399
587 398
587 397
587 396
587 395
587 394
587 393
587 392
587 391
587 390
587 389
586 388
586 387
586 386
586 385
586 384
586 383
586 382
586 381
585 380
585 379
585 378
585 377
585 376
585 375
584 374
584 373
584 372
584 371
584 370
584 369
583 368
583 367
583 366
583 365
582 364
582 363
582 362
582 361
582 360
581 359
581 358
581 357
581 356
580 355
580 354
580 353
580 352
579 351
579 350
579 349
578 348
578 347
578 346
577 345
577 344
577 343
577 342
576 341
576 340
576 339
575 338
575 337
575 336
574 335
574 334
573 333
573 332
573 331
572 330
572 329
571 328
571 327
571 326
570 325
570 324
570 323
569 322
569 321
568 320
568 319
567 318
567 317
566 316
566 315
565 314
565 313
564 312
564 311
563 310
563 309
562 308
562 307
561 306
561 305
560 304
560 303
559 302
558 301
558 300
557 299
557 298
556 297
555 296
555 295
554 294
553 293
553 292
552 291
551 290
551 289
550 288
549 287
549 286
548 285
547 284
546 283
546 282
545 281
544 280
543 279
543 278
542 277
541 276
540 275
539 274
538 273
537 272
536 271
535 270
535 269
534 268
533 268
532 267
531 266
530 266
529 266
528 266
527 265
526 265
525 265
524 265
523 265
522 266
521 266
520 266
519 267
518 267
517 267
516 268
515 269
514 269
513 270
512 270
511 271
510 271
509 272
508 272
507 273
506 273
505 274
504 274
503 275
502 275
501 276
500 276
499 277
498 277
497 278
496 278
495 279
494 279
493 280
492 280
491 281
490 281
489 282
488 282
487 283
486 283
485 284
484 284
483 285
482 285
481 286
480 286
479 286
478 286
477 286
476 286
475 286
474 285
473 284
472 283
471 282
470 281
469 280
468 279
468 278
467 277
466 276
466 275
465 274
465 273
464 272
464 271
463 270
463 269
462 268
462 267
461 266
460 265
459 264
458 263
457 263
456 263
455 263
454 263
