475 213
474 214
473 214
472 215
471 216
470 216
469 217
469 218
468 219
467 220
466 221
466 222
465 223
464 224
464 225
463 226
463 227
462 228
461 229
461 230
460 231
460 232
459 233
459 234
458 235
457 236
456 237
455 237
454 238
453 238
452 238
451 239
450 240
449 241
449 242
449 243
449 244
449 245
449 246
449 247
449 248
449 249
449 250
449 251
449 252
449 253
449 254
449 255
449 256
449 257
449 258
449 259
449 260
449 261
449 262
449 263
449 264
449 265
449 266
449 267
449 268
449 269
449 270
449 271
449 272
449 273
449 274
449 275
449 276
449 277
449 278
449 279
449 280
449 281
449 282
449 283
449 284
449 285
449 286
449 287
449 288
449 289
449 290
449 291
449 292
449 293
449 294
449 295
449 296
449 297
449 298
449 299
449 300
449 301
449 302
449 303
449 304
449 305
449 306
449 307
449 308
449 309
449 310
449 311
449 312
449 313
449 314
449 315
449 316
449 317
449 318
449 319
449 320
449 321
449 322
449 323
449 324
449 325
449 326
449 327
449 328
449 329
449 330
449 331
449 332
449 333
449 334
449 335
449 336
449 337
449 338
449 339
449 340
449 341
449 342
449 343
449 344
449 345
449 346
449 347
449 348
449 349
449 350
449 351
449 352
449 353
449 354
449 355
449 356
449 357
449 358
449 359
449 360
449 361
449 362
449 363
449 364
449 365
449 366
449 367
449 368
449 369
449 370
449 371
449 372
449 373
449 374
449 375
449 376
449 377
449 378
449 379
449 380
449 381
449 382
449 383
449 384
449 385
449 386
449 387
449 388
449 389
449 390
449 391
449 392
449 393
449 394
449 395
449 396
449 397
449 398
449 399
449 400
449 401
449 402
449 403
449 404
449 405
449 406
449 407
449 408
449 409
449 410
449 411
449 412
449 413
449 414
449 415
449 416
449 417
449 418
449 419
449 420
449 421
449 422
449 423
449 424
449 425
449 426
449 427
449 428
449 429
449 430
449 431
449 432
449 433
449 434
449 435
449 436
449 437
449 438
449 439
449 440
449 441
449 442
449 443
449 444
449 445
449 446
449 447
449 448
449 449
449 450
449 451
449 452
449 453
449 454
449 455
449 456
449 457
449 458
449 459
449 460
449 461
449 462
449 463
449 464
449 465
449 466
449 467
449 468
449 469
449 470
449 471
449 472
449 473
449 474
449 475
449 476
449 477
449 478
449 479
449 480
449 481
449 482
449 483
449 484
449 485
449 486
449 487
449 488
449 489
449 490
449 491
449 492
449 493
449 494
449 495
449 496
449 497
449 498
449 499
449 500
449 501
449 502
449 503
449 504
449 505
449 506
449 507
449 508
449 509
449 510
449 511
449 512
449 513
449 514
449 515
449 516
449 517
449 518
449 519
449 520
449 521
449 522
449 523
449 524
449 525
449 526
449 527
449 528
449 529
449 530
449 531
449 532
449 533
449 534
449 535
449 536
449 537
449 538
449 539
449 540
449 541
449 542
449 543
449 544
449 545
449 546
449 547
449 548
449 549
449 550
449 551
449 552
449 553
449 554
449 555
449 556
449 557
449 558
449 559
450 560
450 561
451 561
452 562
453 562
454 563
455 563
456 563
457 564
458 565
458 566
459 567
460 568
460 569
461 570
461 571
462 572
462 573
463 574
464 575
464 576
465 577
466 578
466 579
467 580
468 581
468 582
469 583
470 584
471 585
472 585
473 586
474 587
475 587
476 587
477 587
478 587
479 587
480 586
480 585
480 584
480 583
480 582
481 581
482 580
483 579
484 578
485 577
486 577
487 576
488 576
489 575
490 575
491 574
492 574
493 573
494 573
495 572
496 572
497 571
498 570
499 570
500 569
501 569
502 568
503 568
504 567
505 566
506 566
507 565
508 564
509 564
510 563
511 562
512 562
513 561
514 560
515 559
516 559
517 558
518 557
519 556
520 555
521 555
522 554
523 553
524 552
525 551
526 550
527 549
528 548
529 547
530 546
531 545
532 544
533 543
534 542
535 541
536 540
536 539
537 538
538 537
539 536
540 535
541 534
541 533
542 532
543 531
544 530
544 529
545 528
546 527
547 526
547 525
548 524
549 523
549 522
550 521
551 520
552 519
553 519
554 519
555 519
556 519
557 519
558 519
559 519
560 519
561 520
562 520
563 520
564 521
565 521
566 521
567 522
568 522
569 522
570 523
571 523
572 523
573 524
574 524
575 524
576 525
577 525
578 525
579 526
580 526
581 526
582 526
583 527
584 527
585 527
586 527
587 527
588 527
589 526
590 525
591 524
591 523
592 522
592 521
592 520
592 519
592 518
592 517
592 516
592 515
592 514
592 513
592 512
592 511
592 510
592 509
592 508
592 507
592 506
592 505
592 504
592 503
592 502
592 501
591 500
591 499
590 498
589 497
588 497
587 496
586 496
585 496
584 496
583 496
582 496
581 496
580 496
579 497
578 497
577 497
576 497
575 497
574 497
573 497
572 497
571 498
570 498
569 498
568 497
567 497
566 496
565 496
564 495
564 494
564 493
565 492
565 491
565 490
566 489
566 488
567 487
567 486
568 485
568 484
568 483
569 482
569 481
570 480
570 479
570 478
571 477
571 476
571 475
572 474
572 473
572 472
573 471
573 470
573 469
574 468
574 467
574 466
574 465
575 464
575 463
575 462
575 461
576 460
576 459
576 458
576 457
577 456
577 455
577 454
577 453
578 452
578 451
578 450
578 449
578 448
579 447
579 446
579 445
579 444
579 443
579 442
580 441
580 440
580 439
580 438
580 437
580 436
580 435
581 434
581 433
581 432
581 431
581 430
581 429
581 428
581 427
581 426
582 425
582 424
582 423
582 422
582 421
582 420
582 419
582 418
582 417
582 416
582 415
582 414
582 413
583 412
583 411
583 410
583 409
583 408
583 407
583 406
583 405
583 404
583 403
583 402
583 401
583 400
583 399
583 398
583 397
583 396
583 395
583 394
583 393
583 392
583 391
583 390
583 389
583 388
582 387
582 386
582 385
582 384
582 383
582 382
582 381
582 380
582 379
582 378
582 377
582 376
582 375
581 374
581 373
581 372
581 371
581 370
581 369
581 368
581 367
580 366
580 365
580 364
580 363
580 362
580 361
580 360
580 359
579 358
579 357
579 356
579 355
579 354
578 353
578 352
578 351
578 350
578 349
577 348
577 347
577 346
577 345
577 344
576 343
576 342
576 341
576 340
575 339
575 338
575 337
575 336
574 335
574 334
574 333
573 332
573 331
573 330
573 329
572 328
572 327
572 326
571 325
571 324
571 323
570 322
570 321
569 320
569 319
569 318
568 317
568 316
568 315
567 314
567 313
566 312
566 311
565 310
565 309
565 308
564 307
564 306
564 305
565 304
566 304
567 303
568 303
569 302
570 302
571 303
572 303
573 303
574 303
575 303
576 303
577 303
578 303
579 304
580 304
581 304
582 304
583 304
584 304
585 304
586 304
587 304
588 303
589 303
590 302
591 301
591 300
592 299
592 298
592 297
592 296
592 295
592 294
592 293
592 292
592 291
592 290
592 289
592 288
592 287
592 286
592 285
592 284
592 283
592 282
592 281
592 280
592 279
592 278
591 277
591 276
590 275
589 274
588 274
587 273
586 273
585 273
584 273
583 274
582 274
581 274
580 274
579 275
578 275
577 275
576 275
575 276
574 276
573 276
572 277
571 277
570 277
569 278
568 278
567 278
566 279
565 279
564 279
563 280
562 280
561 280
560 281
559 281
558 281
557 281
556 281
555 282
554 282
553 282
552 281
551 281
550 280
550 279
549 278
548 277
548 276
547 275
546 274
546 273
545 272
544 271
544 270
543 269
542 268
541 267
540 266
540 265
539 264
538 263
537 262
536 261
535 260
535 259
534 258
533 257
532 256
531 255
530 254
529 253
528 252
527 251
526 250
525 249
524 248
523 247
522 246
521 246
520 245
519 244
518 243
517 242
516 241
515 241
514 240
513 239
512 239
511 238
510 237
509 236
508 236
507 235
506 234
505 234
504 233
503 233
502 232
501 231
500 231
499 230
498 230
497 229
496 229
495 228
494 228
493 227
492 227
491 226
490 226
489 225
488 225
487 224
486 223
485 223
484 222
483 221
482 220
481 219
480 218
480 217
480 216
480 215
480 214
479 213
478 213
477 213
476 213
475 213
