487 233
486 234
485 234
484 235
483 235
482 236
481 237
480 238
479 239
479 240
478 241
478 242
478 243
478 244
478 245
478 246
478 247
478 248
478 249
478 250
478 251
478 252
478 253
478 254
478 255
478 256
478 257
478 258
478 259
478 260
478 261
478 262
478 263
478 264
478 265
478 266
478 267
478 268
478 269
478 270
478 271
478 272
478 273
478 274
478 275
478 276
478 277
478 278
478 279
478 280
478 281
478 282
478 283
478 284
478 285
478 286
478 287
478 288
478 289
478 290
478 291
478 292
478 293
478 294
478 295
478 296
478 297
478 298
478 299
478 300
478 301
478 302
478 303
478 304
478 305
478 306
478 307
478 308
478 309
478 310
478 311
478 312
478 313
478 314
478 315
478 316
478 317
478 318
478 319
478 320
478 321
478 322
478 323
478 324
478 325
478 326
478 327
478 328
478 329
478 330
478 331
478 332
478 333
478 334
478 335
478 336
478 337
478 338
478 339
478 340
478 341
478 342
478 343
478 344
478 345
478 346
478 347
478 348
478 349
478 350
478 351
478 352
478 353
478 354
478 355
478 356
478 357
478 358
478 359
478 360
478 361
478 362
478 363
478 364
478 365
478 366
478 367
478 368
478 369
478 370
478 371
478 372
478 373
478 374
478 375
478 376
478 377
478 378
478 379
478 380
478 381
478 382
478 383
478 384
478 385
478 386
478 387
478 388
478 389
478 390
478 391
478 392
478 393
478 394
478 395
478 396
478 397
478 398
478 399
478 400
478 401
478 402
478 403
478 404
478 405
478 406
478 407
478 408
478 409
478 410
478 411
478 412
478 413
478 414
478 415
478 416
478 417
478 418
478 419
478 420
478 421
478 422
478 423
478 424
478 425
478 426
478 427
478 428
478 429
478 430
478 431
478 432
478 433
478 434
478 435
478 436
478 437
478 438
478 439
478 440
478 441
478 442
478 443
478 444
478 445
478 446
478 447
478 448
478 449
478 450
478 451
478 452
478 453
478 454
478 455
478 456
478 457
478 458
478 459
478 460
478 461
478 462
478 463
478 464
478 465
478 466
478 467
478 468
478 469
478 470
478 471
478 472
478 473
478 474
478 475
478 476
478 477
478 478
478 479
478 480
478 481
478 482
478 483
478 484
478 485
478 486
478 487
478 488
478 489
478 490
478 491
478 492
478 493
478 494
478 495
478 496
478 497
478 498
478 499
478 500
478 501
478 502
478 503
478 504
478 505
478 506
478 507
478 508
478 509
478 510
478 511
478 512
478 513
478 514
478 515
478 516
478 517
478 518
478 519
478 520
478 521
478 522
478 523
478 524
478 525
478 526
478 527
478 528
478 529
478 530
478 531
478 532
478 533
478 534
478 535
478 536
478 537
478 538
478 539
478 540
478 541
478 542
478 543
478 544
479 545
480 546
481 547
482 548
483 549
484 549
485 550
486 550
487 551
488 551
489 551
490 551
491 551
492 551
493 551
494 551
495 551
496 550
497 549
497 548
497 547
497 546
497 545
497 544
497 543
496 542
496 541
497 540
498 539
499 538
500 537
501 537
502 536
503 536
504 536
505 536
506 536
507 535
508 534
509 534
510 533
511 532
512 531
513 530
514 530
515 529
516 528
517 527
518 526
519 525
520 524
521 524
522 523
523 522
524 521
525 520
526 519
527 518
528 517
529 516
530 515
531 514
532 513
533 512
534 511
535 510
535 509
536 508
537 507
538 506
539 505
540 504
541 503
541 502
542 501
543 500
544 499
545 498
545 497
546 496
547 495
547 494
548 493
549 492
550 491
550 490
551 489
552 488
552 487
553 486
554 485
554 484
555 483
555 482
556 481
557 480
557 479
558 478
558 477
559 476
560 475
560 474
561 473
561 472
562 471
562 470
563 469
563 468
564 467
564 466
565 465
565 464
566 463
566 462
567 461
567 460
567 459
568 458
568 457
569 456
569 455
570 454
570 453
570 452
571 451
571 450
572 449
572 448
572 447
573 446
573 445
573 444
574 443
574 442
574 441
575 440
575 439
575 438
576 437
576 436
576 435
576 434
577 433
577 432
577 431
578 430
578 429
578 428
578 427
579 426
579 425
579 424
579 423
579 422
580 421
580 420
580 419
580 418
580 417
581 416
581 415
581 414
581 413
581 412
582 411
582 410
582 409
582 408
582 407
582 406
582 405
582 404
583 403
583 402
583 401
583 400
583 399
583 398
583 397
583 396
583 395
583 394
583 393
583 392
583 391
583 390
583 389
583 388
583 387
583 386
583 385
583 384
583 383
583 382
583 381
582 380
582 379
582 378
582 377
582 376
582 375
582 374
582 373
581 372
581 371
581 370
581 369
581 368
580 367
580 366
580 365
580 364
580 363
579 362
579 361
579 360
579 359
579 358
578 357
578 356
578 355
577 354
577 353
577 352
577 351
576 350
576 349
576 348
576 347
575 346
575 345
575 344
574 343
574 342
574 341
573 340
573 339
573 338
572 337
572 336
571 335
571 334
571 333
570 332
570 331
569 330
569 329
569 328
568 327
568 326
567 325
567 324
567 323
566 322
566 321
565 320
565 319
564 318
564 317
563 316
563 315
562 314
562 313
561 312
561 311
560 310
559 309
559 308
558 307
558 306
557 305
557 304
556 303
555 302
555 301
554 300
553 299
553 298
552 297
552 296
551 295
550 294
550 293
549 292
548 291
547 290
547 289
546 288
545 287
544 286
544 285
543 284
542 283
541 282
540 281
540 280
539 279
538 278
537 277
536 276
535 275
534 274
534 273
533 272
532 271
531 270
530 269
529 268
528 267
527 266
526 265
525 264
524 263
523 262
522 261
521 261
520 260
519 259
518 258
517 257
516 256
515 255
514 255
513 254
512 253
511 252
510 251
509 251
508 250
507 249
506 248
505 248
504 248
503 248
502 248
501 247
500 247
499 246
498 245
497 244
496 243
496 242
497 241
497 240
497 239
497 238
497 237
497 236
497 235
496 234
495 233
494 233
493 233
492 233
491 233
490 233
489 233
488 233
487 233
