478 210
477 211
476 211
475 212
474 213
473 213
472 214
471 215
471 216
470 217
469 218
468 219
468 220
467 221
466 222
466 223
465 224
465 225
464 226
464 227
463 228
463 229
462 230
462 231
462 232
462 233
461 234
461 235
461 236
461 237
461 238
461 239
461 240
461 241
461 242
461 243
461 244
461 245
461 246
461 247
461 248
461 249
461 250
461 251
461 252
461 253
461 254
461 255
461 256
461 257
461 258
461 259
461 260
461 261
461 262
461 263
461 264
461 265
461 266
461 267
461 268
461 269
461 270
461 271
461 272
461 273
461 274
461 275
461 276
461 277
461 278
461 279
461 280
461 281
461 282
461 283
461 284
461 285
461 286
461 287
461 288
461 289
461 290
461 291
461 292
461 293
461 294
461 295
461 296
461 297
461 298
461 299
461 300
461 301
461 302
461 303
461 304
461 305
461 306
461 307
461 308
461 309
461 310
461 311
461 312
461 313
461 314
461 315
461 316
461 317
461 318
461 319
461 320
461 321
461 322
461 323
461 324
461 325
461 326
461 327
461 328
461 329
461 330
461 331
461 332
461 333
461 334
461 335
461 336
461 337
461 338
461 339
461 340
461 341
461 342
461 343
461 344
461 345
461 346
461 347
461 348
461 349
461 350
461 351
461 352
461 353
461 354
461 355
461 356
461 357
461 358
461 359
461 360
461 361
461 362
461 363
461 364
461 365
461 366
461 367
461 368
461 369
461 370
461 371
461 372
461 373
461 374
461 375
461 376
461 377
461 378
461 379
461 380
461 381
461 382
461 383
461 384
461 385
461 386
461 387
461 388
461 389
461 390
461 391
461 392
461 393
461 394
461 395
461 396
461 397
461 398
461 399
461 400
461 401
461 402
461 403
461 404
461 405
461 406
461 407
461 408
461 409
461 410
461 411
461 412
461 413
461 414
461 415
461 416
461 417
461 418
461 419
461 420
461 421
461 422
461 423
461 424
461 425
461 426
461 427
461 428
461 429
461 430
461 431
461 432
461 433
461 434
461 435
461 436
461 437
461 438
461 439
461 440
461 441
461 442
461 443
461 444
461 445
461 446
461 447
461 448
461 449
461 450
461 451
461 452
461 453
461 454
461 455
461 456
461 457
461 458
461 459
461 460
461 461
461 462
461 463
461 464
461 465
461 466
461 467
461 468
461 469
461 470
461 471
461 472
461 473
461 474
461 475
461 476
461 477
461 478
461 479
461 480
461 481
461 482
461 483
461 484
461 485
461 486
461 487
461 488
461 489
461 490
461 491
461 492
461 493
461 494
461 495
461 496
461 497
461 498
461 499
461 500
461 501
461 502
461 503
461 504
461 505
461 506
461 507
461 508
461 509
461 510
461 511
461 512
461 513
461 514
461 515
461 516
461 517
461 518
461 519
461 520
461 521
461 522
461 523
461 524
461 525
461 526
461 527
461 528
461 529
461 530
461 531
461 532
461 533
461 534
461 535
461 536
461 537
461 538
461 539
461 540
461 541
461 542
461 543
461 544
461 545
461 546
461 547
461 548
461 549
461 550
461 551
461 552
461 553
461 554
461 555
461 556
461 557
461 558
461 559
461 560
461 561
461 562
461 563
461 564
461 565
461 566
462 567
462 568
462 569
462 570
463 571
463 572
464 573
464 574
465 575
465 576
466 577
466 578
467 579
468 580
469 581
469 582
470 583
471 584
472 585
473 586
474 587
475 588
476 588
477 589
478 589
479 589
480 589
481 589
482 588
483 587
484 586
485 585
486 584
487 583
488 582
489 581
490 580
491 579
491 578
492 577
493 576
494 575
495 574
496 573
497 572
497 571
498 570
499 569
500 568
501 567
501 566
502 565
503 564
504 563
504 562
505 561
506 560
506 559
507 558
508 557
508 556
509 555
510 554
510 553
511 552
512 551
512 550
513 549
513 548
514 547
515 546
515 545
516 544
516 543
517 542
517 541
518 540
518 539
519 538
520 537
520 536
520 535
521 534
521 533
522 532
522 531
523 530
523 529
524 528
524 527
525 526
525 525
526 524
526 523
526 522
527 521
527 520
528 519
528 518
529 517
529 516
529 515
530 514
530 513
530 512
531 511
531 510
532 509
532 508
532 507
533 506
533 505
533 504
534 503
534 502
534 501
535 500
535 499
535 498
535 497
536 496
536 495
536 494
537 493
537 492
537 491
537 490
538 489
538 488
538 487
538 486
539 485
539 484
539 483
539 482
540 481
540 480
540 479
540 478
541 477
541 476
541 475
541 474
541 473
542 472
542 471
542 470
542 469
542 468
543 467
543 466
543 465
543 464
543 463
544 462
544 461
544 460
544 459
544 458
544 457
544 456
545 455
545 454
545 453
545 452
545 451
545 450
545 449
546 448
546 447
546 446
546 445
546 444
546 443
546 442
546 441
546 440
547 439
547 438
547 437
547 436
547 435
547 434
547 433
547 432
547 431
547 430
547 429
548 428
548 427
548 426
548 425
548 424
548 423
548 422
548 421
548 420
548 419
548 418
548 417
548 416
548 415
548 414
548 413
548 412
548 411
548 410
548 409
548 408
548 407
548 406
548 405
548 404
548 403
548 402
549 401
549 400
549 399
549 398
548 397
548 396
548 395
548 394
548 393
548 392
548 391
548 390
548 389
548 388
548 387
548 386
548 385
548 384
548 383
548 382
548 381
548 380
548 379
548 378
548 377
548 376
548 375
548 374
548 373
548 372
547 371
547 370
547 369
547 368
547 367
547 366
547 365
547 364
547 363
547 362
547 361
547 360
546 359
546 358
546 357
546 356
546 355
546 354
546 353
546 352
545 351
545 350
545 349
545 348
545 347
545 346
545 345
545 344
544 343
544 342
544 341
544 340
544 339
544 338
543 337
543 336
543 335
543 334
543 333
543 332
542 331
542 330
542 329
542 328
542 327
541 326
541 325
541 324
541 323
540 322
540 321
540 320
540 319
540 318
539 317
539 316
539 315
539 314
538 313
538 312
538 311
538 310
537 309
537 308
537 307
536 306
536 305
536 304
536 303
535 302
535 301
535 300
534 299
534 298
534 297
533 296
533 295
533 294
532 293
532 292
532 291
531 290
531 289
531 288
530 287
530 286
529 285
529 284
529 283
528 282
528 281
527 280
527 279
527 278
526 277
526 276
525 275
525 274
525 273
524 272
524 271
523 270
523 269
522 268
522 267
521 266
521 265
520 264
520 263
519 262
519 261
518 260
518 259
517 258
517 257
516 256
515 255
515 254
514 253
514 252
513 251
512 250
512 249
511 248
511 247
510 246
509 245
509 244
508 243
507 242
507 241
506 240
505 239
505 238
504 237
503 236
502 235
502 234
501 233
500 232
499 231
499 230
498 229
497 228
496 227
495 226
494 225
494 224
493 223
492 222
491 221
490 220
489 219
488 218
487 217
486 216
485 215
484 214
483 213
482 212
481 211
480 211
479 210
478 210
