496 232
495 233
494 233
493 234
493 235
492 236
492 237
492 238
492 239
492 240
492 241
492 242
492 243
492 244
492 245
492 246
491 247
490 248
489 249
488 250
488 251
487 252
486 253
485 254
484 255
483 256
482 257
482 258
481 259
480 260
479 261
478 262
478 263
477 264
476 265
475 266
475 267
474 268
473 269
473 270
472 271
472 272
471 273
471 274
471 275
470 276
470 277
470 278
470 279
470 280
470 281
470 282
470 283
470 284
470 285
470 286
470 287
470 288
470 289
470 290
470 291
470 292
470 293
470 294
470 295
470 296
470 297
470 298
470 299
470 300
470 301
470 302
470 303
470 304
470 305
470 306
470 307
470 308
470 309
470 310
470 311
470 312
470 313
470 314
470 315
470 316
470 317
470 318
470 319
470 320
470 321
470 322
470 323
470 324
470 325
470 326
470 327
470 328
470 329
470 330
470 331
470 332
470 333
470 334
470 335
470 336
470 337
470 338
470 339
470 340
470 341
470 342
470 343
470 344
470 345
470 346
470 347
470 348
470 349
470 350
470 351
470 352
470 353
470 354
470 355
470 356
470 357
470 358
470 359
470 360
470 361
470 362
470 363
470 364
470 365
470 366
470 367
470 368
470 369
470 370
470 371
470 372
470 373
470 374
470 375
470 376
470 377
470 378
470 379
470 380
470 381
470 382
470 383
470 384
470 385
470 386
470 387
470 388
470 389
470 390
470 391
470 392
470 393
470 394
470 395
470 396
470 397
470 398
470 399
470 400
470 401
470 402
470 403
470 404
470 405
470 406
470 407
470 408
470 409
470 410
470 411
470 412
470 413
470 414
470 415
470 416
470 417
470 418
470 419
470 420
470 421
470 422
470 423
470 424
470 425
470 426
470 427
470 428
470 429
470 430
470 431
470 432
470 433
470 434
470 435
470 436
470 437
470 438
470 439
470 440
470 441
470 442
470 443
470 444
470 445
470 446
470 447
470 448
470 449
470 450
470 451
470 452
470 453
470 454
470 455
470 456
470 457
470 458
470 459
470 460
470 461
470 462
470 463
470 464
470 465
470 466
470 467
470 468
470 469
470 470
470 471
470 472
470 473
470 474
470 475
470 476
470 477
470 478
470 479
470 480
470 481
470 482
470 483
470 484
470 485
470 486
470 487
470 488
470 489
470 490
470 491
470 492
470 493
470 494
470 495
470 496
470 497
470 498
470 499
470 500
470 501
470 502
470 503
470 504
470 505
470 506
470 507
470 508
470 509
470 510
470 511
470 512
470 513
470 514
470 515
470 516
470 517
470 518
470 519
470 520
470 521
470 522
470 523
470 524
470 525
470 526
470 527
470 528
470 529
470 530
470 531
470 532
470 533
470 534
470 535
470 536
470 537
470 538
470 539
470 540
470 541
470 542
470 543
471 544
471 545
471 546
472 547
473 548
473 549
474 550
474 551
475 552
476 553
477 554
477 555
478 556
479 557
480 558
480 559
481 560
482 561
483 562
484 563
485 564
485 565
486 566
487 567
488 568
489 569
490 570
491 571
491 572
492 573
492 574
492 575
492 576
492 577
492 578
492 579
492 580
492 581
492 582
492 583
493 584
494 585
495 586
496 586
497 587
498 587
499 587
500 587
501 587
502 586
503 586
504 585
505 584
506 583
507 582
507 581
508 580
509 579
510 578
511 577
512 576
513 576
514 575
515 574
516 573
517 572
518 571
519 570
520 569
521 568
522 568
523 567
524 566
525 565
526 564
527 563
528 562
529 561
530 560
531 559
532 558
533 557
534 556
535 555
536 554
537 553
537 552
538 551
539 550
540 549
541 548
542 547
543 546
544 545
544 544
545 543
546 542
547 541
548 540
548 539
549 538
550 537
551 536
552 535
552 534
553 533
554 532
555 531
555 530
556 529
557 528
557 527
558 526
559 525
559 524
560 523
561 522
561 521
562 520
563 519
563 518
564 517
564 516
565 515
566 514
566 513
567 512
567 511
568 510
568 509
569 508
569 507
570 506
571 505
571 504
571 503
572 502
572 501
573 500
573 499
574 498
574 497
575 496
575 495
576 494
576 493
577 492
577 491
577 490
578 489
578 488
579 487
579 486
579 485
580 484
580 483
581 482
581 481
581 480
582 479
582 478
582 477
582 476
583 475
583 474
583 473
584 472
584 471
584 470
585 469
585 468
585 467
585 466
586 465
586 464
586 463
586 462
587 461
587 460
587 459
587 458
588 457
588 456
588 455
588 454
588 453
589 452
589 451
589 450
589 449
589 448
589 447
590 446
590 445
590 444
590 443
590 442
590 441
590 440
591 439
591 438
591 437
591 436
591 435
591 434
591 433
591 432
591 431
592 430
592 429
592 428
592 427
592 426
592 425
592 424
592 423
592 422
592 421
592 420
592 419
592 418
592 417
592 416
592 415
592 414
592 413
592 412
593 411
593 410
593 409
593 408
592 407
592 406
592 405
592 404
592 403
592 402
592 401
592 400
592 399
592 398
592 397
592 396
592 395
592 394
592 393
592 392
592 391
592 390
592 389
591 388
591 387
591 386
591 385
591 384
591 383
591 382
591 381
591 380
590 379
590 378
590 377
590 376
590 375
590 374
590 373
589 372
589 371
589 370
589 369
589 368
589 367
588 366
588 365
588 364
588 363
588 362
587 361
587 360
587 359
587 358
587 357
586 356
586 355
586 354
586 353
585 352
585 351
585 350
584 349
584 348
584 347
584 346
583 345
583 344
583 343
582 342
582 341
582 340
581 339
581 338
581 337
580 336
580 335
580 334
579 333
579 332
578 331
578 330
578 329
577 328
577 327
576 326
576 325
576 324
575 323
575 322
574 321
574 320
573 319
573 318
572 317
572 316
571 315
571 314
570 313
570 312
569 311
569 310
568 309
568 308
567 307
566 306
566 305
565 304
565 303
564 302
564 301
563 300
562 299
562 298
561 297
560 296
560 295
559 294
558 293
558 292
557 291
556 290
556 289
555 288
554 287
553 286
553 285
552 284
551 283
550 282
550 281
549 280
548 279
547 278
546 277
546 276
545 275
544 274
543 273
542 272
541 271
541 270
540 269
539 268
538 267
537 266
536 265
535 264
534 263
533 262
532 261
531 260
530 259
529 258
528 257
527 256
526 255
525 254
524 253
523 252
522 251
521 250
520 249
519 248
518 247
517 246
516 245
515 245
514 244
513 243
512 242
511 241
510 240
509 239
508 238
507 237
506 236
506 235
505 234
504 233
503 233
502 232
501 232
500 232
499 232
498 232
497 232
496 232
