466 215
465 216
464 216
463 216
462 217
461 217
460 217
459 218
458 218
457 218
456 218
455 219
454 219
453 220
452 220
451 220
450 221
449 221
448 221
447 222
446 222
445 222
444 223
443 223
442 224
441 224
440 225
439 225
438 225
437 226
436 226
435 227
434 227
433 228
432 228
431 229
430 229
429 230
428 230
427 231
426 231
425 232
424 232
423 233
422 234
421 234
420 235
419 235
418 236
417 237
416 238
415 239
414 239
413 240
412 241
412 242
411 243
411 244
411 245
411 246
411 247
411 248
411 249
411 250
411 251
411 252
411 253
411 254
411 255
411 256
411 257
411 258
411 259
411 260
411 261
411 262
411 263
411 264
411 265
411 266
411 267
411 268
411 269
411 270
411 271
411 272
411 273
411 274
411 275
411 276
411 277
411 278
411 279
411 280
411 281
411 282
411 283
411 284
411 285
411 286
411 287
411 288
411 289
411 290
411 291
411 292
411 293
411 294
411 295
411 296
411 297
411 298
411 299
411 300
411 301
411 302
411 303
411 304
411 305
411 306
411 307
411 308
411 309
411 310
411 311
411 312
411 313
411 314
411 315
411 316
411 317
411 318
411 319
411 320
411 321
411 322
411 323
411 324
411 325
411 326
411 327
411 328
411 329
411 330
411 331
411 332
411 333
411 334
411 335
411 336
411 337
411 338
411 339
411 340
411 341
411 342
411 343
411 344
411 345
411 346
411 347
411 348
411 349
411 350
411 351
411 352
411 353
411 354
411 355
411 356
411 357
411 358
411 359
411 360
411 361
411 362
411 363
411 364
411 365
411 366
411 367
411 368
411 369
411 370
411 371
411 372
411 373
411 374
411 375
411 376
411 377
411 378
411 379
411 380
411 381
411 382
411 383
411 384
411 385
411 386
411 387
411 388
411 389
411 390
411 391
411 392
411 393
411 394
411 395
411 396
411 397
411 398
411 399
411 400
411 401
411 402
411 403
411 404
411 405
411 406
411 407
411 408
411 409
411 410
411 411
411 412
411 413
411 414
411 415
411 416
411 417
411 418
411 419
411 420
411 421
411 422
411 423
411 424
411 425
411 426
411 427
411 428
411 429
411 430
411 431
411 432
411 433
411 434
411 435
411 436
411 437
411 438
411 439
411 440
411 441
411 442
411 443
411 444
411 445
411 446
411 447
411 448
411 449
411 450
411 451
411 452
411 453
411 454
411 455
411 456
411 457
411 458
411 459
411 460
411 461
411 462
411 463
411 464
411 465
411 466
411 467
411 468
411 469
411 470
411 471
411 472
411 473
411 474
411 475
411 476
411 477
411 478
411 479
411 480
411 481
411 482
411 483
411 484
411 485
411 486
411 487
411 488
411 489
411 490
411 491
411 492
411 493
411 494
411 495
411 496
411 497
411 498
411 499
411 500
411 501
411 502
411 503
411 504
411 505
411 506
411 507
411 508
411 509
411 510
411 511
411 512
411 513
411 514
411 515
411 516
411 517
411 518
411 519
411 520
411 521
411 522
411 523
411 524
411 525
411 526
411 527
411 528
411 529
411 530
411 531
411 532
411 533
411 534
411 535
411 536
411 537
411 538
411 539
411 540
411 541
411 542
411 543
411 544
411 545
411 546
411 547
411 548
411 549
411 550
411 551
411 552
411 553
411 554
411 555
411 556
411 557
411 558
411 559
411 560
411 561
411 562
411 563
411 564
411 565
411 566
411 567
411 568
411 569
411 570
411 571
411 572
412 573
412 574
413 575
414 576
415 577
416 577
417 578
418 579
419 580
420 580
421 581
422 581
423 582
424 583
425 583
426 584
427 584
428 585
429 585
430 586
431 586
432 587
433 587
434 588
435 588
436 589
437 589
438 590
439 590
440 590
441 591
442 591
443 592
444 592
445 593
446 593
447 593
448 594
449 594
450 594
451 595
452 595
453 595
454 596
455 596
456 597
457 597
458 597
459 597
460 598
461 598
462 598
463 599
464 599
465 599
466 600
467 600
468 600
469 600
470 600
471 600
472 600
473 599
474 599
475 598
476 598
477 597
478 597
479 596
480 596
481 595
482 595
483 594
484 594
485 593
486 593
487 592
488 592
489 591
490 590
491 590
492 589
493 589
494 588
495 588
496 587
497 586
498 586
499 585
500 585
501 584
502 583
503 583
504 582
505 582
506 581
507 580
508 580
509 579
510 578
511 578
512 577
513 576
514 576
515 575
516 574
517 574
518 573
519 572
520 571
521 571
522 570
523 569
524 568
525 568
526 567
527 566
528 565
529 564
530 564
531 563
532 562
533 561
534 560
535 560
536 559
537 558
538 557
539 556
540 555
541 554
542 553
543 552
544 551
545 550
546 549
547 549
548 548
548 547
549 546
550 545
551 544
552 543
553 542
554 541
555 540
556 539
557 538
558 537
559 536
559 535
560 534
561 533
562 532
563 531
564 530
564 529
565 528
566 527
567 526
567 525
568 524
569 523
569 522
570 521
571 520
572 519
572 518
573 517
574 516
574 515
575 514
575 513
576 512
577 511
577 510
578 509
578 508
579 507
580 506
580 505
581 504
581 503
582 502
582 501
583 500
583 499
584 498
584 497
585 496
585 495
586 494
586 493
587 492
587 491
588 490
588 489
588 488
589 487
589 486
590 485
590 484
590 483
591 482
591 481
592 480
592 479
592 478
593 477
593 476
593 475
594 474
594 473
594 472
595 471
595 470
595 469
596 468
596 467
596 466
597 465
597 464
597 463
597 462
598 461
598 460
598 459
598 458
599 457
599 456
599 455
599 454
599 453
600 452
600 451
600 450
600 449
600 448
601 447
601 446
601 445
601 444
601 443
602 442
602 441
602 440
602 439
602 438
602 437
602 436
603 435
603 434
603 433
603 432
603 431
603 430
603 429
603 428
603 427
603 426
604 425
604 424
604 423
604 422
604 421
604 420
604 419
604 418
604 417
604 416
604 415
604 414
604 413
604 412
604 411
604 410
605 409
605 408
605 407
605 406
604 405
604 404
604 403
604 402
604 401
604 400
604 399
604 398
604 397
604 396
604 395
604 394
604 393
604 392
604 391
604 390
603 389
603 388
603 387
603 386
603 385
603 384
603 383
603 382
603 381
603 380
602 379
602 378
602 377
602 376
602 375
602 374
602 373
601 372
601 371
601 370
601 369
601 368
600 367
600 366
600 365
600 364
600 363
599 362
599 361
599 360
599 359
599 358
598 357
598 356
598 355
598 354
597 353
597 352
597 351
597 350
596 349
596 348
596 347
595 346
595 345
595 344
594 343
594 342
594 341
593 340
593 339
593 338
592 337
592 336
592 335
591 334
591 333
590 332
590 331
590 330
589 329
589 328
588 327
588 326
588 325
587 324
587 323
586 322
586 321
585 320
585 319
584 318
584 317
583 316
583 315
582 314
582 313
581 312
581 311
580 310
580 309
579 308
578 307
578 306
577 305
577 304
576 303
575 302
575 301
574 300
574 299
573 298
572 297
571 296
571 295
570 294
569 293
569 292
568 291
567 290
567 289
566 288
565 287
564 286
564 285
563 284
562 283
561 282
560 281
559 280
559 279
558 278
557 277
556 276
555 275
554 274
553 273
552 272
551 271
550 270
549 269
548 268
548 267
547 267
546 266
545 265
544 264
543 263
542 262
541 261
540 260
539 259
538 258
537 257
536 256
535 255
534 255
533 254
532 253
531 252
530 251
529 251
528 250
527 249
526 248
525 247
524 247
523 246
522 245
521 244
520 244
519 243
518 242
517 241
516 241
515 240
514 239
513 239
512 238
511 237
510 237
509 236
508 235
507 235
506 234
505 233
504 233
503 232
502 232
501 231
500 230
499 230
498 229
497 229
496 228
495 227
494 227
493 226
492 226
491 225
490 225
489 224
488 223
487 223
486 222
485 222
484 221
483 221
482 220
481 220
480 219
479 219
478 218
477 218
476 217
475 217
474 216
473 216
472 215
471 215
470 215
469 215
468 215
467 215
466 215
