365 222
364 223
363 223
362 224
361 224
360 225
359 226
359 227
358 228
357 229
357 230
357 231
356 232
356 233
355 234
355 235
355 236
354 237
354 238
354 239
354 240
354 241
354 242
354 243
354 244
354 245
354 246
354 247
354 248
354 249
354 250
354 251
354 252
354 253
354 254
354 255
354 256
354 257
354 258
354 259
354 260
354 261
354 262
354 263
354 264
354 265
354 266
354 267
354 268
354 269
354 270
354 271
354 272
354 273
354 274
354 275
354 276
354 277
354 278
354 279
354 280
354 281
354 282
354 283
354 284
354 285
354 286
354 287
354 288
354 289
354 290
354 291
354 292
354 293
354 294
354 295
354 296
354 297
354 298
354 299
354 300
354 301
354 302
354 303
354 304
354 305
354 306
354 307
354 308
354 309
354 310
354 311
354 312
354 313
354 314
354 315
354 316
354 317
354 318
354 319
354 320
354 321
354 322
354 323
354 324
354 325
354 326
354 327
354 328
354 329
354 330
354 331
354 332
354 333
354 334
354 335
354 336
354 337
354 338
354 339
354 340
354 341
354 342
354 343
354 344
354 345
354 346
354 347
354 348
354 349
354 350
354 351
354 352
354 353
354 354
354 355
354 356
354 357
354 358
354 359
354 360
354 361
354 362
354 363
354 364
354 365
354 366
354 367
354 368
354 369
354 370
354 371
354 372
354 373
354 374
354 375
354 376
354 377
354 378
354 379
354 380
354 381
354 382
354 383
354 384
354 385
354 386
354 387
354 388
354 389
354 390
354 391
354 392
354 393
354 394
354 395
354 396
354 397
354 398
354 399
354 400
354 401
354 402
354 403
354 404
354 405
354 406
354 407
354 408
354 409
354 410
354 411
354 412
354 413
354 414
354 415
354 416
354 417
354 418
354 419
354 420
354 421
354 422
354 423
354 424
354 425
354 426
354 427
354 428
354 429
354 430
354 431
354 432
354 433
354 434
354 435
354 436
354 437
354 438
354 439
354 440
354 441
354 442
354 443
354 444
354 445
354 446
354 447
354 448
354 449
354 450
354 451
354 452
354 453
354 454
354 455
354 456
354 457
354 458
354 459
354 460
354 461
354 462
354 463
354 464
354 465
354 466
354 467
354 468
354 469
354 470
354 471
354 472
354 473
354 474
354 475
354 476
354 477
354 478
354 479
354 480
354 481
354 482
354 483
354 484
354 485
354 486
354 487
354 488
354 489
354 490
354 491
354 492
354 493
354 494
354 495
354 496
354 497
354 498
354 499
354 500
354 501
354 502
354 503
354 504
354 505
354 506
354 507
354 508
354 509
354 510
354 511
354 512
354 513
354 514
354 515
354 516
354 517
354 518
354 519
354 520
354 521
354 522
354 523
354 524
354 525
354 526
354 527
354 528
354 529
354 530
354 531
354 532
354 533
354 534
354 535
354 536
354 537
354 538
354 539
354 540
354 541
354 542
354 543
354 544
354 545
354 546
354 547
354 548
354 549
354 550
354 551
354 552
354 553
354 554
354 555
354 556
354 557
354 558
354 559
354 560
354 561
354 562
354 563
354 564
354 565
354 566
354 567
354 568
354 569
354 570
354 571
354 572
354 573
354 574
354 575
354 576
354 577
354 578
355 579
355 580
355 581
355 582
356 583
356 584
357 585
357 586
358 587
358 588
359 589
360 590
361 591
362 592
363 593
364 593
365 593
366 594
367 594
368 594
369 594
370 594
371 593
372 593
373 593
374 592
375 592
376 591
377 590
378 589
378 588
379 587
379 586
380 585
380 584
380 583
380 582
380 581
380 580
380 579
380 578
380 577
379 576
379 575
380 574
381 574
382 574
383 575
384 575
385 575
386 576
387 576
388 576
389 576
390 577
391 577
392 577
393 577
394 577
395 578
396 578
397 578
398 578
399 579
400 579
401 579
402 579
403 579
404 579
405 580
406 580
407 580
408 580
409 580
410 580
411 581
412 581
413 581
414 581
415 581
416 581
417 582
418 582
419 582
420 582
421 582
422 582
423 582
424 582
425 582
426 583
427 583
428 583
429 583
430 583
431 583
432 583
433 583
434 583
435 583
436 583
437 583
438 583
439 583
440 584
441 584
442 584
443 584
444 584
445 584
446 584
447 584
448 584
449 584
450 584
451 584
452 584
453 584
454 584
455 584
456 584
457 584
458 584
459 584
460 584
461 584
462 584
463 584
464 584
465 584
466 583
467 583
468 583
469 583
470 583
471 583
472 583
473 583
474 583
475 583
476 583
477 583
478 583
479 583
480 582
481 582
482 582
483 582
484 582
485 582
486 582
487 582
488 582
489 581
490 581
491 581
492 581
493 581
494 581
495 581
496 580
497 580
498 580
499 580
500 580
501 580
502 579
503 579
504 579
505 579
506 579
507 578
508 578
509 578
510 578
511 578
512 577
513 577
514 577
515 577
516 576
517 576
518 576
519 576
520 575
521 575
522 575
523 575
524 574
525 574
526 574
527 574
528 573
529 573
530 573
531 572
532 572
533 572
534 571
535 571
536 571
537 570
538 570
539 570
540 569
541 569
542 569
543 568
544 568
545 568
546 567
547 567
548 567
549 566
550 566
551 565
552 565
553 564
554 564
555 564
556 563
557 563
558 562
559 562
560 562
561 561
562 561
563 560
564 560
565 559
566 559
567 558
568 558
569 557
570 557
571 556
572 556
573 555
574 555
575 554
576 554
577 553
578 553
579 552
580 551
581 551
582 550
583 550
584 549
585 549
586 548
587 547
588 547
589 546
590 545
591 545
592 544
593 543
594 543
595 542
596 541
597 541
598 540
599 539
600 539
601 538
602 537
603 536
604 536
605 535
606 534
607 533
608 533
609 532
610 531
611 530
612 529
613 528
614 528
615 527
616 526
617 525
618 524
619 523
620 522
621 521
622 520
623 519
624 518
625 517
626 516
627 515
628 514
629 513
630 512
631 511
632 510
633 509
634 508
635 507
636 506
636 505
637 504
638 503
639 502
640 501
640 500
641 499
642 498
643 497
643 496
644 495
645 494
645 493
646 492
647 491
647 490
648 489
649 488
649 487
650 486
651 485
651 484
652 483
652 482
653 481
654 480
654 479
655 478
655 477
656 476
656 475
657 474
657 473
658 472
658 471
659 470
659 469
660 468
660 467
661 466
661 465
661 464
662 463
662 462
663 461
663 460
663 459
664 458
664 457
664 456
665 455
665 454
666 453
666 452
666 451
667 450
667 449
667 448
667 447
668 446
668 445
668 444
669 443
669 442
669 441
669 440
669 439
670 438
670 437
670 436
670 435
671 434
671 433
671 432
671 431
671 430
671 429
672 428
672 427
672 426
672 425
672 424
672 423
672 422
672 421
672 420
673 419
673 418
673 417
673 416
673 415
673 414
673 413
673 412
673 411
673 410
673 409
673 408
673 407
673 406
673 405
673 404
673 403
673 402
673 401
673 400
673 399
673 398
673 397
672 396
672 395
672 394
672 393
672 392
672 391
672 390
672 389
672 388
671 387
671 386
671 385
671 384
671 383
671 382
670 381
670 380
670 379
670 378
670 377
669 376
669 375
669 374
669 373
668 372
668 371
668 370
667 369
667 368
667 367
667 366
666 365
666 364
666 363
665 362
665 361
665 360
664 359
664 358
664 357
663 356
663 355
662 354
662 353
662 352
661 351
661 350
660 349
660 348
659 347
659 346
658 345
658 344
657 343
657 342
656 341
656 340
655 339
655 338
654 337
654 336
653 335
653 334
652 333
651 332
651 331
650 330
650 329
649 328
648 327
648 326
647 325
646 324
646 323
645 322
644 321
644 320
643 319
642 318
641 317
641 316
640 315
639 314
638 313
637 312
637 311
636 310
635 309
634 308
633 307
632 306
631 305
631 304
630 303
629 302
628 301
627 300
626 299
625 298
624 297
623 296
622 295
621 294
620 293
619 292
618 291
617 291
616 290
615 289
614 288
613 287
612 286
611 285
610 285
609 284
608 283
607 282
606 281
605 281
604 280
603 279
602 278
601 278
600 277
599 276
598 276
597 275
596 274
595 273
594 273
593 272
592 271
591 271
590 270
589 270
588 269
587 268
586 268
585 267
584 266
583 266
582 265
581 265
580 264
579 264
578 263
577 262
576 262
575 261
574 261
573 260
572 260
571 259
570 259
569 258
568 258
567 257
566 257
565 256
564 256
563 255
562 255
561 255
560 254
559 254
558 253
557 253
556 252
555 252
554 251
553 251
552 251
551 250
550 250
549 249
548 249
547 249
546 248
545 248
544 248
543 247
542 247
541 247
540 246
539 246
538 245
537 245
536 245
535 245
534 244
533 244
532 244
531 243
530 243
529 243
528 242
527 242
526 242
525 242
524 241
523 241
522 241
521 240
520 240
519 240
518 240
517 239
516 239
515 239
514 239
513 238
512 238
511 238
510 238
509 238
508 237
507 237
506 237
505 237
504 237
503 236
502 236
501 236
500 236
499 236
498 235
497 235
496 235
495 235
494 235
493 235
492 235
491 234
490 234
489 234
488 234
487 234
486 234
485 234
484 234
483 233
482 233
481 233
480 233
479 233
478 233
477 233
476 233
475 233
474 233
473 233
472 232
471 232
470 232
469 232
468 232
467 232
466 232
465 232
464 232
463 232
462 232
461 232
460 232
459 232
458 232
457 232
456 232
455 232
454 232
453 232
452 232
451 232
450 232
449 232
448 232
447 232
446 232
445 232
444 232
443 232
442 232
441 232
440 232
439 232
438 232
437 232
436 232
435 232
434 232
433 232
432 233
431 233
430 233
429 233
428 233
427 233
426 233
425 233
424 233
423 233
422 233
421 234
420 234
419 234
418 234
417 234
416 234
415 234
414 234
413 235
412 235
411 235
410 235
409 235
408 235
407 236
406 236
405 236
404 236
403 236
402 236
401 237
400 237
399 237
398 237
397 237
396 238
395 238
394 238
393 238
392 239
391 239
390 239
389 239
388 240
387 240
386 240
385 240
384 241
383 241
382 241
381 241
380 242
379 241
379 240
380 239
380 238
380 237
380 236
380 235
380 234
380 233
380 232
380 231
380 230
379 229
379 228
378 227
377 226
376 225
375 224
374 223
373 223
372 222
371 222
370 222
369 222
368 222
367 222
366 222
365 222
