459 270
458 271
457 271
456 272
455 272
454 273
453 274
452 275
452 276
451 277
450 278
450 279
449 280
449 281
449 282
448 283
448 284
448 285
448 286
448 287
448 288
448 289
448 290
448 291
448 292
448 293
448 294
448 295
448 296
448 297
448 298
448 299
448 300
448 301
448 302
448 303
448 304
448 305
448 306
448 307
448 308
448 309
448 310
448 311
448 312
448 313
448 314
448 315
448 316
448 317
448 318
448 319
448 320
448 321
448 322
448 323
448 324
448 325
448 326
448 327
448 328
448 329
448 330
448 331
448 332
448 333
448 334
448 335
448 336
448 337
448 338
448 339
448 340
448 341
448 342
448 343
448 344
448 345
448 346
448 347
448 348
448 349
448 350
448 351
448 352
448 353
448 354
448 355
448 356
448 357
448 358
448 359
448 360
448 361
448 362
448 363
448 364
448 365
448 366
448 367
448 368
448 369
448 370
448 371
448 372
448 373
448 374
448 375
448 376
448 377
448 378
448 379
448 380
448 381
448 382
448 383
448 384
448 385
448 386
448 387
448 388
448 389
448 390
448 391
448 392
448 393
448 394
448 395
448 396
448 397
448 398
448 399
448 400
448 401
448 402
448 403
448 404
448 405
448 406
448 407
448 408
448 409
448 410
448 411
448 412
448 413
448 414
448 415
448 416
448 417
448 418
448 419
448 420
448 421
448 422
448 423
448 424
448 425
448 426
448 427
448 428
448 429
448 430
448 431
448 432
448 433
448 434
448 435
448 436
448 437
448 438
448 439
448 440
448 441
448 442
448 443
448 444
448 445
448 446
448 447
448 448
448 449
448 450
448 451
448 452
448 453
448 454
448 455
448 456
448 457
448 458
448 459
448 460
448 461
448 462
448 463
448 464
448 465
448 466
448 467
448 468
448 469
448 470
448 471
448 472
448 473
448 474
448 475
448 476
448 477
448 478
448 479
448 480
448 481
448 482
448 483
448 484
448 485
448 486
448 487
448 488
448 489
448 490
448 491
448 492
448 493
448 494
448 495
448 496
448 497
448 498
448 499
448 500
448 501
448 502
448 503
448 504
448 505
448 506
448 507
448 508
448 509
448 510
448 511
448 512
448 513
449 514
449 515
449 516
450 517
450 518
451 519
452 520
452 521
453 522
454 523
455 524
456 524
457 525
458 526
459 526
460 526
461 526
462 525
462 524
462 523
462 522
462 521
463 520
463 519
464 518
465 517
466 517
467 517
468 516
469 516
470 516
471 516
472 515
473 515
474 515
475 515
476 514
477 514
478 514
479 513
480 513
481 513
482 513
483 512
484 512
485 512
486 511
487 511
488 511
489 510
490 510
491 509
492 509
493 509
494 508
495 508
496 508
497 507
498 507
499 506
500 506
501 506
502 505
503 505
504 504
505 504
506 504
507 503
508 503
509 502
510 502
511 501
512 501
513 500
514 500
515 499
516 499
517 498
518 498
519 497
520 497
521 496
522 496
523 495
524 495
525 494
526 493
527 493
528 492
529 492
530 491
531 490
532 490
533 489
534 488
535 488
536 487
537 486
538 486
539 485
540 484
541 483
542 483
543 482
544 481
545 480
546 479
547 478
548 478
549 477
550 476
551 475
552 474
553 473
554 472
555 471
556 470
557 469
558 468
559 467
560 466
561 465
561 464
562 463
563 462
564 461
564 460
565 459
566 458
567 457
567 456
568 455
569 454
569 453
570 452
571 451
571 450
572 449
572 448
573 447
573 446
574 445
574 444
575 443
575 442
576 441
576 440
577 439
577 438
578 437
578 436
578 435
579 434
579 433
580 432
580 431
580 430
581 429
581 428
581 427
582 426
582 425
582 424
582 423
583 422
583 421
583 420
583 419
583 418
584 417
584 416
584 415
584 414
584 413
585 412
585 411
585 410
585 409
585 408
585 407
585 406
585 405
585 404
585 403
585 402
585 401
586 400
586 399
586 398
586 397
586 396
585 395
585 394
585 393
585 392
585 391
585 390
585 389
585 388
585 387
585 386
585 385
584 384
584 383
584 382
584 381
584 380
584 379
583 378
583 377
583 376
583 375
583 374
582 373
582 372
582 371
582 370
581 369
581 368
581 367
580 366
580 365
580 364
579 363
579 362
578 361
578 360
578 359
577 358
577 357
576 356
576 355
575 354
575 353
574 352
574 351
573 350
573 349
572 348
572 347
571 346
571 345
570 344
569 343
569 342
568 341
567 340
567 339
566 338
565 337
564 336
564 335
563 334
562 333
561 332
560 331
560 330
559 329
558 328
557 327
556 326
555 325
554 324
553 323
552 322
551 321
550 320
549 319
548 318
547 318
546 317
545 316
544 315
543 314
542 314
541 313
540 312
539 311
538 311
537 310
536 309
535 308
534 308
533 307
532 306
531 306
530 305
529 304
528 304
527 303
526 303
525 302
524 302
523 301
522 300
521 300
520 299
519 299
518 298
517 298
516 297
515 297
514 296
513 296
512 295
511 295
510 294
509 294
508 293
507 293
506 292
505 292
504 292
503 291
502 291
501 290
500 290
499 290
498 289
497 289
496 288
495 288
494 288
493 287
492 287
491 287
490 286
489 286
488 286
487 285
486 285
485 285
484 284
483 284
482 284
481 283
480 283
479 283
478 282
477 282
476 282
475 281
474 281
473 281
472 281
471 280
470 280
469 280
468 280
467 279
466 279
465 279
464 278
463 277
463 276
462 275
462 274
462 273
462 272
462 271
461 270
460 270
459 270
