462 202
461 203
460 203
459 204
458 205
458 206
457 207
456 208
455 209
454 210
454 211
453 212
452 213
451 214
450 215
450 216
449 217
448 218
448 219
447 220
446 221
445 222
445 223
444 224
443 225
443 226
442 227
441 228
441 229
440 230
440 231
439 232
438 233
438 234
437 235
437 236
436 237
435 238
435 239
435 240
434 241
434 242
434 243
433 244
433 245
433 246
433 247
433 248
433 249
433 250
433 251
433 252
433 253
433 254
433 255
433 256
433 257
433 258
433 259
433 260
433 261
433 262
433 263
433 264
433 265
433 266
433 267
433 268
433 269
433 270
433 271
433 272
433 273
433 274
433 275
433 276
433 277
433 278
433 279
433 280
433 281
433 282
433 283
433 284
433 285
433 286
433 287
433 288
433 289
433 290
433 291
433 292
433 293
433 294
433 295
433 296
433 297
433 298
433 299
433 300
433 301
433 302
433 303
433 304
433 305
433 306
433 307
433 308
433 309
433 310
433 311
433 312
433 313
433 314
433 315
433 316
433 317
433 318
433 319
433 320
433 321
433 322
433 323
433 324
433 325
433 326
433 327
433 328
433 329
433 330
433 331
433 332
433 333
433 334
433 335
433 336
433 337
433 338
433 339
433 340
433 341
433 342
433 343
433 344
433 345
433 346
433 347
433 348
433 349
433 350
433 351
433 352
433 353
433 354
433 355
433 356
433 357
433 358
433 359
433 360
433 361
433 362
433 363
433 364
433 365
433 366
433 367
433 368
433 369
433 370
433 371
433 372
433 373
433 374
433 375
433 376
433 377
433 378
433 379
433 380
433 381
433 382
433 383
433 384
433 385
433 386
433 387
433 388
433 389
433 390
433 391
433 392
433 393
433 394
433 395
433 396
433 397
433 398
433 399
433 400
433 401
433 402
433 403
433 404
433 405
433 406
433 407
433 408
433 409
433 410
433 411
433 412
433 413
433 414
433 415
433 416
433 417
433 418
433 419
433 420
433 421
433 422
433 423
433 424
433 425
433 426
433 427
433 428
433 429
433 430
433 431
433 432
433 433
433 434
433 435
433 436
433 437
433 438
433 439
433 440
433 441
433 442
433 443
433 444
433 445
433 446
433 447
433 448
433 449
433 450
433 451
433 452
433 453
433 454
433 455
433 456
433 457
433 458
433 459
433 460
433 461
433 462
433 463
433 464
433 465
433 466
433 467
433 468
433 469
433 470
433 471
433 472
433 473
433 474
433 475
433 476
433 477
433 478
433 479
433 480
433 481
433 482
433 483
433 484
433 485
433 486
433 487
433 488
433 489
433 490
433 491
433 492
433 493
433 494
433 495
433 496
433 497
433 498
433 499
433 500
433 501
433 502
433 503
433 504
433 505
433 506
433 507
433 508
433 509
433 510
433 511
433 512
433 513
433 514
433 515
433 516
433 517
433 518
433 519
433 520
433 521
433 522
433 523
433 524
433 525
433 526
433 527
433 528
433 529
433 530
433 531
433 532
433 533
433 534
433 535
433 536
433 537
433 538
433 539
433 540
433 541
433 542
433 543
433 544
433 545
433 546
433 547
433 548
433 549
433 550
433 551
433 552
433 553
433 554
433 555
433 556
433 557
433 558
433 559
433 560
433 561
433 562
433 563
433 564
433 565
433 566
433 567
433 568
433 569
433 570
433 571
433 572
433 573
433 574
433 575
433 576
434 577
434 578
434 579
435 580
435 581
436 582
436 583
437 584
438 585
438 586
439 587
439 588
440 589
441 590
441 591
442 592
443 593
443 594
444 595
445 596
445 597
446 598
447 599
447 600
448 601
449 602
449 603
450 604
451 605
452 606
452 607
453 608
454 609
455 610
456 611
456 612
457 613
458 614
459 615
460 616
461 617
462 617
463 618
464 618
465 618
466 617
467 617
468 617
469 617
470 616
471 616
472 616
473 616
474 615
475 615
476 615
477 614
478 614
479 614
480 613
481 613
482 613
483 612
484 612
485 612
486 611
487 611
488 611
489 610
490 610
491 610
492 609
493 609
494 609
495 608
496 608
497 607
498 607
499 607
500 606
501 606
502 605
503 605
504 604
505 604
506 604
507 603
508 603
509 602
510 602
511 601
512 601
513 600
514 600
515 599
516 599
517 598
518 598
519 597
520 597
521 596
522 595
523 595
524 594
525 594
526 593
527 593
528 592
529 591
530 591
531 590
532 590
533 589
534 588
535 588
536 587
537 586
538 586
539 585
540 584
541 583
542 583
543 582
544 581
545 580
546 580
547 579
548 578
549 577
550 577
551 576
552 575
553 574
554 573
555 572
556 571
557 571
558 570
559 569
560 568
561 567
562 566
563 565
564 564
565 563
566 562
567 561
568 560
569 559
570 558
570 557
571 556
572 555
573 554
574 553
575 552
576 551
576 550
577 549
578 548
579 547
580 546
580 545
581 544
582 543
583 542
583 541
584 540
585 539
585 538
586 537
587 536
587 535
588 534
589 533
589 532
590 531
590 530
591 529
592 528
592 527
593 526
593 525
594 524
595 523
595 522
596 521
596 520
597 519
597 518
598 517
598 516
599 515
599 514
600 513
600 512
601 511
601 510
602 509
602 508
602 507
603 506
603 505
604 504
604 503
605 502
605 501
605 500
606 499
606 498
607 497
607 496
607 495
608 494
608 493
608 492
609 491
609 490
609 489
610 488
610 487
610 486
611 485
611 484
611 483
612 482
612 481
612 480
612 479
613 478
613 477
613 476
614 475
614 474
614 473
614 472
615 471
615 470
615 469
615 468
616 467
616 466
616 465
616 464
616 463
617 462
617 461
617 460
617 459
617 458
618 457
618 456
618 455
618 454
618 453
618 452
619 451
619 450
619 449
619 448
619 447
619 446
620 445
620 444
620 443
620 442
620 441
620 440
620 439
620 438
621 437
621 436
621 435
621 434
621 433
621 432
621 431
621 430
621 429
621 428
621 427
621 426
622 425
622 424
622 423
622 422
622 421
622 420
622 419
622 418
622 417
622 416
622 415
622 414
622 413
622 412
622 411
622 410
622 409
622 408
622 407
622 406
622 405
622 404
622 403
622 402
622 401
622 400
622 399
622 398
622 397
622 396
622 395
622 394
621 393
621 392
621 391
621 390
621 389
621 388
621 387
621 386
621 385
621 384
621 383
620 382
620 381
620 380
620 379
620 378
620 377
620 376
620 375
619 374
619 373
619 372
619 371
619 370
619 369
619 368
618 367
618 366
618 365
618 364
618 363
618 362
617 361
617 360
617 359
617 358
617 357
616 356
616 355
616 354
616 353
615 352
615 351
615 350
615 349
615 348
614 347
614 346
614 345
613 344
613 343
613 342
613 341
612 340
612 339
612 338
612 337
611 336
611 335
611 334
610 333
610 332
610 331
609 330
609 329
609 328
608 327
608 326
607 325
607 324
607 323
606 322
606 321
606 320
605 319
605 318
604 317
604 316
604 315
603 314
603 313
602 312
602 311
601 310
601 309
601 308
600 307
599 306
599 305
598 304
598 303
598 302
597 301
597 300
596 299
595 298
595 297
594 296
594 295
593 294
593 293
592 292
591 291
591 290
590 289
590 288
589 287
588 286
588 285
587 284
586 283
586 282
585 281
584 280
584 279
583 278
582 277
582 276
581 275
580 274
579 273
579 272
578 271
577 270
576 269
575 268
575 267
574 266
573 265
572 264
571 263
570 262
569 261
568 260
568 259
567 258
566 257
565 256
564 255
563 254
562 253
561 252
560 251
559 251
558 250
557 249
556 248
555 247
554 246
553 245
552 244
551 244
550 243
549 242
548 241
547 240
546 240
545 239
544 238
543 237
542 237
541 236
540 235
539 234
538 234
537 233
536 232
535 232
534 231
533 230
532 230
531 229
530 229
529 228
528 227
527 227
526 226
525 225
524 225
523 224
522 224
521 223
520 223
519 222
518 222
517 221
516 221
515 220
514 220
513 219
512 219
511 218
510 218
509 217
508 217
507 216
506 216
505 215
504 215
503 214
502 214
501 214
500 213
499 213
498 212
497 212
496 212
495 211
494 211
493 210
492 210
491 210
490 209
489 209
488 209
487 208
486 208
485 208
484 207
483 207
482 207
481 206
480 206
479 206
478 205
477 205
476 205
475 204
474 204
473 204
472 203
471 203
470 203
469 203
468 202
467 202
466 202
465 202
464 202
463 202
462 202
