468 94
467 95
466 95
465 95
464 95
463 95
462 95
461 95
460 95
459 95
458 95
457 95
456 95
455 95
454 96
453 96
452 96
451 96
450 96
449 96
448 96
447 96
446 96
445 97
444 97
443 97
442 97
441 97
440 97
439 97
438 97
437 98
436 98
435 98
434 98
433 98
432 98
431 98
430 99
429 99
428 99
427 99
426 99
425 99
424 100
423 100
422 100
421 100
420 100
419 101
418 101
417 101
416 101
415 101
414 101
413 102
412 102
411 102
410 102
409 102
408 103
407 103
406 103
405 103
404 104
403 104
402 104
401 104
400 104
399 105
398 105
397 105
396 105
395 106
394 106
393 106
392 106
391 107
390 107
389 107
388 108
387 108
386 108
385 108
384 109
383 109
382 109
381 110
380 110
379 110
378 110
377 111
376 111
375 111
374 112
373 112
372 112
371 113
370 113
369 113
368 114
367 114
366 114
365 115
364 115
363 115
362 116
361 116
360 116
359 117
358 117
357 117
356 118
355 118
354 119
353 119
352 119
351 120
350 120
349 121
348 121
347 121
346 122
345 122
344 123
343 123
342 123
341 124
340 124
339 125
338 125
337 126
336 126
335 126
334 127
333 127
332 128
331 128
330 129
329 129
328 130
327 130
326 131
325 131
324 132
323 132
322 133
321 133
320 134
319 134
318 135
317 135
316 136
315 136
314 137
313 137
312 138
311 138
310 139
309 139
308 140
307 140
306 141
305 142
304 142
303 143
302 143
301 144
300 145
299 145
298 146
297 146
296 147
295 148
294 148
293 149
292 149
291 150
290 151
289 151
288 152
287 153
286 153
285 154
284 155
283 155
282 156
281 157
280 157
279 158
278 159
277 160
276 160
275 161
274 162
273 162
272 163
271 164
270 165
269 165
268 166
267 167
266 168
265 168
264 169
263 170
262 171
261 172
260 172
259 173
258 174
257 175
256 176
255 177
254 177
253 178
252 179
251 180
250 181
249 182
248 183
247 184
246 184
245 185
244 186
243 187
242 188
241 189
240 190
239 191
238 192
237 193
236 194
235 195
234 196
233 197
232 198
231 199
230 200
229 201
228 202
227 203
226 204
225 205
224 206
224 207
223 208
222 209
221 209
220 209
219 208
218 207
217 206
216 205
215 204
214 203
213 202
212 201
211 201
210 200
209 199
208 198
207 197
206 196
205 195
204 195
203 194
202 194
201 194
200 194
199 194
198 193
197 194
196 194
195 194
194 194
193 195
192 195
191 196
190 197
189 198
188 199
188 200
187 201
187 202
186 203
186 204
186 205
186 206
186 207
186 208
186 209
186 210
186 211
186 212
186 213
186 214
186 215
186 216
186 217
186 218
186 219
186 220
186 221
186 222
186 223
186 224
186 225
186 226
186 227
186 228
186 229
186 230
186 231
186 232
186 233
186 234
186 235
186 236
186 237
186 238
186 239
186 240
186 241
186 242
186 243
186 244
186 245
186 246
186 247
186 248
186 249
186 250
186 251
186 252
186 253
186 254
186 255
186 256
186 257
186 258
186 259
186 260
186 261
186 262
186 263
186 264
186 265
186 266
186 267
186 268
186 269
186 270
186 271
186 272
186 273
186 274
186 275
186 276
186 277
186 278
186 279
186 280
186 281
186 282
186 283
186 284
186 285
186 286
186 287
186 288
186 289
186 290
186 291
186 292
186 293
186 294
186 295
186 296
186 297
186 298
186 299
186 300
186 301
186 302
186 303
186 304
186 305
186 306
186 307
186 308
186 309
186 310
186 311
186 312
186 313
186 314
186 315
186 316
186 317
186 318
186 319
186 320
186 321
186 322
186 323
186 324
186 325
186 326
186 327
186 328
186 329
186 330
186 331
186 332
186 333
186 334
186 335
186 336
186 337
186 338
186 339
186 340
186 341
186 342
186 343
186 344
186 345
186 346
186 347
186 348
186 349
186 350
186 351
186 352
186 353
186 354
186 355
186 356
186 357
186 358
186 359
186 360
186 361
186 362
186 363
186 364
186 365
186 366
186 367
186 368
186 369
186 370
186 371
186 372
186 373
186 374
186 375
186 376
186 377
186 378
186 379
186 380
186 381
186 382
186 383
186 384
186 385
186 386
186 387
186 388
186 389
186 390
186 391
186 392
186 393
186 394
186 395
186 396
186 397
186 398
186 399
186 400
186 401
186 402
186 403
186 404
186 405
186 406
186 407
186 408
186 409
186 410
186 411
186 412
186 413
186 414
186 415
186 416
186 417
186 418
186 419
186 420
186 421
186 422
186 423
186 424
186 425
186 426
186 427
186 428
186 429
186 430
186 431
186 432
186 433
186 434
186 435
186 436
186 437
186 438
186 439
186 440
186 441
186 442
186 443
186 444
186 445
186 446
186 447
186 448
186 449
186 450
186 451
186 452
186 453
186 454
186 455
186 456
186 457
186 458
186 459
186 460
186 461
186 462
186 463
186 464
186 465
186 466
186 467
186 468
186 469
186 470
186 471
186 472
186 473
186 474
186 475
186 476
186 477
186 478
186 479
186 480
186 481
186 482
186 483
186 484
186 485
186 486
186 487
186 488
186 489
186 490
186 491
186 492
186 493
186 494
186 495
186 496
186 497
186 498
186 499
186 500
186 501
186 502
186 503
186 504
186 505
186 506
186 507
186 508
186 509
186 510
186 511
186 512
186 513
186 514
186 515
186 516
186 517
186 518
186 519
186 520
186 521
186 522
186 523
186 524
186 525
186 526
186 527
186 528
186 529
186 530
186 531
186 532
186 533
186 534
186 535
186 536
186 537
186 538
186 539
186 540
186 541
186 542
186 543
186 544
186 545
186 546
186 547
186 548
186 549
186 550
186 551
186 552
186 553
186 554
186 555
186 556
186 557
186 558
186 559
186 560
186 561
186 562
186 563
186 564
186 565
186 566
186 567
186 568
186 569
186 570
186 571
186 572
186 573
186 574
186 575
186 576
186 577
186 578
186 579
186 580
186 581
186 582
186 583
186 584
186 585
186 586
186 587
186 588
186 589
186 590
186 591
186 592
186 593
186 594
186 595
186 596
186 597
186 598
186 599
186 600
186 601
186 602
186 603
186 604
186 605
186 606
186 607
186 608
186 609
186 610
186 611
186 612
186 613
186 614
186 615
187 616
187 617
187 618
188 619
189 620
189 621
190 622
191 622
192 623
193 624
194 624
195 624
196 625
197 625
198 625
199 625
200 625
201 625
202 624
203 624
204 624
205 623
206 622
207 622
208 621
209 620
210 619
211 618
212 617
213 616
214 615
215 614
216 613
217 612
218 611
219 611
220 610
221 609
222 610
223 611
224 612
225 613
226 614
227 615
228 616
229 617
230 618
231 619
232 620
233 621
233 622
234 623
235 624
236 625
237 626
238 627
239 627
240 628
241 629
242 630
243 631
244 632
245 633
246 634
247 635
248 636
249 637
250 638
251 638
252 639
253 640
254 641
255 642
256 643
257 644
258 644
259 645
260 646
261 647
262 648
263 648
264 649
265 650
266 651
267 652
268 652
269 653
270 654
271 655
272 655
273 656
274 657
275 657
276 658
277 659
278 660
279 660
280 661
281 662
282 662
283 663
284 664
285 664
286 665
287 666
288 666
289 667
290 668
291 668
292 669
293 670
294 670
295 671
296 671
297 672
298 673
299 673
300 674
301 674
302 675
303 676
304 676
305 677
306 677
307 678
308 679
309 679
310 680
311 680
312 681
313 681
314 682
315 682
316 683
317 683
318 684
319 684
320 685
321 685
322 686
323 686
324 687
325 687
326 688
327 688
328 689
329 689
330 690
331 690
332 691
333 691
334 692
335 692
336 692
337 693
338 693
339 694
340 694
341 695
342 695
343 695
344 696
345 696
346 697
347 697
348 698
349 698
350 698
351 699
352 699
353 699
354 700
355 700
356 701
357 701
358 701
359 702
360 702
361 702
362 703
363 703
364 703
365 704
366 704
367 704
368 705
369 705
370 706
371 706
372 706
373 706
374 707
375 707
376 707
377 708
378 708
379 708
380 709
381 709
382 709
383 709
384 710
385 710
386 710
387 711
388 711
389 711
390 711
391 712
392 712
393 712
394 712
395 713
396 713
397 713
398 713
399 714
400 714
401 714
402 714
403 715
404 715
405 715
406 715
407 716
408 716
409 716
410 716
411 716
412 717
413 717
414 717
415 717
416 717
417 718
418 718
419 718
420 718
421 718
422 718
423 719
424 719
425 719
426 719
427 719
428 719
429 720
430 720
431 720
432 720
433 720
434 720
435 721
436 721
437 721
438 721
439 721
440 721
441 721
442 721
443 722
444 722
445 722
446 722
447 722
448 722
449 722
450 722
451 723
452 723
453 723
454 723
455 723
456 723
457 723
458 723
459 723
460 723
461 723
462 724
463 724
464 724
465 724
466 724
467 724
468 724
469 724
470 724
471 724
472 724
473 724
474 724
475 724
476 724
477 724
478 724
479 725
480 725
481 725
482 725
483 725
484 725
485 725
486 725
487 725
488 725
489 725
490 725
491 725
492 725
493 725
494 725
495 725
496 725
497 725
498 725
499 725
500 725
501 725
502 725
503 725
504 725
505 725
506 725
507 725
508 725
509 725
510 725
511 725
512 724
513 724
514 724
515 724
516 724
517 724
518 724
519 724
520 724
521 724
522 724
523 724
524 724
525 724
526 724
527 724
528 724
529 724
530 723
531 723
532 723
533 723
534 723
535 723
536 723
537 723
538 723
539 723
540 723
541 722
542 722
543 722
544 722
545 722
546 722
547 722
548 722
549 722
550 721
551 721
552 721
553 721
554 721
555 721
556 721
557 721
558 720
559 720
560 720
561 720
562 720
563 720
564 720
565 719
566 719
567 719
568 719
569 719
570 719
571 718
572 718
573 718
574 718
575 718
576 718
577 717
578 717
579 717
580 717
581 717
582 716
583 716
584 716
585 716
586 716
587 715
588 715
589 715
590 715
591 715
592 714
593 714
594 714
595 714
596 714
597 713
598 713
599 713
600 713
601 712
602 712
603 712
604 712
605 712
606 711
607 711
608 711
609 711
610 710
611 710
612 710
613 710
614 709
615 709
616 709
617 708
618 708
619 708
620 708
621 707
622 707
623 707
624 707
625 706
626 706
627 706
628 705
629 705
630 705
631 705
632 704
633 704
634 704
635 703
636 703
637 703
638 702
639 702
640 702
641 701
642 701
643 701
644 700
645 700
646 700
647 699
648 699
649 699
650 698
651 698
652 698
653 697
654 697
655 697
656 696
657 696
658 696
659 695
660 695
661 695
662 694
663 694
664 693
665 693
666 693
667 692
668 692
669 691
670 691
671 691
672 690
673 690
674 690
675 689
676 689
677 688
678 688
679 687
680 687
681 687
682 686
683 686
684 685
685 685
686 685
687 684
688 684
689 683
690 683
691 682
692 682
693 681
694 681
695 681
696 680
697 680
698 679
699 679
700 678
701 678
702 677
703 677
704 676
705 676
706 675
707 675
708 675
709 674
710 674
711 673
712 673
713 672
714 672
715 671
716 671
717 670
718 670
719 669
720 669
721 668
722 667
723 667
724 666
725 666
726 665
727 665
728 664
729 664
730 663
731 663
732 662
733 662
734 661
735 660
736 660
737 659
738 659
739 658
740 658
741 657
742 656
743 656
744 655
745 655
746 654
747 653
748 653
749 652
750 652
751 651
752 650
753 650
754 649
755 649
756 648
757 647
758 647
759 646
760 645
761 645
762 644
763 644
764 643
765 642
766 642
767 641
768 640
769 640
770 639
771 638
772 638
773 637
774 636
775 636
776 635
777 634
778 633
779 633
780 632
781 631
782 631
783 630
784 629
785 629
786 628
787 627
788 626
789 626
790 625
791 624
792 623
793 623
794 622
795 621
796 620
797 620
798 619
799 618
800 617
801 617
802 616
803 615
804 614
805 613
806 613
807 612
808 611
809 610
810 609
811 609
812 608
813 607
814 606
815 605
816 604
817 604
818 603
819 602
820 601
821 600
822 599
823 598
824 597
825 597
826 596
827 595
828 594
829 593
830 592
831 591
832 590
833 589
834 588
835 588
836 587
837 586
838 585
839 584
840 583
841 582
842 581
843 580
844 579
845 578
846 577
847 576
848 575
849 574
850 573
851 572
852 571
853 570
854 569
855 568
856 567
857 566
858 565
859 564
860 563
861 562
861 561
862 560
863 559
864 558
865 557
866 556
867 555
868 554
869 553
870 552
870 551
871 550
872 549
873 548
874 547
875 546
876 545
876 544
877 543
878 542
879 541
880 540
881 539
881 538
882 537
883 536
884 535
885 534
886 533
887 533
888 533
889 533
890 534
891 535
892 536
893 537
894 538
895 539
896 540
897 541
898 542
899 542
900 543
901 544
902 545
903 546
904 547
905 547
906 548
907 549
908 550
909 551
910 551
911 552
912 552
913 553
914 553
915 553
916 553
917 553
918 553
919 554
920 554
921 553
922 553
923 553
924 553
925 553
926 553
927 552
928 552
929 552
930 551
931 551
932 550
933 549
934 548
934 547
935 546
935 545
935 544
935 543
935 542
935 541
935 540
935 539
935 538
935 537
935 536
935 535
935 534
935 533
935 532
935 531
935 530
935 529
935 528
935 527
935 526
935 525
935 524
935 523
935 522
935 521
935 520
935 519
935 518
935 517
935 516
935 515
935 514
935 513
935 512
934 511
934 510
933 509
933 508
932 507
931 506
930 506
929 505
928 504
927 503
926 502
925 501
924 500
923 499
922 498
921 497
920 496
919 495
918 494
918 493
917 492
916 491
916 490
915 489
915 488
915 487
914 486
914 485
914 484
913 483
913 482
913 481
912 480
912 479
912 478
912 477
912 476
911 475
911 474
911 473
911 472
911 471
911 470
911 469
911 468
910 467
910 466
910 465
910 464
910 463
910 462
910 461
910 460
911 459
911 458
911 457
911 456
911 455
911 454
911 453
911 452
911 451
911 450
911 449
911 448
911 447
911 446
911 445
911 444
911 443
911 442
911 441
911 440
911 439
912 438
912 437
912 436
912 435
912 434
912 433
912 432
912 431
912 430
912 429
912 428
912 427
912 426
912 425
912 424
912 423
912 422
912 421
912 420
912 419
912 418
912 417
912 416
912 415
912 414
912 413
912 412
912 411
912 410
912 409
912 408
912 407
912 406
912 405
912 404
912 403
912 402
912 401
912 400
912 399
912 398
912 397
912 396
912 395
912 394
912 393
912 392
912 391
912 390
912 389
912 388
912 387
912 386
912 385
912 384
912 383
912 382
912 381
911 380
911 379
911 378
911 377
911 376
911 375
911 374
911 373
911 372
911 371
911 370
911 369
911 368
911 367
911 366
911 365
911 364
911 363
911 362
911 361
911 360
911 359
910 358
910 357
910 356
910 355
910 354
910 353
910 352
911 351
911 350
911 349
911 348
911 347
911 346
911 345
911 344
911 343
912 342
912 341
912 340
912 339
913 338
913 337
913 336
913 335
914 334
914 333
914 332
915 331
915 330
916 329
916 328
917 327
917 326
918 325
919 324
919 323
920 322
921 321
922 320
923 319
924 318
925 317
926 316
927 316
928 315
929 314
930 313
931 312
932 311
933 310
934 309
934 308
934 307
935 306
935 305
935 304
935 303
935 302
935 301
935 300
935 299
935 298
935 297
935 296
935 295
935 294
935 293
935 292
935 291
935 290
935 289
935 288
935 287
935 286
935 285
935 284
935 283
935 282
935 281
935 280
935 279
935 278
935 277
935 276
935 275
935 274
935 273
935 272
934 271
933 270
932 269
931 268
930 267
929 267
928 266
927 266
926 266
925 266
924 265
923 265
922 265
921 265
920 265
919 265
918 265
917 265
916 265
915 265
914 265
913 266
912 266
911 266
910 267
909 268
908 269
907 269
906 270
905 271
904 272
903 273
902 273
901 274
900 275
899 276
898 277
897 278
896 279
895 280
894 281
893 281
892 282
891 283
890 284
889 285
888 286
887 286
886 285
885 285
884 284
884 283
883 282
882 281
881 280
880 279
879 278
879 277
878 276
877 275
876 274
875 273
874 272
874 271
873 270
872 269
871 268
870 267
869 266
868 265
867 264
866 263
866 262
865 261
864 260
863 259
862 258
861 257
860 256
859 255
858 254
857 253
856 252
855 251
854 250
853 249
852 248
851 247
851 246
850 245
849 244
848 243
847 242
846 242
845 241
844 240
843 239
842 238
841 237
840 236
839 235
838 234
837 233
836 232
835 231
834 230
833 229
832 228
831 227
830 226
829 225
828 225
827 224
826 223
825 222
824 221
823 220
822 219
821 218
820 217
819 217
818 216
817 215
816 214
815 213
814 212
813 212
812 211
811 210
810 209
809 208
808 207
807 207
806 206
805 205
804 204
803 203
802 203
801 202
800 201
799 200
798 200
797 199
796 198
795 197
794 196
793 196
792 195
791 194
790 194
789 193
788 192
787 191
786 191
785 190
784 189
783 188
782 188
781 187
780 186
779 186
778 185
777 184
776 184
775 183
774 182
773 181
772 181
771 180
770 179
769 179
768 178
767 177
766 177
765 176
764 175
763 175
762 174
761 174
760 173
759 172
758 172
757 171
756 170
755 170
754 169
753 169
752 168
751 167
750 167
749 166
748 166
747 165
746 164
745 164
744 163
743 163
742 162
741 161
740 161
739 160
738 160
737 159
736 159
735 158
734 157
733 157
732 156
731 156
730 155
729 155
728 154
727 154
726 153
725 153
724 152
723 152
722 151
721 150
720 150
719 149
718 149
717 148
716 148
715 147
714 147
713 146
712 146
711 145
710 145
709 144
708 144
707 143
706 143
705 142
704 142
703 142
702 141
701 141
700 140
699 140
698 139
697 139
696 138
695 138
694 137
693 137
692 137
691 136
690 136
689 135
688 135
687 134
686 134
685 133
684 133
683 133
682 132
681 132
680 131
679 131
678 131
677 130
676 130
675 129
674 129
673 129
672 128
671 128
670 127
669 127
668 127
667 126
666 126
665 125
664 125
663 125
662 124
661 124
660 124
659 123
658 123
657 122
656 122
655 122
654 121
653 121
652 121
651 120
650 120
649 120
648 119
647 119
646 119
645 118
644 118
643 118
642 117
641 117
640 117
639 116
638 116
637 116
636 115
635 115
634 115
633 115
632 114
631 114
630 114
629 113
628 113
627 113
626 112
625 112
624 112
623 112
622 111
621 111
620 111
619 110
618 110
617 110
616 110
615 109
614 109
613 109
612 109
611 108
610 108
609 108
608 108
607 107
606 107
605 107
604 107
603 106
602 106
601 106
600 106
599 106
598 105
597 105
596 105
595 105
594 104
593 104
592 104
591 104
590 104
589 103
588 103
587 103
586 103
585 103
584 102
583 102
582 102
581 102
580 102
579 101
578 101
577 101
576 101
575 101
574 100
573 100
572 100
571 100
570 100
569 100
568 100
567 99
566 99
565 99
564 99
563 99
562 99
561 98
560 98
559 98
558 98
557 98
556 98
555 98
554 97
553 97
552 97
551 97
550 97
549 97
548 97
547 97
546 97
545 96
544 96
543 96
542 96
541 96
540 96
539 96
538 96
537 96
536 95
535 95
534 95
533 95
532 95
531 95
530 95
529 95
528 95
527 95
526 95
525 95
524 95
523 95
522 94
521 94
520 94
519 94
518 94
517 94
516 94
515 94
514 94
513 94
512 94
511 94
510 94
509 94
508 94
507 94
506 94
505 94
504 94
503 94
502 94
501 94
500 94
499 94
498 94
497 94
496 94
495 94
494 94
493 94
492 94
491 94
490 94
489 94
488 94
487 94
486 94
485 94
484 94
483 94
482 94
481 94
480 94
479 94
478 94
477 94
476 94
475 94
474 94
473 94
472 94
471 94
470 94
469 94
468 94
