406 199
405 200
404 200
403 200
402 201
401 201
400 202
399 202
398 203
397 203
396 204
395 204
394 205
393 205
392 206
391 207
390 207
389 208
388 208
387 209
386 210
385 210
384 211
383 212
382 212
381 213
380 214
379 214
378 215
377 216
376 217
375 218
374 219
373 220
372 221
371 222
370 223
370 224
369 225
369 226
368 227
368 228
368 229
368 230
368 231
368 232
368 233
368 234
368 235
368 236
368 237
368 238
368 239
368 240
368 241
368 242
368 243
368 244
368 245
368 246
368 247
368 248
368 249
368 250
368 251
368 252
368 253
368 254
368 255
368 256
368 257
368 258
368 259
368 260
368 261
368 262
368 263
368 264
368 265
368 266
368 267
368 268
368 269
368 270
368 271
368 272
368 273
368 274
368 275
368 276
368 277
368 278
368 279
368 280
368 281
368 282
368 283
368 284
368 285
368 286
368 287
368 288
368 289
368 290
368 291
368 292
368 293
368 294
368 295
368 296
368 297
368 298
368 299
368 300
368 301
368 302
368 303
368 304
368 305
368 306
368 307
368 308
368 309
368 310
368 311
368 312
368 313
368 314
368 315
368 316
368 317
368 318
368 319
368 320
368 321
368 322
368 323
368 324
368 325
368 326
368 327
368 328
368 329
368 330
368 331
368 332
368 333
368 334
368 335
368 336
368 337
368 338
368 339
368 340
368 341
368 342
368 343
368 344
368 345
368 346
368 347
368 348
368 349
368 350
368 351
368 352
368 353
368 354
368 355
368 356
368 357
368 358
368 359
368 360
368 361
368 362
368 363
368 364
368 365
368 366
368 367
368 368
368 369
368 370
368 371
368 372
368 373
368 374
368 375
368 376
368 377
368 378
368 379
368 380
368 381
368 382
368 383
368 384
368 385
368 386
368 387
368 388
368 389
368 390
368 391
368 392
368 393
368 394
368 395
368 396
368 397
368 398
368 399
368 400
368 401
368 402
368 403
368 404
368 405
368 406
368 407
368 408
368 409
368 410
368 411
368 412
368 413
368 414
368 415
368 416
368 417
368 418
368 419
368 420
368 421
368 422
368 423
368 424
368 425
368 426
368 427
368 428
368 429
368 430
368 431
368 432
368 433
368 434
368 435
368 436
368 437
368 438
368 439
368 440
368 441
368 442
368 443
368 444
368 445
368 446
368 447
368 448
368 449
368 450
368 451
368 452
368 453
368 454
368 455
368 456
368 457
368 458
368 459
368 460
368 461
368 462
368 463
368 464
368 465
368 466
368 467
368 468
368 469
368 470
368 471
368 472
368 473
368 474
368 475
368 476
368 477
368 478
368 479
368 480
368 481
368 482
368 483
368 484
368 485
368 486
368 487
368 488
368 489
368 490
368 491
368 492
368 493
368 494
368 495
368 496
368 497
368 498
368 499
368 500
368 501
368 502
368 503
368 504
368 505
368 506
368 507
368 508
368 509
368 510
368 511
368 512
368 513
368 514
368 515
368 516
368 517
368 518
368 519
368 520
368 521
368 522
368 523
368 524
368 525
368 526
368 527
368 528
368 529
368 530
368 531
368 532
368 533
368 534
368 535
368 536
368 537
368 538
368 539
368 540
368 541
368 542
368 543
368 544
368 545
368 546
368 547
368 548
368 549
368 550
368 551
368 552
368 553
368 554
368 555
368 556
368 557
368 558
368 559
368 560
368 561
368 562
368 563
368 564
368 565
368 566
368 567
368 568
368 569
368 570
368 571
368 572
368 573
368 574
368 575
368 576
368 577
368 578
368 579
368 580
368 581
368 582
369 583
369 584
369 585
370 586
371 587
372 588
372 589
373 590
374 591
375 592
376 592
377 593
378 594
379 595
380 596
381 596
382 597
383 598
384 599
385 599
386 600
387 600
388 601
389 602
390 602
391 603
392 603
393 604
394 604
395 605
396 606
397 606
398 607
399 607
400 608
401 608
402 608
403 609
404 609
405 610
406 610
407 610
408 610
409 610
410 610
411 610
412 610
413 610
414 610
415 610
416 610
417 610
418 610
419 610
420 610
421 610
422 610
423 611
424 611
425 611
426 611
427 611
428 611
429 611
430 611
431 611
432 611
433 611
434 611
435 611
436 611
437 611
438 611
439 611
440 611
441 611
442 610
443 610
444 610
445 610
446 610
447 610
448 610
449 610
450 610
451 610
452 610
453 610
454 610
455 610
456 610
457 610
458 610
459 610
460 610
461 610
462 610
463 610
464 610
465 610
466 610
467 609
468 609
469 609
470 609
471 609
472 609
473 609
474 609
475 609
476 609
477 609
478 609
479 609
480 608
481 608
482 608
483 608
484 608
485 608
486 608
487 608
488 608
489 608
490 607
491 607
492 607
493 607
494 607
495 607
496 607
497 607
498 606
499 606
500 606
501 606
502 606
503 606
504 606
505 605
506 605
507 605
508 605
509 605
510 605
511 604
512 604
513 604
514 604
515 604
516 604
517 603
518 603
519 603
520 603
521 603
522 602
523 602
524 602
525 602
526 602
527 601
528 601
529 601
530 601
531 600
532 600
533 600
534 600
535 600
536 599
537 599
538 599
539 599
540 598
541 598
542 598
543 597
544 597
545 597
546 597
547 596
548 596
549 596
550 596
551 595
552 595
553 595
554 594
555 594
556 594
557 593
558 593
559 593
560 592
561 592
562 592
563 591
564 591
565 591
566 590
567 590
568 590
569 589
570 589
571 589
572 588
573 588
574 587
575 587
576 587
577 586
578 586
579 585
580 585
581 585
582 584
583 584
584 583
585 583
586 582
587 582
588 582
589 581
590 581
591 580
592 580
593 579
594 579
595 578
596 578
597 577
598 577
599 576
600 576
601 575
602 575
603 574
604 573
605 573
606 572
607 572
608 571
609 571
610 570
611 569
612 569
613 568
614 568
615 567
616 566
617 566
618 565
619 564
620 564
621 563
622 562
623 562
624 561
625 560
626 560
627 559
628 558
629 558
630 557
631 556
632 555
633 554
634 554
635 553
636 552
637 551
638 550
639 550
640 549
641 548
642 547
643 546
644 545
645 544
646 543
647 543
648 542
649 541
650 540
651 539
652 538
653 537
654 536
655 535
656 534
656 533
657 532
658 531
659 530
660 529
661 528
662 527
663 526
663 525
664 524
665 523
666 522
667 521
667 520
668 519
669 518
670 517
670 516
671 515
672 514
673 513
673 512
674 511
675 510
675 509
676 508
677 507
677 506
678 505
678 504
679 503
680 502
680 501
681 500
682 499
682 498
683 497
683 496
684 495
684 494
685 493
685 492
686 491
686 490
687 489
687 488
688 487
688 486
689 485
689 484
690 483
690 482
691 481
691 480
692 479
692 478
692 477
693 476
693 475
694 474
694 473
695 472
695 471
695 470
696 469
696 468
696 467
697 466
697 465
697 464
698 463
698 462
698 461
699 460
699 459
699 458
700 457
700 456
700 455
701 454
701 453
701 452
701 451
702 450
702 449
702 448
702 447
703 446
703 445
703 444
703 443
704 442
704 441
704 440
704 439
704 438
705 437
705 436
705 435
705 434
705 433
706 432
706 431
706 430
706 429
706 428
706 427
706 426
707 425
707 424
707 423
707 422
707 421
707 420
707 419
707 418
707 417
707 416
708 415
708 414
708 413
708 412
708 411
708 410
708 409
708 408
708 407
708 406
708 405
708 404
708 403
708 402
708 401
708 400
708 399
708 398
708 397
708 396
708 395
707 394
707 393
707 392
707 391
707 390
707 389
707 388
707 387
707 386
707 385
706 384
706 383
706 382
706 381
706 380
706 379
706 378
705 377
705 376
705 375
705 374
705 373
705 372
704 371
704 370
704 369
704 368
703 367
703 366
703 365
703 364
703 363
702 362
702 361
702 360
702 359
701 358
701 357
701 356
700 355
700 354
700 353
699 352
699 351
699 350
699 349
698 348
698 347
698 346
697 345
697 344
697 343
696 342
696 341
695 340
695 339
695 338
694 337
694 336
694 335
693 334
693 333
692 332
692 331
691 330
691 329
691 328
690 327
690 326
689 325
689 324
688 323
688 322
687 321
687 320
686 319
686 318
685 317
685 316
684 315
683 314
683 313
682 312
682 311
681 310
681 309
680 308
679 307
679 306
678 305
678 304
677 303
676 302
676 301
675 300
674 299
674 298
673 297
672 296
672 295
671 294
670 293
669 292
669 291
668 290
667 289
666 288
665 287
665 286
664 285
663 284
662 283
661 282
661 281
660 280
659 279
658 278
657 277
656 276
655 275
654 274
653 273
652 272
651 271
650 270
649 269
648 268
647 267
646 266
645 265
644 264
643 263
642 262
641 261
640 261
639 260
638 259
637 258
636 257
635 257
634 256
633 255
632 254
631 253
630 253
629 252
628 251
627 250
626 250
625 249
624 248
623 248
622 247
621 246
620 246
619 245
618 244
617 244
616 243
615 242
614 242
613 241
612 241
611 240
610 239
609 239
608 238
607 238
606 237
605 236
604 236
603 235
602 235
601 234
600 234
599 233
598 233
597 232
596 232
595 231
594 231
593 230
592 230
591 229
590 229
589 228
588 228
587 227
586 227
585 227
584 226
583 226
582 225
581 225
580 224
579 224
578 224
577 223
576 223
575 222
574 222
573 222
572 221
571 221
570 220
569 220
568 220
567 219
566 219
565 219
564 218
563 218
562 218
561 217
560 217
559 217
558 216
557 216
556 216
555 215
554 215
553 215
552 214
551 214
550 214
549 214
548 213
547 213
546 213
545 212
544 212
543 212
542 212
541 211
540 211
539 211
538 211
537 210
536 210
535 210
534 210
533 209
532 209
531 209
530 209
529 209
528 208
527 208
526 208
525 208
524 207
523 207
522 207
521 207
520 207
519 206
518 206
517 206
516 206
515 206
514 206
513 205
512 205
511 205
510 205
509 205
508 204
507 204
506 204
505 204
504 204
503 204
502 204
501 203
500 203
499 203
498 203
497 203
496 203
495 203
494 203
493 202
492 202
491 202
490 202
489 202
488 202
487 202
486 202
485 201
484 201
483 201
482 201
481 201
480 201
479 201
478 201
477 201
476 201
475 201
474 200
473 200
472 200
471 200
470 200
469 200
468 200
467 200
466 200
465 200
464 200
463 200
462 200
461 200
460 200
459 199
458 199
457 199
456 199
455 199
454 199
453 199
452 199
451 199
450 199
449 199
448 199
447 199
446 199
445 199
444 199
443 199
442 199
441 199
440 199
439 199
438 199
437 199
436 199
435 199
434 199
433 199
432 199
431 199
430 199
429 199
428 199
427 199
426 199
425 199
424 199
423 199
422 199
421 199
420 199
419 199
418 199
417 199
416 199
415 199
414 199
413 199
412 199
411 199
410 199
409 199
408 199
407 199
406 199
