531 128
530 129
529 129
528 129
527 129
526 129
525 129
524 129
523 129
522 129
521 129
520 129
519 129
518 129
517 129
516 129
515 129
514 129
513 129
512 130
511 130
510 130
509 130
508 130
507 130
506 130
505 130
504 130
503 130
502 130
501 130
500 130
499 130
498 131
497 131
496 131
495 131
494 131
493 131
492 131
491 131
490 131
489 131
488 132
487 132
486 132
485 132
484 132
483 132
482 132
481 132
480 132
479 132
478 133
477 133
476 133
475 133
474 133
473 133
472 133
471 133
470 134
469 134
468 134
467 134
466 134
465 134
464 134
463 134
462 135
461 135
460 135
459 135
458 135
457 135
456 135
455 135
454 136
453 136
452 136
451 136
450 136
449 136
448 136
447 137
446 137
445 137
444 137
443 137
442 137
441 137
440 138
439 138
438 138
437 138
436 138
435 138
434 138
433 139
432 139
431 139
430 139
429 139
428 139
427 140
426 140
425 140
424 140
423 140
422 140
421 141
420 141
419 141
418 141
417 141
416 141
415 142
414 142
413 142
412 142
411 142
410 143
409 143
408 143
407 143
406 143
405 143
404 144
403 144
402 144
401 144
400 144
399 145
398 145
397 145
396 145
395 145
394 145
393 146
392 146
391 146
390 146
389 146
388 147
387 147
386 147
385 147
384 147
383 148
382 148
381 148
380 148
379 148
378 149
377 149
376 149
375 149
374 149
373 150
372 150
371 150
370 150
369 150
368 151
367 151
366 151
365 151
364 151
363 152
362 152
361 152
360 152
359 153
358 153
357 153
356 153
355 153
354 154
353 154
352 154
351 154
350 154
349 155
348 155
347 155
346 155
345 156
344 156
343 156
342 156
341 156
340 157
339 157
338 157
337 157
336 157
335 158
334 158
333 158
332 158
331 159
330 159
329 159
328 159
327 159
326 160
325 160
324 160
323 160
322 160
321 161
320 161
319 161
318 161
317 162
316 162
315 162
314 162
313 162
312 163
311 163
310 163
309 163
308 164
307 164
306 164
305 164
304 164
303 165
302 165
301 165
300 165
299 166
298 166
297 166
296 166
295 166
294 167
293 167
292 167
291 167
290 167
289 168
288 168
287 168
286 168
285 169
284 169
283 169
282 169
281 169
280 170
279 170
278 170
277 170
276 171
275 171
274 171
273 171
272 171
271 172
270 172
269 172
268 172
267 172
266 173
265 173
264 173
263 173
262 174
261 174
260 174
259 174
258 174
257 175
256 175
255 175
254 175
253 175
252 176
251 176
250 176
249 176
248 176
247 177
246 177
245 177
244 177
243 177
242 178
241 178
240 178
239 178
238 178
237 179
236 179
235 179
234 179
233 179
232 179
231 179
230 179
229 178
228 177
227 176
226 175
225 174
224 173
223 172
223 171
222 170
221 169
220 168
220 167
219 166
218 165
217 164
217 163
216 162
215 161
214 161
213 160
212 160
211 160
210 160
209 160
208 160
207 160
206 161
205 162
204 163
203 164
203 165
202 166
202 167
202 168
201 169
201 170
201 171
201 172
201 173
201 174
201 175
201 176
201 177
201 178
201 179
201 180
201 181
201 182
201 183
201 184
201 185
201 186
201 187
201 188
201 189
201 190
201 191
201 192
201 193
201 194
201 195
201 196
201 197
201 198
201 199
201 200
201 201
201 202
201 203
201 204
201 205
201 206
201 207
201 208
201 209
201 210
201 211
201 212
201 213
201 214
201 215
201 216
201 217
201 218
201 219
201 220
201 221
201 222
201 223
201 224
201 225
201 226
201 227
201 228
201 229
201 230
201 231
201 232
201 233
201 234
201 235
201 236
201 237
201 238
201 239
201 240
201 241
201 242
201 243
201 244
201 245
201 246
201 247
201 248
201 249
201 250
201 251
201 252
201 253
201 254
201 255
201 256
201 257
201 258
201 259
201 260
201 261
201 262
201 263
201 264
201 265
201 266
201 267
201 268
201 269
201 270
201 271
201 272
201 273
201 274
201 275
201 276
201 277
201 278
201 279
201 280
201 281
201 282
201 283
201 284
201 285
201 286
201 287
201 288
201 289
201 290
201 291
201 292
201 293
201 294
201 295
201 296
201 297
201 298
201 299
201 300
201 301
201 302
201 303
201 304
201 305
201 306
201 307
201 308
201 309
201 310
201 311
201 312
201 313
201 314
201 315
201 316
201 317
201 318
201 319
201 320
201 321
201 322
201 323
201 324
201 325
201 326
201 327
201 328
201 329
201 330
201 331
201 332
201 333
201 334
201 335
201 336
201 337
201 338
201 339
201 340
201 341
201 342
201 343
201 344
201 345
201 346
201 347
201 348
201 349
201 350
201 351
201 352
201 353
201 354
201 355
201 356
201 357
201 358
201 359
201 360
201 361
201 362
201 363
201 364
201 365
201 366
201 367
201 368
201 369
201 370
201 371
201 372
201 373
201 374
201 375
201 376
201 377
201 378
201 379
201 380
201 381
201 382
201 383
201 384
201 385
201 386
201 387
201 388
201 389
201 390
201 391
201 392
201 393
201 394
201 395
201 396
201 397
201 398
201 399
201 400
201 401
201 402
201 403
201 404
201 405
201 406
201 407
201 408
201 409
201 410
201 411
201 412
201 413
201 414
201 415
201 416
201 417
201 418
201 419
201 420
201 421
201 422
201 423
201 424
201 425
201 426
201 427
201 428
201 429
201 430
201 431
201 432
201 433
201 434
201 435
201 436
201 437
201 438
201 439
201 440
201 441
201 442
201 443
201 444
201 445
201 446
201 447
201 448
201 449
201 450
201 451
201 452
201 453
201 454
201 455
201 456
201 457
201 458
201 459
201 460
201 461
201 462
201 463
201 464
201 465
201 466
201 467
201 468
201 469
201 470
201 471
201 472
201 473
201 474
201 475
201 476
201 477
201 478
201 479
201 480
201 481
201 482
201 483
201 484
201 485
201 486
201 487
201 488
201 489
201 490
201 491
201 492
201 493
201 494
201 495
201 496
201 497
201 498
201 499
201 500
201 501
201 502
201 503
201 504
201 505
201 506
201 507
201 508
201 509
201 510
201 511
201 512
201 513
201 514
201 515
201 516
201 517
201 518
201 519
201 520
201 521
201 522
201 523
201 524
201 525
201 526
201 527
201 528
201 529
201 530
201 531
201 532
201 533
201 534
201 535
201 536
201 537
201 538
201 539
201 540
201 541
201 542
201 543
201 544
201 545
201 546
201 547
201 548
201 549
201 550
201 551
201 552
201 553
201 554
201 555
201 556
201 557
201 558
201 559
201 560
201 561
201 562
201 563
201 564
201 565
201 566
201 567
201 568
201 569
201 570
201 571
201 572
201 573
201 574
201 575
201 576
201 577
201 578
201 579
201 580
201 581
201 582
201 583
201 584
201 585
201 586
201 587
201 588
201 589
201 590
201 591
201 592
201 593
201 594
201 595
201 596
201 597
201 598
201 599
201 600
201 601
201 602
201 603
201 604
201 605
201 606
201 607
201 608
201 609
201 610
201 611
201 612
201 613
201 614
201 615
201 616
201 617
201 618
201 619
201 620
201 621
201 622
201 623
201 624
201 625
201 626
201 627
201 628
201 629
201 630
201 631
201 632
201 633
201 634
201 635
201 636
201 637
201 638
201 639
201 640
201 641
201 642
201 643
201 644
202 645
202 646
202 647
203 648
203 649
204 650
205 651
206 652
207 652
208 653
209 653
210 653
211 653
212 653
213 652
214 652
215 651
216 650
217 649
218 648
219 647
220 646
220 645
221 644
222 643
222 642
223 641
224 640
225 639
225 638
226 637
227 636
228 635
229 635
230 634
231 634
232 634
233 634
234 634
235 634
236 634
237 634
238 634
239 634
240 635
241 635
242 635
243 635
244 635
245 636
246 636
247 636
248 636
249 636
250 637
251 637
252 637
253 637
254 637
255 638
256 638
257 638
258 638
259 639
260 639
261 639
262 639
263 639
264 640
265 640
266 640
267 640
268 640
269 641
270 641
271 641
272 641
273 642
274 642
275 642
276 642
277 642
278 643
279 643
280 643
281 643
282 643
283 644
284 644
285 644
286 644
287 645
288 645
289 645
290 645
291 645
292 646
293 646
294 646
295 646
296 647
297 647
298 647
299 647
300 647
301 648
302 648
303 648
304 648
305 649
306 649
307 649
308 649
309 649
310 650
311 650
312 650
313 650
314 650
315 651
316 651
317 651
318 651
319 652
320 652
321 652
322 652
323 652
324 653
325 653
326 653
327 653
328 654
329 654
330 654
331 654
332 654
333 655
334 655
335 655
336 655
337 655
338 656
339 656
340 656
341 656
342 657
343 657
344 657
345 657
346 657
347 658
348 658
349 658
350 658
351 659
352 659
353 659
354 659
355 659
356 660
357 660
358 660
359 660
360 660
361 661
362 661
363 661
364 661
365 661
366 662
367 662
368 662
369 662
370 662
371 663
372 663
373 663
374 663
375 663
376 664
377 664
378 664
379 664
380 664
381 665
382 665
383 665
384 665
385 665
386 666
387 666
388 666
389 666
390 666
391 667
392 667
393 667
394 667
395 667
396 668
397 668
398 668
399 668
400 668
401 669
402 669
403 669
404 669
405 669
406 669
407 670
408 670
409 670
410 670
411 670
412 671
413 671
414 671
415 671
416 671
417 671
418 672
419 672
420 672
421 672
422 672
423 672
424 673
425 673
426 673
427 673
428 673
429 673
430 674
431 674
432 674
433 674
434 674
435 674
436 675
437 675
438 675
439 675
440 675
441 675
442 675
443 676
444 676
445 676
446 676
447 676
448 676
449 676
450 677
451 677
452 677
453 677
454 677
455 677
456 677
457 678
458 678
459 678
460 678
461 678
462 678
463 678
464 678
465 679
466 679
467 679
468 679
469 679
470 679
471 679
472 679
473 680
474 680
475 680
476 680
477 680
478 680
479 680
480 680
481 680
482 681
483 681
484 681
485 681
486 681
487 681
488 681
489 681
490 681
491 681
492 682
493 682
494 682
495 682
496 682
497 682
498 682
499 682
500 682
501 682
502 682
503 683
504 683
505 683
506 683
507 683
508 683
509 683
510 683
511 683
512 683
513 683
514 683
515 683
516 683
517 684
518 684
519 684
520 684
521 684
522 684
523 684
524 684
525 684
526 684
527 684
528 684
529 684
530 684
531 684
532 684
533 684
534 684
535 684
536 684
537 684
538 684
539 685
540 685
541 685
542 685
543 685
544 685
545 685
546 685
547 685
548 685
549 685
550 685
551 685
552 685
553 685
554 685
555 685
556 685
557 685
558 685
559 685
560 685
561 685
562 685
563 685
564 685
565 685
566 685
567 685
568 685
569 685
570 685
571 685
572 685
573 685
574 685
575 685
576 685
577 685
578 685
579 685
580 685
581 685
582 685
583 684
584 684
585 684
586 684
587 684
588 684
589 684
590 684
591 684
592 684
593 684
594 684
595 684
596 684
597 684
598 684
599 684
600 684
601 683
602 683
603 683
604 683
605 683
606 683
607 683
608 683
609 683
610 683
611 683
612 683
613 682
614 682
615 682
616 682
617 682
618 682
619 682
620 682
621 682
622 681
623 681
624 681
625 681
626 681
627 681
628 681
629 681
630 680
631 680
632 680
633 680
634 680
635 680
636 680
637 679
638 679
639 679
640 679
641 679
642 679
643 679
644 678
645 678
646 678
647 678
648 678
649 677
650 677
651 677
652 677
653 677
654 677
655 676
656 676
657 676
658 676
659 676
660 675
661 675
662 675
663 675
664 674
665 674
666 674
667 674
668 674
669 673
670 673
671 673
672 673
673 672
674 672
675 672
676 672
677 671
678 671
679 671
680 671
681 670
682 670
683 670
684 670
685 669
686 669
687 669
688 669
689 668
690 668
691 668
692 667
693 667
694 667
695 667
696 666
697 666
698 666
699 665
700 665
701 665
702 664
703 664
704 664
705 663
706 663
707 663
708 662
709 662
710 662
711 661
712 661
713 661
714 660
715 660
716 660
717 659
718 659
719 659
720 658
721 658
722 658
723 657
724 657
725 656
726 656
727 656
728 655
729 655
730 654
731 654
732 654
733 653
734 653
735 652
736 652
737 651
738 651
739 651
740 650
741 650
742 649
743 649
744 648
745 648
746 648
747 647
748 647
749 646
750 646
751 645
752 645
753 644
754 644
755 643
756 643
757 642
758 642
759 641
760 641
761 640
762 640
763 639
764 639
765 638
766 638
767 637
768 637
769 636
770 635
771 635
772 634
773 634
774 633
775 633
776 632
777 631
778 631
779 630
780 630
781 629
782 628
783 628
784 627
785 627
786 626
787 625
788 625
789 624
790 623
791 623
792 622
793 621
794 621
795 620
796 619
797 619
798 618
799 617
800 617
801 616
802 615
803 614
804 614
805 613
806 612
807 612
808 611
809 610
810 609
811 608
812 608
813 607
814 606
815 605
816 605
817 604
818 603
819 602
820 601
821 600
822 600
823 599
824 598
825 597
826 596
827 595
828 594
829 593
830 593
831 592
832 591
833 590
834 589
835 588
836 587
837 586
838 585
839 584
840 583
841 582
842 581
843 580
844 579
845 578
846 577
847 576
848 575
848 574
849 573
850 572
851 571
852 570
853 569
854 568
855 567
855 566
856 565
857 564
858 563
859 562
859 561
860 560
861 559
862 558
863 557
863 556
864 555
865 554
866 553
866 552
867 551
868 550
868 549
869 548
870 547
871 546
871 545
872 544
873 543
873 542
874 541
874 540
875 539
876 538
876 537
877 536
878 535
878 534
879 533
879 532
880 531
881 530
881 529
882 528
882 527
883 526
883 525
884 524
884 523
885 522
886 521
886 520
887 519
887 518
888 517
888 516
889 515
889 514
890 513
890 512
891 511
891 510
892 509
892 508
893 507
893 506
894 505
895 504
895 503
896 502
897 501
898 500
899 499
900 498
901 497
902 497
903 498
904 499
905 499
906 499
907 500
908 499
909 499
910 498
911 498
912 497
913 496
913 495
914 494
914 493
914 492
914 491
914 490
914 489
914 488
914 487
914 486
914 485
914 484
914 483
914 482
914 481
914 480
914 479
914 478
914 477
914 476
914 475
914 474
914 473
914 472
914 471
914 470
914 469
914 468
914 467
914 466
914 465
914 464
914 463
914 462
914 461
914 460
914 459
914 458
914 457
914 456
914 455
914 454
914 453
914 452
914 451
914 450
914 449
914 448
914 447
914 446
914 445
914 444
914 443
914 442
914 441
914 440
914 439
914 438
914 437
914 436
914 435
914 434
914 433
914 432
914 431
914 430
914 429
914 428
914 427
914 426
914 425
914 424
914 423
914 422
914 421
914 420
914 419
914 418
914 417
914 416
914 415
914 414
914 413
914 412
914 411
914 410
914 409
915 408
915 407
915 406
915 405
915 404
914 403
914 402
914 401
914 400
914 399
914 398
914 397
914 396
914 395
914 394
914 393
914 392
914 391
914 390
914 389
914 388
914 387
914 386
914 385
914 384
914 383
914 382
914 381
914 380
914 379
914 378
914 377
914 376
914 375
914 374
914 373
914 372
914 371
914 370
914 369
914 368
914 367
914 366
914 365
914 364
914 363
914 362
914 361
914 360
914 359
914 358
914 357
914 356
914 355
914 354
914 353
914 352
914 351
914 350
914 349
914 348
914 347
914 346
914 345
914 344
914 343
914 342
914 341
914 340
914 339
914 338
914 337
914 336
914 335
914 334
914 333
914 332
914 331
914 330
914 329
914 328
914 327
914 326
914 325
914 324
914 323
914 322
914 321
914 320
914 319
913 318
913 317
912 316
911 315
910 314
909 314
908 313
907 313
906 313
905 314
904 314
903 315
902 316
901 315
900 315
899 314
898 313
897 312
896 311
895 310
895 309
894 308
893 307
893 306
892 305
892 304
891 303
891 302
890 301
890 300
889 299
889 298
888 297
888 296
887 295
887 294
886 293
886 292
885 291
885 290
884 289
884 288
883 287
882 286
882 285
881 284
881 283
880 282
880 281
879 280
878 279
878 278
877 277
877 276
876 275
875 274
875 273
874 272
873 271
873 270
872 269
871 268
871 267
870 266
869 265
869 264
868 263
867 262
866 261
866 260
865 259
864 258
864 257
863 256
862 255
861 254
860 253
860 252
859 251
858 250
857 249
856 248
856 247
855 246
854 245
853 244
852 243
851 242
850 241
850 240
849 239
848 238
847 237
846 236
845 235
844 234
843 233
842 232
841 231
840 230
839 229
838 228
837 227
836 226
835 225
834 224
833 223
832 222
831 221
830 220
829 219
828 218
827 217
826 217
825 216
824 215
823 214
822 213
821 212
820 211
819 211
818 210
817 209
816 208
815 207
814 207
813 206
812 205
811 204
810 203
809 203
808 202
807 201
806 200
805 200
804 199
803 198
802 198
801 197
800 196
799 195
798 195
797 194
796 193
795 193
794 192
793 191
792 191
791 190
790 189
789 189
788 188
787 187
786 187
785 186
784 186
783 185
782 184
781 184
780 183
779 182
778 182
777 181
776 181
775 180
774 180
773 179
772 178
771 178
770 177
769 177
768 176
767 176
766 175
765 175
764 174
763 174
762 173
761 173
760 172
759 171
758 171
757 170
756 170
755 169
754 169
753 169
752 168
751 168
750 167
749 167
748 166
747 166
746 165
745 165
744 164
743 164
742 163
741 163
740 163
739 162
738 162
737 161
736 161
735 160
734 160
733 160
732 159
731 159
730 158
729 158
728 158
727 157
726 157
725 156
724 156
723 156
722 155
721 155
720 154
719 154
718 154
717 153
716 153
715 153
714 152
713 152
712 152
711 151
710 151
709 151
708 150
707 150
706 150
705 149
704 149
703 149
702 148
701 148
700 148
699 147
698 147
697 147
696 146
695 146
694 146
693 146
692 145
691 145
690 145
689 144
688 144
687 144
686 144
685 143
684 143
683 143
682 143
681 142
680 142
679 142
678 141
677 141
676 141
675 141
674 140
673 140
672 140
671 140
670 140
669 139
668 139
667 139
666 139
665 138
664 138
663 138
662 138
661 138
660 137
659 137
658 137
657 137
656 137
655 136
654 136
653 136
652 136
651 136
650 135
649 135
648 135
647 135
646 135
645 135
644 134
643 134
642 134
641 134
640 134
639 134
638 133
637 133
636 133
635 133
634 133
633 133
632 132
631 132
630 132
629 132
628 132
627 132
626 132
625 132
624 131
623 131
622 131
621 131
620 131
619 131
618 131
617 131
616 131
615 130
614 130
613 130
612 130
611 130
610 130
609 130
608 130
607 130
606 130
605 130
604 129
603 129
602 129
601 129
600 129
599 129
598 129
597 129
596 129
595 129
594 129
593 129
592 129
591 129
590 129
589 128
588 128
587 128
586 128
585 128
584 128
583 128
582 128
581 128
580 128
579 128
578 128
577 128
576 128
575 128
574 128
573 128
572 128
571 128
570 128
569 128
568 128
567 128
566 128
565 128
564 128
563 128
562 128
561 128
560 128
559 128
558 128
557 128
556 128
555 128
554 128
553 128
552 128
551 128
550 128
549 128
548 128
547 128
546 128
545 128
544 128
543 128
542 128
541 128
540 128
539 128
538 128
537 128
536 128
535 128
534 128
533 128
532 128
531 128
