505 336
504 337
504 338
504 339
504 340
504 341
504 342
504 343
504 344
504 345
504 346
504 347
504 348
504 349
504 350
504 351
504 352
504 353
504 354
504 355
504 356
504 357
504 358
504 359
504 360
504 361
504 362
504 363
504 364
504 365
504 366
504 367
504 368
504 369
504 370
504 371
504 372
504 373
504 374
504 375
504 376
504 377
504 378
504 379
504 380
504 381
504 382
504 383
504 384
504 385
504 386
504 387
504 388
504 389
504 390
504 391
504 392
504 393
504 394
504 395
504 396
504 397
504 398
504 399
504 400
504 401
504 402
504 403
504 404
504 405
504 406
504 407
504 408
504 409
504 410
504 411
504 412
504 413
504 414
504 415
504 416
504 417
504 418
504 419
504 420
504 421
504 422
504 423
504 424
504 425
504 426
504 427
504 428
504 429
504 430
504 431
504 432
504 433
504 434
504 435
504 436
504 437
504 438
504 439
504 440
504 441
504 442
505 443
506 443
507 443
508 443
509 443
510 443
511 442
512 442
513 442
514 442
515 441
516 441
517 441
518 441
519 441
520 440
521 440
522 440
523 440
524 439
525 439
526 439
527 439
528 439
529 438
530 438
531 438
532 438
533 437
534 437
535 437
536 437
537 436
538 436
539 436
540 435
541 435
542 435
543 435
544 434
545 434
546 434
547 433
548 433
549 433
550 432
551 432
552 431
553 431
554 431
555 430
556 430
557 429
558 429
559 428
560 428
561 427
562 426
563 426
564 425
565 425
566 424
567 423
568 422
569 421
570 420
571 419
572 418
573 417
573 416
574 415
574 414
575 413
575 412
576 411
576 410
577 409
577 408
578 407
578 406
578 405
579 404
579 403
579 402
579 401
580 400
580 399
580 398
580 397
580 396
581 395
581 394
581 393
581 392
581 391
581 390
581 389
581 388
581 387
581 386
581 385
581 384
580 383
580 382
580 381
580 380
580 379
579 378
579 377
579 376
579 375
578 374
578 373
578 372
577 371
577 370
576 369
576 368
575 367
575 366
574 365
574 364
573 363
572 362
572 361
571 360
570 359
569 358
568 357
567 356
566 355
565 354
564 354
563 353
562 353
561 352
560 351
559 351
558 350
557 350
556 349
555 349
554 349
553 348
552 348
551 347
550 347
549 347
548 346
547 346
546 345
545 345
544 345
543 344
542 344
541 344
540 344
539 343
538 343
537 343
536 342
535 342
534 342
533 342
532 341
531 341
530 341
529 341
528 341
527 340
526 340
525 340
524 340
523 339
522 339
521 339
520 339
519 339
518 338
517 338
516 338
515 338
514 338
513 337
512 337
511 337
510 337
509 336
508 336
507 336
506 336
505 336
