497 294
496 295
495 295
494 296
494 297
494 298
494 299
494 300
494 301
494 302
494 303
494 304
494 305
494 306
494 307
494 308
494 309
494 310
494 311
494 312
494 313
494 314
494 315
494 316
494 317
494 318
494 319
494 320
494 321
494 322
494 323
494 324
494 325
494 326
494 327
494 328
494 329
494 330
494 331
494 332
494 333
494 334
494 335
494 336
494 337
494 338
494 339
494 340
494 341
494 342
494 343
494 344
494 345
494 346
494 347
494 348
494 349
494 350
494 351
494 352
494 353
494 354
494 355
494 356
494 357
494 358
494 359
494 360
494 361
494 362
494 363
494 364
494 365
494 366
494 367
494 368
494 369
494 370
494 371
494 372
494 373
494 374
494 375
494 376
494 377
494 378
494 379
494 380
494 381
494 382
494 383
494 384
494 385
494 386
494 387
494 388
494 389
494 390
494 391
494 392
494 393
494 394
494 395
494 396
494 397
494 398
494 399
494 400
494 401
494 402
494 403
494 404
494 405
494 406
494 407
494 408
494 409
494 410
494 411
494 412
494 413
494 414
494 415
494 416
494 417
494 418
494 419
494 420
494 421
494 422
494 423
494 424
494 425
494 426
494 427
494 428
494 429
494 430
494 431
494 432
494 433
494 434
494 435
494 436
494 437
494 438
494 439
494 440
494 441
494 442
494 443
494 444
494 445
494 446
494 447
494 448
494 449
494 450
494 451
494 452
494 453
494 454
494 455
494 456
494 457
494 458
494 459
494 460
494 461
494 462
494 463
494 464
494 465
494 466
494 467
494 468
494 469
494 470
494 471
494 472
494 473
494 474
494 475
494 476
494 477
494 478
494 479
494 480
494 481
494 482
494 483
494 484
494 485
494 486
494 487
494 488
494 489
494 490
494 491
494 492
494 493
494 494
494 495
494 496
494 497
494 498
494 499
494 500
494 501
494 502
494 503
494 504
494 505
494 506
494 507
494 508
494 509
494 510
494 511
494 512
494 513
494 514
494 515
494 516
494 517
495 518
496 519
497 519
498 519
499 519
500 519
501 519
502 519
503 519
504 519
505 520
506 520
507 520
508 520
509 520
510 520
511 520
512 520
513 520
514 519
515 519
516 519
517 519
518 519
519 519
520 519
521 519
522 519
523 519
524 519
525 519
526 519
527 518
528 518
529 518
530 518
531 518
532 518
533 518
534 517
535 517
536 517
537 517
538 517
539 516
540 516
541 516
542 516
543 515
544 515
545 515
546 515
547 514
548 514
549 514
550 513
551 513
552 513
553 512
554 512
555 512
556 511
557 511
558 510
559 510
560 509
561 509
562 509
563 508
564 508
565 507
566 507
567 506
568 505
569 505
570 504
571 504
572 503
573 502
574 502
575 501
576 500
577 500
578 499
579 498
580 497
581 497
582 496
583 495
584 494
585 493
586 492
587 491
588 490
589 489
590 488
591 487
592 486
593 485
594 484
595 483
595 482
596 481
597 480
598 479
598 478
599 477
600 476
600 475
601 474
602 473
602 472
603 471
603 470
604 469
604 468
605 467
605 466
606 465
606 464
607 463
607 462
608 461
608 460
609 459
609 458
610 457
610 456
610 455
611 454
611 453
611 452
612 451
612 450
612 449
613 448
613 447
613 446
614 445
614 444
614 443
614 442
615 441
615 440
615 439
615 438
616 437
616 436
616 435
616 434
616 433
617 432
617 431
617 430
617 429
617 428
617 427
618 426
618 425
618 424
618 423
618 422
618 421
618 420
618 419
618 418
618 417
618 416
619 415
619 414
619 413
619 412
619 411
619 410
619 409
619 408
619 407
619 406
619 405
619 404
619 403
619 402
619 401
619 400
619 399
619 398
618 397
618 396
618 395
618 394
618 393
618 392
618 391
618 390
618 389
618 388
617 387
617 386
617 385
617 384
617 383
617 382
616 381
616 380
616 379
616 378
616 377
615 376
615 375
615 374
615 373
615 372
614 371
614 370
614 369
613 368
613 367
613 366
613 365
612 364
612 363
612 362
611 361
611 360
610 359
610 358
610 357
609 356
609 355
608 354
608 353
608 352
607 351
607 350
606 349
606 348
605 347
605 346
604 345
604 344
603 343
602 342
602 341
601 340
601 339
600 338
599 337
599 336
598 335
597 334
596 333
596 332
595 331
594 330
593 329
592 328
592 327
591 326
590 325
589 324
588 323
587 322
586 321
585 320
584 319
583 318
582 318
581 317
580 316
579 315
578 314
577 314
576 313
575 312
574 312
573 311
572 310
571 310
570 309
569 309
568 308
567 307
566 307
565 306
564 306
563 305
562 305
561 304
560 304
559 304
558 303
557 303
556 302
555 302
554 302
553 301
552 301
551 300
550 300
549 300
548 299
547 299
546 299
545 299
544 298
543 298
542 298
541 298
540 297
539 297
538 297
537 297
536 296
535 296
534 296
533 296
532 296
531 296
530 295
529 295
528 295
527 295
526 295
525 295
524 295
523 295
522 294
521 294
520 294
519 294
518 294
517 294
516 294
515 294
514 294
513 294
512 294
511 294
510 294
509 294
508 294
507 294
506 294
505 294
504 294
503 294
502 294
501 294
500 294
499 294
498 294
497 294
