467 304
466 305
465 306
465 307
465 308
465 309
465 310
465 311
465 312
465 313
465 314
465 315
465 316
465 317
465 318
465 319
465 320
465 321
465 322
465 323
465 324
465 325
465 326
465 327
465 328
465 329
465 330
465 331
465 332
465 333
465 334
465 335
465 336
465 337
465 338
465 339
465 340
465 341
465 342
465 343
465 344
465 345
465 346
465 347
465 348
465 349
465 350
465 351
465 352
465 353
465 354
465 355
465 356
465 357
465 358
465 359
465 360
465 361
465 362
465 363
465 364
465 365
465 366
465 367
465 368
465 369
465 370
465 371
465 372
465 373
465 374
465 375
465 376
465 377
465 378
465 379
465 380
465 381
465 382
465 383
465 384
465 385
465 386
465 387
465 388
465 389
465 390
465 391
465 392
465 393
465 394
465 395
465 396
465 397
465 398
465 399
465 400
465 401
465 402
465 403
465 404
465 405
465 406
465 407
465 408
465 409
465 410
465 411
465 412
465 413
465 414
465 415
465 416
465 417
465 418
465 419
465 420
465 421
465 422
465 423
465 424
465 425
465 426
465 427
465 428
465 429
465 430
465 431
465 432
465 433
465 434
465 435
465 436
465 437
465 438
465 439
465 440
465 441
465 442
465 443
465 444
465 445
465 446
465 447
465 448
465 449
465 450
465 451
465 452
465 453
465 454
465 455
465 456
465 457
465 458
465 459
465 460
465 461
465 462
465 463
465 464
465 465
465 466
465 467
465 468
465 469
465 470
465 471
465 472
465 473
465 474
465 475
465 476
465 477
465 478
465 479
465 480
465 481
465 482
465 483
465 484
465 485
465 486
465 487
465 488
465 489
465 490
465 491
465 492
465 493
465 494
465 495
465 496
465 497
465 498
465 499
465 500
465 501
465 502
465 503
465 504
465 505
465 506
465 507
465 508
465 509
465 510
465 511
465 512
465 513
466 514
467 514
468 514
469 514
470 514
471 514
472 514
473 514
474 514
475 514
476 514
477 514
478 514
479 514
480 514
481 514
482 514
483 513
484 513
485 513
486 513
487 513
488 513
489 513
490 513
491 512
492 512
493 512
494 512
495 512
496 512
497 511
498 511
499 511
500 511
501 511
502 510
503 510
504 510
505 510
506 509
507 509
508 509
509 509
510 508
511 508
512 508
513 507
514 507
515 507
516 506
517 506
518 506
519 505
520 505
521 505
522 504
523 504
524 503
525 503
526 503
527 502
528 502
529 501
530 501
531 500
532 500
533 499
534 499
535 498
536 498
537 497
538 497
539 496
540 496
541 495
542 495
543 494
544 493
545 493
546 492
547 492
548 491
549 490
550 490
551 489
552 488
553 488
554 487
555 486
556 485
557 485
558 484
559 483
560 482
561 482
562 481
563 480
564 479
565 478
566 477
567 476
568 475
569 474
570 473
571 472
572 471
573 470
574 469
575 468
576 467
577 466
578 465
579 464
579 463
580 462
581 461
582 460
582 459
583 458
584 457
584 456
585 455
586 454
586 453
587 452
588 451
588 450
589 449
589 448
590 447
590 446
591 445
592 444
592 443
592 442
593 441
593 440
594 439
594 438
595 437
595 436
595 435
596 434
596 433
596 432
597 431
597 430
597 429
598 428
598 427
598 426
598 425
599 424
599 423
599 422
599 421
600 420
600 419
600 418
600 417
600 416
600 415
600 414
600 413
601 412
601 411
601 410
601 409
601 408
601 407
600 406
600 405
600 404
600 403
600 402
600 401
600 400
600 399
599 398
599 397
599 396
599 395
599 394
598 393
598 392
598 391
598 390
597 389
597 388
597 387
596 386
596 385
596 384
595 383
595 382
594 381
594 380
594 379
593 378
593 377
592 376
592 375
591 374
591 373
590 372
590 371
589 370
589 369
588 368
587 367
587 366
586 365
586 364
585 363
584 362
583 361
583 360
582 359
581 358
581 357
580 356
579 355
578 354
577 353
577 352
576 351
575 350
574 349
573 348
572 347
571 346
570 345
569 344
568 343
567 342
566 341
565 340
564 339
563 339
562 338
561 337
560 336
559 335
558 334
557 334
556 333
555 332
554 331
553 331
552 330
551 329
550 329
549 328
548 327
547 327
546 326
545 326
544 325
543 324
542 324
541 323
540 323
539 322
538 322
537 321
536 321
535 320
534 319
533 319
532 319
531 318
530 318
529 317
528 317
527 316
526 316
525 315
524 315
523 315
522 314
521 314
520 313
519 313
518 313
517 312
516 312
515 312
514 311
513 311
512 311
511 310
510 310
509 310
508 310
507 309
506 309
505 309
504 309
503 308
502 308
501 308
500 308
499 307
498 307
497 307
496 307
495 307
494 306
493 306
492 306
491 306
490 306
489 306
488 306
487 305
486 305
485 305
484 305
483 305
482 305
481 305
480 305
479 305
478 305
477 305
476 304
475 304
474 304
473 304
472 304
471 304
470 304
469 304
468 304
467 304
