452 281
452 282
452 283
452 284
452 285
452 286
452 287
452 288
452 289
452 290
452 291
452 292
452 293
452 294
452 295
452 296
452 297
452 298
452 299
452 300
452 301
452 302
452 303
452 304
452 305
452 306
452 307
452 308
452 309
452 310
452 311
452 312
452 313
452 314
452 315
452 316
452 317
452 318
452 319
452 320
452 321
452 322
452 323
452 324
452 325
452 326
452 327
452 328
452 329
452 330
452 331
452 332
452 333
452 334
452 335
452 336
452 337
452 338
452 339
452 340
452 341
452 342
452 343
452 344
452 345
452 346
452 347
452 348
452 349
452 350
452 351
452 352
452 353
452 354
452 355
452 356
452 357
452 358
452 359
452 360
452 361
452 362
452 363
452 364
452 365
452 366
452 367
452 368
452 369
452 370
452 371
452 372
452 373
452 374
452 375
452 376
452 377
452 378
452 379
452 380
452 381
452 382
452 383
452 384
452 385
452 386
452 387
452 388
452 389
452 390
452 391
452 392
452 393
452 394
452 395
452 396
452 397
452 398
452 399
452 400
452 401
452 402
452 403
452 404
452 405
452 406
452 407
452 408
452 409
451 410
451 411
451 412
452 413
452 414
452 415
452 416
452 417
452 418
452 419
452 420
452 421
452 422
452 423
452 424
452 425
452 426
452 427
452 428
452 429
452 430
452 431
452 432
452 433
452 434
452 435
452 436
452 437
452 438
452 439
452 440
452 441
452 442
452 443
452 444
452 445
452 446
452 447
452 448
452 449
452 450
452 451
452 452
452 453
452 454
452 455
452 456
452 457
452 458
452 459
452 460
452 461
452 462
452 463
452 464
452 465
452 466
452 467
452 468
452 469
452 470
452 471
452 472
452 473
452 474
452 475
452 476
452 477
452 478
452 479
452 480
452 481
452 482
452 483
452 484
452 485
452 486
452 487
452 488
452 489
452 490
452 491
452 492
452 493
452 494
452 495
452 496
452 497
452 498
452 499
452 500
452 501
452 502
452 503
452 504
452 505
452 506
452 507
452 508
452 509
452 510
452 511
452 512
452 513
452 514
452 515
452 516
452 517
452 518
452 519
452 520
452 521
452 522
452 523
452 524
452 525
452 526
452 527
452 528
452 529
452 530
452 531
452 532
452 533
452 534
452 535
452 536
452 537
452 538
452 539
452 540
453 540
454 540
455 540
456 540
457 540
458 539
459 539
460 539
461 539
462 539
463 539
464 539
465 539
466 539
467 539
468 539
469 539
470 539
471 539
472 539
473 539
474 538
475 538
476 538
477 538
478 538
479 537
480 537
481 537
482 537
483 537
484 537
485 537
486 537
487 537
488 538
489 538
490 538
491 538
492 538
493 538
494 538
495 538
496 538
497 537
498 537
499 537
500 537
501 537
502 537
503 537
504 537
505 537
506 537
507 537
508 537
509 536
510 536
511 536
512 536
513 536
514 535
515 535
516 535
517 535
518 534
519 534
520 534
521 534
522 533
523 533
524 532
525 532
526 532
527 531
528 531
529 531
530 530
531 530
532 529
533 529
534 528
535 528
536 527
537 527
538 526
539 526
540 525
541 524
542 524
543 523
544 522
545 522
546 521
547 520
548 520
549 519
550 518
551 517
552 517
553 516
554 515
555 514
556 513
557 512
558 511
559 510
560 509
561 508
562 507
563 506
564 505
565 504
565 503
566 502
567 501
568 500
569 499
569 498
570 497
571 496
571 495
572 494
573 493
573 492
574 491
575 490
575 489
576 488
576 487
577 486
577 485
578 484
579 483
579 482
580 481
580 480
581 479
581 478
581 477
582 476
582 475
583 474
583 473
584 472
584 471
584 470
585 469
585 468
586 467
586 466
586 465
587 464
587 463
587 462
588 461
588 460
588 459
589 458
589 457
589 456
589 455
590 454
590 453
590 452
590 451
591 450
591 449
591 448
591 447
592 446
592 445
592 444
592 443
593 442
593 441
593 440
593 439
593 438
593 437
594 436
594 435
594 434
594 433
594 432
594 431
594 430
595 429
595 428
595 427
595 426
595 425
595 424
595 423
595 422
595 421
595 420
595 419
595 418
595 417
595 416
596 415
596 414
596 413
596 412
596 411
596 410
596 409
596 408
596 407
596 406
595 405
595 404
595 403
595 402
595 401
595 400
595 399
595 398
595 397
595 396
595 395
595 394
595 393
594 392
594 391
594 390
594 389
594 388
594 387
594 386
594 385
593 384
593 383
593 382
593 381
593 380
592 379
592 378
592 377
592 376
592 375
591 374
591 373
591 372
591 371
590 370
590 369
590 368
590 367
589 366
589 365
589 364
588 363
588 362
588 361
588 360
587 359
587 358
587 357
586 356
586 355
585 354
585 353
585 352
584 351
584 350
583 349
583 348
583 347
582 346
582 345
581 344
581 343
580 342
580 341
579 340
579 339
578 338
578 337
577 336
577 335
576 334
576 333
575 332
574 331
574 330
573 329
572 328
572 327
571 326
570 325
570 324
569 323
568 322
568 321
567 320
566 319
565 318
564 317
563 316
563 315
562 314
561 313
560 312
559 311
558 310
557 309
556 308
555 307
554 306
553 306
552 305
551 304
550 303
549 302
548 302
547 301
546 300
545 300
544 299
543 298
542 298
541 297
540 296
539 296
538 295
537 295
536 294
535 294
534 293
533 293
532 292
531 292
530 291
529 291
528 290
527 290
526 290
525 289
524 289
523 288
522 288
521 288
520 287
519 287
518 287
517 287
516 286
515 286
514 286
513 286
512 285
511 285
510 285
509 285
508 285
507 285
506 284
505 284
504 284
503 284
502 284
501 284
500 284
499 284
498 284
497 284
496 284
495 284
494 284
493 284
492 284
491 284
490 284
489 284
488 284
487 284
486 284
485 284
484 284
483 284
482 284
481 284
480 284
479 284
478 284
477 283
476 283
475 283
474 283
473 283
472 283
471 283
470 283
469 283
468 283
467 283
466 283
465 283
464 283
463 283
462 283
461 282
460 282
459 282
458 282
457 282
456 282
455 281
454 281
453 281
452 281
