496 284
495 285
494 285
494 286
494 287
493 288
493 289
493 290
493 291
493 292
493 293
493 294
493 295
493 296
493 297
493 298
493 299
493 300
493 301
493 302
493 303
493 304
493 305
493 306
493 307
493 308
493 309
493 310
493 311
493 312
493 313
493 314
493 315
493 316
493 317
493 318
493 319
493 320
493 321
493 322
493 323
493 324
493 325
493 326
493 327
493 328
493 329
493 330
493 331
493 332
493 333
493 334
493 335
493 336
493 337
493 338
493 339
493 340
493 341
493 342
493 343
493 344
493 345
493 346
493 347
493 348
493 349
493 350
493 351
493 352
493 353
493 354
493 355
493 356
493 357
493 358
493 359
493 360
493 361
493 362
493 363
493 364
493 365
493 366
493 367
493 368
493 369
493 370
493 371
493 372
493 373
493 374
493 375
493 376
493 377
493 378
493 379
493 380
493 381
493 382
493 383
493 384
493 385
493 386
493 387
493 388
493 389
493 390
493 391
493 392
493 393
493 394
493 395
493 396
493 397
493 398
493 399
493 400
493 401
493 402
493 403
493 404
493 405
493 406
493 407
493 408
493 409
493 410
493 411
493 412
493 413
493 414
493 415
493 416
493 417
493 418
493 419
493 420
493 421
493 422
493 423
493 424
493 425
493 426
493 427
493 428
493 429
493 430
493 431
493 432
493 433
493 434
493 435
493 436
493 437
493 438
493 439
493 440
493 441
493 442
493 443
493 444
493 445
493 446
493 447
493 448
493 449
493 450
493 451
493 452
493 453
493 454
493 455
493 456
493 457
493 458
493 459
493 460
493 461
493 462
493 463
493 464
493 465
493 466
493 467
493 468
493 469
493 470
493 471
493 472
493 473
493 474
493 475
493 476
493 477
493 478
493 479
493 480
493 481
493 482
493 483
493 484
493 485
493 486
493 487
493 488
493 489
493 490
493 491
493 492
493 493
493 494
493 495
493 496
493 497
493 498
493 499
493 500
493 501
493 502
493 503
493 504
493 505
493 506
493 507
493 508
493 509
493 510
493 511
493 512
493 513
493 514
493 515
493 516
493 517
493 518
493 519
493 520
493 521
493 522
493 523
493 524
493 525
493 526
493 527
493 528
493 529
493 530
493 531
493 532
493 533
493 534
493 535
493 536
494 537
494 538
495 539
496 539
497 539
498 539
499 539
500 539
501 539
502 539
503 539
504 539
505 539
506 539
507 538
508 538
509 538
510 538
511 538
512 538
513 538
514 538
515 538
516 537
517 537
518 537
519 537
520 537
521 537
522 537
523 537
524 536
525 536
526 536
527 536
528 536
529 535
530 535
531 535
532 534
533 534
534 533
535 533
536 532
537 532
538 531
539 530
540 530
541 529
542 528
543 528
544 527
545 526
546 525
547 525
548 524
549 523
550 522
551 521
552 521
553 520
554 519
555 518
556 517
557 516
558 515
559 514
560 513
561 512
562 511
563 510
564 509
565 508
566 507
566 506
567 505
568 504
569 503
569 502
570 501
571 500
572 499
572 498
573 497
574 496
574 495
575 494
576 493
576 492
577 491
577 490
578 489
578 488
579 487
579 486
580 485
580 484
581 483
581 482
582 481
582 480
583 479
583 478
584 477
584 476
584 475
585 474
585 473
585 472
586 471
586 470
587 469
587 468
587 467
587 466
588 465
588 464
588 463
589 462
589 461
589 460
589 459
590 458
590 457
590 456
590 455
591 454
591 453
591 452
591 451
591 450
592 449
592 448
592 447
592 446
592 445
592 444
593 443
593 442
593 441
593 440
593 439
593 438
593 437
594 436
594 435
594 434
594 433
594 432
594 431
594 430
594 429
594 428
594 427
594 426
594 425
595 424
595 423
595 422
595 421
595 420
595 419
595 418
595 417
595 416
595 415
595 414
595 413
595 412
595 411
595 410
595 409
595 408
595 407
595 406
595 405
595 404
595 403
595 402
595 401
595 400
594 399
594 398
594 397
594 396
594 395
594 394
594 393
594 392
594 391
594 390
594 389
594 388
593 387
593 386
593 385
593 384
593 383
593 382
593 381
593 380
592 379
592 378
592 377
592 376
592 375
591 374
591 373
591 372
591 371
591 370
590 369
590 368
590 367
590 366
589 365
589 364
589 363
589 362
589 361
588 360
588 359
588 358
587 357
587 356
587 355
586 354
586 353
586 352
585 351
585 350
584 349
584 348
584 347
583 346
583 345
582 344
582 343
581 342
581 341
581 340
580 339
580 338
579 337
579 336
578 335
577 334
577 333
576 332
576 331
575 330
575 329
574 328
573 327
573 326
572 325
571 324
571 323
570 322
569 321
568 320
567 319
567 318
566 317
565 316
564 315
563 314
562 313
562 312
561 311
560 310
559 309
558 308
557 307
556 306
555 306
554 305
553 304
552 303
551 302
550 301
549 300
548 300
547 299
546 298
545 297
544 297
543 296
542 295
541 295
540 294
539 293
538 293
537 292
536 291
535 291
534 290
533 290
532 289
531 289
530 289
529 288
528 288
527 288
526 288
525 287
524 287
523 287
522 287
521 287
520 287
519 286
518 286
517 286
516 286
515 286
514 286
513 286
512 286
511 286
510 285
509 285
508 285
507 285
506 285
505 285
504 285
503 285
502 285
501 285
500 284
499 284
498 284
497 284
496 284
