446 254
445 255
445 256
444 257
444 258
444 259
444 260
444 261
444 262
444 263
444 264
444 265
444 266
444 267
444 268
444 269
444 270
444 271
444 272
444 273
444 274
444 275
444 276
444 277
444 278
444 279
444 280
444 281
444 282
444 283
444 284
444 285
444 286
444 287
444 288
444 289
444 290
444 291
444 292
444 293
444 294
444 295
444 296
444 297
444 298
444 299
444 300
444 301
444 302
444 303
444 304
444 305
444 306
444 307
444 308
444 309
444 310
444 311
444 312
444 313
444 314
444 315
444 316
444 317
444 318
444 319
444 320
444 321
444 322
444 323
444 324
444 325
444 326
444 327
444 328
444 329
444 330
444 331
444 332
444 333
444 334
444 335
444 336
444 337
444 338
444 339
444 340
444 341
444 342
444 343
444 344
444 345
444 346
444 347
444 348
444 349
444 350
444 351
444 352
444 353
444 354
444 355
444 356
444 357
444 358
444 359
444 360
444 361
444 362
444 363
444 364
444 365
444 366
444 367
444 368
444 369
444 370
444 371
444 372
444 373
444 374
444 375
444 376
444 377
444 378
444 379
444 380
444 381
444 382
444 383
444 384
444 385
444 386
444 387
444 388
444 389
444 390
444 391
444 392
444 393
444 394
444 395
444 396
444 397
444 398
444 399
444 400
444 401
444 402
444 403
444 404
444 405
444 406
444 407
444 408
444 409
444 410
444 411
444 412
444 413
444 414
444 415
444 416
443 417
443 418
443 419
444 420
444 421
444 422
444 423
444 424
444 425
444 426
444 427
444 428
444 429
444 430
444 431
444 432
444 433
444 434
444 435
444 436
444 437
444 438
444 439
444 440
444 441
444 442
444 443
444 444
444 445
444 446
444 447
444 448
444 449
444 450
444 451
444 452
444 453
444 454
444 455
444 456
444 457
444 458
444 459
444 460
444 461
444 462
444 463
444 464
444 465
444 466
444 467
444 468
444 469
444 470
444 471
444 472
444 473
444 474
444 475
444 476
444 477
444 478
444 479
444 480
444 481
444 482
444 483
444 484
444 485
444 486
444 487
444 488
444 489
444 490
444 491
444 492
444 493
444 494
444 495
444 496
444 497
444 498
444 499
444 500
444 501
444 502
444 503
444 504
444 505
444 506
444 507
444 508
444 509
444 510
444 511
444 512
444 513
444 514
444 515
444 516
444 517
444 518
444 519
444 520
444 521
444 522
444 523
444 524
444 525
444 526
444 527
444 528
444 529
444 530
444 531
444 532
444 533
444 534
444 535
444 536
444 537
444 538
444 539
444 540
444 541
444 542
444 543
444 544
444 545
444 546
444 547
444 548
444 549
444 550
444 551
444 552
444 553
444 554
444 555
444 556
444 557
444 558
444 559
444 560
444 561
444 562
444 563
444 564
444 565
444 566
444 567
444 568
444 569
444 570
444 571
444 572
444 573
444 574
444 575
444 576
444 577
444 578
444 579
445 580
446 581
447 582
448 582
449 582
450 582
451 582
452 582
453 582
454 582
455 582
456 582
457 581
458 581
459 581
460 581
461 581
462 581
463 581
464 581
465 581
466 581
467 581
468 581
469 581
470 580
471 580
472 580
473 580
474 580
475 580
476 580
477 579
478 579
479 579
480 579
481 579
482 579
483 579
484 578
485 578
486 578
487 578
488 578
489 577
490 577
491 577
492 577
493 577
494 576
495 576
496 576
497 576
498 575
499 575
500 575
501 575
502 574
503 574
504 574
505 574
506 573
507 573
508 573
509 572
510 572
511 572
512 571
513 571
514 571
515 570
516 570
517 570
518 569
519 569
520 569
521 568
522 568
523 567
524 567
525 567
526 566
527 566
528 565
529 565
530 564
531 564
532 564
533 563
534 563
535 562
536 562
537 561
538 561
539 560
540 560
541 559
542 559
543 558
544 557
545 557
546 556
547 556
548 555
549 555
550 554
551 553
552 553
553 552
554 552
555 551
556 550
557 550
558 549
559 548
560 548
561 547
562 546
563 545
564 545
565 544
566 543
567 542
568 542
569 541
570 540
571 539
572 538
573 538
574 537
575 536
576 535
577 534
578 533
579 532
580 531
581 530
582 529
583 529
584 528
584 527
585 526
586 525
587 524
588 523
589 522
590 521
591 520
592 519
593 518
594 517
594 516
595 515
596 514
597 513
598 512
599 511
599 510
600 509
601 508
602 507
602 506
603 505
604 504
604 503
605 502
606 501
606 500
607 499
608 498
608 497
609 496
610 495
610 494
611 493
611 492
612 491
613 490
613 489
614 488
614 487
615 486
615 485
616 484
616 483
617 482
617 481
618 480
618 479
619 478
619 477
620 476
620 475
621 474
621 473
621 472
622 471
622 470
623 469
623 468
623 467
624 466
624 465
625 464
625 463
625 462
626 461
626 460
626 459
627 458
627 457
627 456
628 455
628 454
628 453
628 452
629 451
629 450
629 449
630 448
630 447
630 446
630 445
630 444
631 443
631 442
631 441
631 440
631 439
632 438
632 437
632 436
632 435
632 434
632 433
633 432
633 431
633 430
633 429
633 428
633 427
633 426
633 425
633 424
633 423
633 422
633 421
634 420
634 419
634 418
634 417
634 416
633 415
633 414
633 413
633 412
633 411
633 410
633 409
633 408
633 407
633 406
633 405
633 404
632 403
632 402
632 401
632 400
632 399
632 398
632 397
631 396
631 395
631 394
631 393
631 392
630 391
630 390
630 389
630 388
629 387
629 386
629 385
629 384
628 383
628 382
628 381
627 380
627 379
627 378
626 377
626 376
626 375
625 374
625 373
625 372
624 371
624 370
624 369
623 368
623 367
622 366
622 365
622 364
621 363
621 362
620 361
620 360
619 359
619 358
619 357
618 356
617 355
617 354
617 353
616 352
616 351
615 350
614 349
614 348
613 347
613 346
612 345
612 344
611 343
610 342
610 341
609 340
609 339
608 338
607 337
607 336
606 335
605 334
605 333
604 332
603 331
603 330
602 329
601 328
600 327
600 326
599 325
598 324
597 323
596 322
596 321
595 320
594 319
593 318
592 317
591 316
590 315
590 314
589 313
588 312
587 311
586 310
585 309
584 308
583 307
582 306
581 305
580 304
579 303
578 302
577 301
576 301
575 300
574 299
573 298
572 297
571 296
570 296
569 295
568 294
567 293
566 292
565 292
564 291
563 290
562 289
561 289
560 288
559 287
558 287
557 286
556 285
555 285
554 284
553 283
552 283
551 282
550 282
549 281
548 280
547 280
546 279
545 279
544 278
543 278
542 277
541 276
540 276
539 275
538 275
537 274
536 274
535 273
534 273
533 273
532 272
531 272
530 271
529 271
528 270
527 270
526 269
525 269
524 269
523 268
522 268
521 267
520 267
519 267
518 266
517 266
516 266
515 265
514 265
513 265
512 264
511 264
510 264
509 263
508 263
507 263
506 262
505 262
504 262
503 261
502 261
501 261
500 261
499 260
498 260
497 260
496 260
495 259
494 259
493 259
492 259
491 259
490 258
489 258
488 258
487 258
486 258
485 257
484 257
483 257
482 257
481 257
480 257
479 256
478 256
477 256
476 256
475 256
474 256
473 256
472 255
471 255
470 255
469 255
468 255
467 255
466 255
465 255
464 255
463 255
462 254
461 254
460 254
459 254
458 254
457 254
456 254
455 254
454 254
453 254
452 254
451 254
450 254
449 254
448 254
447 254
446 254
