474 249
473 250
473 251
473 252
473 253
473 254
473 255
473 256
473 257
473 258
473 259
473 260
473 261
473 262
473 263
473 264
473 265
473 266
473 267
473 268
473 269
473 270
473 271
473 272
473 273
473 274
473 275
473 276
473 277
473 278
473 279
473 280
473 281
473 282
473 283
473 284
473 285
473 286
473 287
473 288
473 289
473 290
473 291
473 292
473 293
473 294
473 295
473 296
473 297
473 298
473 299
473 300
473 301
473 302
473 303
473 304
473 305
473 306
473 307
473 308
473 309
473 310
473 311
473 312
473 313
473 314
473 315
473 316
473 317
473 318
473 319
473 320
473 321
473 322
473 323
473 324
473 325
473 326
473 327
473 328
473 329
473 330
473 331
473 332
473 333
473 334
473 335
473 336
473 337
473 338
473 339
473 340
473 341
473 342
473 343
473 344
473 345
473 346
473 347
473 348
473 349
473 350
473 351
473 352
473 353
473 354
473 355
473 356
473 357
473 358
473 359
473 360
473 361
473 362
473 363
473 364
473 365
473 366
473 367
473 368
473 369
473 370
473 371
473 372
473 373
473 374
473 375
473 376
473 377
473 378
473 379
473 380
473 381
473 382
473 383
473 384
473 385
473 386
473 387
473 388
473 389
473 390
473 391
473 392
473 393
473 394
473 395
473 396
473 397
473 398
473 399
473 400
473 401
473 402
473 403
473 404
473 405
473 406
473 407
473 408
473 409
473 410
473 411
473 412
473 413
473 414
473 415
473 416
473 417
473 418
473 419
473 420
473 421
473 422
473 423
473 424
473 425
473 426
473 427
473 428
473 429
473 430
473 431
473 432
473 433
473 434
473 435
473 436
473 437
473 438
473 439
473 440
473 441
473 442
473 443
473 444
473 445
473 446
473 447
473 448
473 449
473 450
473 451
473 452
473 453
473 454
473 455
473 456
473 457
473 458
473 459
473 460
473 461
473 462
473 463
473 464
473 465
473 466
473 467
473 468
473 469
473 470
473 471
473 472
473 473
473 474
473 475
473 476
473 477
473 478
473 479
473 480
473 481
473 482
473 483
473 484
473 485
473 486
473 487
473 488
473 489
473 490
473 491
473 492
473 493
473 494
473 495
473 496
473 497
473 498
473 499
473 500
473 501
473 502
473 503
473 504
473 505
473 506
473 507
473 508
473 509
473 510
473 511
473 512
473 513
473 514
473 515
473 516
473 517
473 518
473 519
473 520
473 521
473 522
473 523
473 524
473 525
473 526
473 527
473 528
473 529
473 530
473 531
473 532
473 533
473 534
473 535
473 536
473 537
473 538
473 539
473 540
473 541
473 542
473 543
473 544
473 545
473 546
473 547
473 548
473 549
473 550
473 551
473 552
473 553
474 554
475 554
476 554
477 554
478 554
479 554
480 554
481 554
482 554
483 554
484 554
485 554
486 554
487 554
488 554
489 554
490 553
491 553
492 553
493 553
494 553
495 553
496 553
497 553
498 553
499 553
500 553
501 553
502 553
503 553
504 553
505 553
506 553
507 552
508 552
509 552
510 552
511 552
512 552
513 552
514 552
515 552
516 552
517 552
518 552
519 552
520 552
521 552
522 551
523 551
524 551
525 551
526 551
527 551
528 551
529 551
530 551
531 551
532 551
533 551
534 550
535 550
536 550
537 550
538 550
539 550
540 550
541 550
542 550
543 549
544 549
545 549
546 549
547 549
548 549
549 549
550 548
551 548
552 548
553 548
554 548
555 548
556 547
557 547
558 546
559 546
560 546
561 545
562 545
563 545
564 544
565 544
566 543
567 543
568 542
569 542
570 541
571 541
572 540
573 540
574 539
575 539
576 538
577 537
578 537
579 536
580 536
581 535
582 534
583 534
584 533
585 532
586 532
587 531
588 530
589 529
590 529
591 528
592 527
593 526
594 525
595 525
596 524
597 523
598 522
599 521
600 520
601 519
602 518
603 517
604 516
605 515
606 514
607 513
608 512
609 511
610 510
611 509
611 508
612 507
613 506
614 505
615 504
615 503
616 502
617 501
618 500
618 499
619 498
620 497
621 496
621 495
622 494
623 493
623 492
624 491
625 490
625 489
626 488
626 487
627 486
628 485
628 484
629 483
629 482
630 481
631 480
631 479
632 478
632 477
633 476
633 475
634 474
634 473
635 472
635 471
636 470
636 469
637 468
637 467
637 466
638 465
638 464
639 463
639 462
640 461
640 460
640 459
641 458
641 457
641 456
642 455
642 454
643 453
643 452
643 451
644 450
644 449
644 448
645 447
645 446
645 445
645 444
646 443
646 442
646 441
647 440
647 439
647 438
647 437
648 436
648 435
648 434
648 433
648 432
649 431
649 430
649 429
649 428
649 427
650 426
650 425
650 424
650 423
650 422
650 421
651 420
651 419
651 418
651 417
651 416
651 415
651 414
651 413
651 412
651 411
651 410
652 409
652 408
652 407
652 406
652 405
652 404
652 403
652 402
652 401
652 400
652 399
652 398
652 397
652 396
652 395
652 394
651 393
651 392
651 391
651 390
651 389
651 388
651 387
651 386
651 385
651 384
650 383
650 382
650 381
650 380
650 379
650 378
650 377
649 376
649 375
649 374
649 373
649 372
648 371
648 370
648 369
648 368
647 367
647 366
647 365
647 364
646 363
646 362
646 361
646 360
645 359
645 358
645 357
644 356
644 355
644 354
643 353
643 352
643 351
642 350
642 349
642 348
641 347
641 346
641 345
640 344
640 343
639 342
639 341
639 340
638 339
638 338
637 337
637 336
636 335
636 334
635 333
635 332
634 331
634 330
633 329
633 328
633 327
632 326
631 325
631 324
630 323
630 322
629 321
629 320
628 319
627 318
627 317
626 316
626 315
625 314
624 313
624 312
623 311
622 310
622 309
621 308
620 307
620 306
619 305
618 304
617 303
617 302
616 301
615 300
614 299
614 298
613 297
612 296
611 295
610 294
609 293
608 292
607 291
607 290
606 289
605 288
604 287
603 286
602 285
601 284
600 283
599 282
598 281
597 281
596 280
595 279
594 278
593 277
592 276
591 276
590 275
589 274
588 273
587 272
586 272
585 271
584 270
583 270
582 269
581 268
580 268
579 267
578 266
577 266
576 265
575 265
574 264
573 264
572 263
571 263
570 262
569 262
568 261
567 261
566 260
565 260
564 259
563 259
562 258
561 258
560 258
559 257
558 257
557 257
556 256
555 256
554 256
553 255
552 255
551 255
550 255
549 255
548 255
547 254
546 254
545 254
544 254
543 254
542 254
541 254
540 254
539 253
538 253
537 253
536 253
535 253
534 253
533 253
532 253
531 253
530 253
529 252
528 252
527 252
526 252
525 252
524 252
523 252
522 252
521 252
520 252
519 252
518 252
517 252
516 251
515 251
514 251
513 251
512 251
511 251
510 251
509 251
508 251
507 251
506 251
505 251
504 251
503 251
502 251
501 251
500 250
499 250
498 250
497 250
496 250
495 250
494 250
493 250
492 250
491 250
490 250
489 250
488 250
487 250
486 250
485 250
484 249
483 249
482 249
481 249
480 249
479 249
478 249
477 249
476 249
475 249
474 249
