525 293
524 294
523 294
522 294
521 294
520 294
519 294
518 294
517 295
516 295
515 295
514 296
513 296
512 297
511 297
510 298
509 298
508 299
507 300
506 300
505 301
504 302
503 303
503 304
503 305
503 306
503 307
503 308
503 309
503 310
503 311
503 312
503 313
503 314
503 315
503 316
503 317
503 318
503 319
503 320
503 321
503 322
503 323
503 324
503 325
503 326
503 327
503 328
503 329
503 330
503 331
503 332
503 333
503 334
503 335
503 336
503 337
503 338
503 339
503 340
503 341
503 342
503 343
503 344
503 345
503 346
503 347
503 348
503 349
503 350
503 351
503 352
503 353
503 354
503 355
503 356
503 357
503 358
503 359
503 360
503 361
503 362
503 363
503 364
503 365
503 366
503 367
503 368
503 369
503 370
503 371
503 372
503 373
503 374
503 375
503 376
503 377
503 378
503 379
503 380
503 381
503 382
503 383
503 384
503 385
503 386
503 387
503 388
503 389
503 390
503 391
503 392
503 393
502 394
502 395
502 396
503 397
503 398
503 399
503 400
503 401
503 402
503 403
503 404
503 405
503 406
503 407
503 408
503 409
503 410
503 411
503 412
503 413
503 414
503 415
503 416
503 417
503 418
503 419
503 420
503 421
503 422
503 423
503 424
503 425
503 426
503 427
503 428
503 429
503 430
503 431
503 432
503 433
503 434
503 435
503 436
503 437
503 438
503 439
503 440
503 441
503 442
503 443
503 444
503 445
503 446
503 447
503 448
503 449
503 450
503 451
503 452
503 453
503 454
503 455
503 456
503 457
503 458
503 459
503 460
503 461
503 462
503 463
503 464
503 465
503 466
503 467
503 468
503 469
503 470
503 471
503 472
503 473
503 474
503 475
503 476
503 477
503 478
503 479
503 480
503 481
503 482
503 483
503 484
503 485
503 486
503 487
504 488
505 489
506 489
507 490
508 491
509 492
510 492
511 493
512 493
513 494
514 494
515 494
516 495
517 495
518 495
519 496
520 496
521 496
522 496
523 496
524 496
525 496
526 496
527 497
528 497
529 496
530 496
531 496
532 496
533 496
534 496
535 496
536 496
537 495
538 495
539 495
540 495
541 494
542 494
543 494
544 493
545 493
546 493
547 492
548 492
549 491
550 491
551 490
552 490
553 489
554 489
555 488
556 487
557 487
558 486
559 485
560 485
561 484
562 483
563 482
564 482
565 481
566 480
567 479
568 478
569 477
570 476
571 475
572 474
573 473
574 472
574 471
575 470
576 469
577 468
578 467
578 466
579 465
580 464
580 463
581 462
582 461
582 460
583 459
584 458
584 457
585 456
585 455
586 454
586 453
587 452
587 451
588 450
588 449
589 448
589 447
590 446
590 445
591 444
591 443
592 442
592 441
592 440
593 439
593 438
594 437
594 436
594 435
595 434
595 433
595 432
596 431
596 430
596 429
597 428
597 427
597 426
597 425
598 424
598 423
598 422
598 421
599 420
599 419
599 418
599 417
599 416
600 415
600 414
600 413
600 412
600 411
601 410
601 409
601 408
601 407
601 406
601 405
601 404
601 403
601 402
601 401
601 400
601 399
602 398
602 397
602 396
602 395
602 394
602 393
602 392
601 391
601 390
601 389
601 388
601 387
601 386
601 385
601 384
601 383
601 382
601 381
601 380
600 379
600 378
600 377
600 376
600 375
600 374
599 373
599 372
599 371
599 370
598 369
598 368
598 367
598 366
597 365
597 364
597 363
597 362
596 361
596 360
596 359
595 358
595 357
595 356
594 355
594 354
594 353
593 352
593 351
592 350
592 349
592 348
591 347
591 346
590 345
590 344
589 343
589 342
588 341
588 340
588 339
587 338
586 337
586 336
585 335
585 334
584 333
584 332
583 331
582 330
582 329
581 328
580 327
580 326
579 325
578 324
578 323
577 322
576 321
575 320
574 319
574 318
573 317
572 316
571 315
570 314
569 313
568 312
567 311
566 310
565 309
564 308
563 307
562 307
561 306
560 305
559 304
558 304
557 303
556 302
555 302
554 301
553 301
552 300
551 300
550 299
549 299
548 298
547 298
546 297
545 297
544 296
543 296
542 296
541 295
540 295
539 295
538 295
537 294
536 294
535 294
534 294
533 294
532 294
531 293
530 293
529 293
528 293
527 293
526 293
525 293
