213 22
212 23
211 23
210 23
209 23
208 23
207 23
206 23
206 24
206 25
205 26
204 26
203 26
202 26
201 26
200 26
199 26
198 26
197 26
196 26
195 26
194 26
193 26
192 26
191 26
190 26
190 27
190 28
190 29
189 30
188 30
187 30
186 30
185 30
184 30
183 30
182 30
181 30
180 30
179 30
178 30
178 31
178 32
178 33
177 34
176 34
175 34
174 34
173 34
172 34
171 34
170 34
169 34
168 34
167 34
166 34
166 35
167 36
166 37
165 37
164 37
163 37
162 37
162 38
162 39
162 40
161 41
160 41
159 41
158 41
157 41
156 41
155 41
154 41
154 42
154 43
154 44
153 45
152 45
151 45
150 45
150 46
150 47
149 48
148 48
147 48
146 48
145 48
144 48
143 48
142 48
142 49
142 50
142 51
141 52
140 52
139 52
138 52
138 53
138 54
137 55
136 55
135 55
134 55
134 56
134 57
133 58
132 59
131 59
130 59
129 59
128 59
127 59
126 59
126 60
126 61
126 62
125 63
124 63
123 63
122 63
122 64
122 65
121 66
120 66
119 66
118 66
118 67
118 68
118 69
117 70
116 70
115 70
114 70
114 71
114 72
114 73
113 74
112 74
111 74
110 74
110 75
110 76
109 77
110 78
109 79
110 80
109 81
108 81
107 81
106 81
106 82
106 83
105 84
104 84
103 84
102 84
102 85
102 86
102 87
101 88
100 88
99 88
98 88
98 89
98 90
98 91
98 92
97 93
98 94
97 95
96 95
95 95
94 94
94 95
94 96
94 97
94 98
93 99
92 99
91 99
90 99
90 100
90 101
90 102
89 103
88 103
87 104
86 104
86 105
86 106
86 107
86 108
86 109
85 110
84 110
83 110
82 110
82 111
82 112
81 113
80 113
79 113
78 113
77 113
77 114
77 115
77 116
77 117
77 118
77 119
77 120
76 121
75 121
74 121
73 121
73 122
73 123
72 124
71 124
70 124
69 124
69 125
69 126
69 127
68 128
67 128
66 128
65 128
65 129
65 130
65 131
64 132
63 132
62 132
61 132
60 132
59 132
58 132
57 132
56 132
55 132
54 132
53 132
52 132
51 132
50 132
49 132
48 132
47 132
46 132
45 132
45 133
45 134
45 135
45 136
45 137
45 138
45 139
45 140
45 141
45 142
45 143
45 144
45 145
45 146
45 147
45 148
45 149
45 150
45 151
45 152
45 153
45 154
45 155
45 156
45 157
45 158
45 159
45 160
45 161
45 162
45 163
45 164
45 165
45 166
45 167
45 168
45 169
45 170
45 171
45 172
45 173
45 174
45 175
45 176
45 177
45 178
45 179
45 180
45 181
45 182
45 183
45 184
45 185
45 186
45 187
45 188
45 189
45 190
45 191
45 192
45 193
45 194
45 195
45 196
45 197
45 198
45 199
45 200
45 201
45 202
45 203
45 204
45 205
45 206
45 207
45 208
45 209
45 210
45 211
45 212
45 213
45 214
45 215
45 216
45 217
45 218
45 219
45 220
45 221
45 222
45 223
45 224
45 225
45 226
45 227
45 228
45 229
45 230
45 231
45 232
45 233
45 234
45 235
45 236
45 237
45 238
45 239
45 240
45 241
45 242
45 243
45 244
45 245
45 246
45 247
45 248
45 249
45 250
45 251
45 252
45 253
45 254
45 255
45 256
45 257
45 258
45 259
45 260
45 261
45 262
45 263
45 264
45 265
45 266
45 267
45 268
45 269
45 270
45 271
45 272
45 273
45 274
45 275
45 276
45 277
45 278
45 279
45 280
45 281
45 282
45 283
45 284
45 285
45 286
45 287
45 288
45 289
45 290
45 291
45 292
45 293
45 294
45 295
45 296
45 297
45 298
45 299
45 300
45 301
45 302
45 303
45 304
45 305
45 306
45 307
45 308
45 309
45 310
45 311
45 312
45 313
45 314
45 315
45 316
45 317
45 318
45 319
45 320
45 321
45 322
45 323
45 324
45 325
45 326
45 327
45 328
45 329
45 330
45 331
45 332
45 333
45 334
45 335
45 336
45 337
45 338
45 339
45 340
45 341
45 342
46 341
47 341
48 341
49 342
49 343
49 344
49 345
50 345
51 345
52 345
52 344
52 343
52 342
53 341
54 341
55 341
56 341
57 341
58 341
59 341
60 341
61 341
62 341
63 341
64 341
65 342
65 343
65 344
65 345
66 345
67 345
68 345
69 346
69 347
69 348
70 348
71 348
72 348
73 349
73 350
73 351
73 352
73 353
73 354
73 355
74 355
75 355
76 355
77 356
77 357
77 358
77 359
78 359
79 359
80 359
81 359
82 360
82 361
82 362
82 363
82 364
82 365
82 366
83 366
84 366
85 366
86 367
86 368
86 369
86 370
87 370
88 370
89 370
90 371
90 372
90 373
90 374
90 375
90 376
90 377
91 377
92 377
93 377
94 378
94 379
94 380
94 381
95 381
96 381
97 381
98 382
98 383
98 384
98 385
99 384
100 385
100 386
99 387
99 388
99 387
100 386
100 385
101 384
102 385
102 386
102 387
101 388
102 389
102 390
102 391
102 392
103 392
104 392
105 392
106 393
106 394
106 395
107 395
108 395
109 395
110 396
110 397
110 398
110 399
111 399
112 399
113 399
114 400
114 401
114 402
114 403
115 403
116 403
117 403
118 404
118 405
118 406
119 406
120 406
121 406
122 407
122 408
122 409
122 410
123 410
124 410
125 410
126 411
126 412
126 413
127 413
128 413
129 413
130 414
130 415
130 416
130 417
131 417
132 417
133 417
134 418
134 419
134 420
134 421
135 421
136 421
137 421
138 422
138 423
138 424
139 424
140 424
141 424
142 424
143 424
144 424
145 424
146 425
146 426
146 427
146 428
147 428
148 428
149 428
150 429
150 430
150 431
150 432
151 432
152 432
153 432
154 432
155 432
156 432
157 432
158 433
158 434
158 435
159 435
160 435
161 435
162 435
163 435
164 435
165 436
166 437
166 438
165 439
166 439
167 439
168 439
169 439
170 439
171 439
172 439
173 439
174 440
174 441
174 442
175 442
176 442
177 442
178 442
179 442
180 442
181 442
182 443
182 444
182 445
182 446
183 446
184 446
185 446
186 446
187 446
188 446
189 446
190 446
191 446
192 446
193 446
194 446
195 446
196 447
195 448
195 449
195 450
195 449
195 448
196 447
197 447
198 447
199 448
198 449
197 449
198 450
198 449
199 448
200 449
200 450
201 450
202 450
203 450
204 450
205 450
206 450
207 450
208 450
209 450
210 450
211 450
212 450
213 450
214 450
215 450
216 450
217 450
218 450
219 450
220 450
221 450
222 450
223 450
224 450
225 450
226 450
227 450
228 450
229 450
230 450
231 450
232 450
233 450
234 450
235 450
236 450
237 450
238 450
239 450
240 450
241 450
242 450
243 450
244 450
245 450
246 450
247 450
248 450
249 450
250 450
251 450
252 450
253 449
253 448
252 447
253 446
254 446
255 446
256 446
257 446
258 446
259 446
260 446
261 446
262 446
263 446
264 446
265 446
266 446
266 445
266 444
266 443
267 442
268 442
269 442
270 442
271 442
272 442
273 442
274 442
275 442
276 442
277 442
278 442
278 441
278 440
279 439
280 439
281 439
282 439
283 439
284 439
285 439
286 439
286 438
286 437
285 436
286 435
287 435
288 435
289 435
290 435
291 435
292 435
293 435
294 435
294 434
294 433
295 432
296 432
297 432
298 432
299 432
300 432
301 432
302 432
302 431
302 430
302 429
303 428
304 428
305 428
306 428
307 428
308 428
309 428
309 427
310 426
309 425
310 424
311 424
312 424
313 424
314 424
314 423
314 422
315 421
316 421
317 421
318 421
319 420
318 419
319 418
320 417
321 417
322 417
323 417
324 417
325 417
326 417
326 416
326 415
326 414
327 413
328 413
329 413
330 413
330 412
330 411
331 410
332 410
333 410
334 410
334 409
334 408
334 407
335 406
336 406
337 406
338 406
338 405
338 404
339 403
340 403
341 403
342 403
342 402
342 401
342 400
343 399
344 399
345 399
346 399
346 398
346 397
346 396
347 395
348 395
349 395
350 395
350 394
350 393
351 392
352 392
353 392
354 392
354 391
354 390
354 389
355 388
356 388
357 388
358 388
358 387
358 386
358 385
359 384
360 384
361 384
362 384
362 383
362 382
363 381
364 381
365 381
366 381
366 380
366 379
365 378
366 377
366 376
366 375
367 374
368 374
369 374
370 374
370 373
370 372
370 371
371 370
372 370
373 370
374 370
374 369
374 368
374 367
374 366
374 365
374 364
375 363
376 363
377 363
378 363
378 362
378 361
378 360
378 359
378 358
378 357
378 356
379 355
380 355
381 355
382 355
382 354
382 353
382 352
382 351
382 350
382 349
383 348
384 348
385 348
386 348
387 347
387 346
387 345
387 344
387 343
387 342
387 341
387 340
387 339
387 338
388 337
389 337
390 337
391 337
391 336
391 335
391 334
391 333
391 332
391 331
391 330
391 329
391 328
391 327
392 326
393 326
394 326
395 326
395 325
395 324
395 323
395 322
395 321
395 320
395 319
395 318
395 317
395 316
395 315
395 314
395 313
396 312
397 312
398 312
399 312
399 311
399 310
399 309
399 308
399 307
399 306
399 305
399 304
399 303
399 302
399 301
399 300
399 299
399 298
399 297
399 296
399 295
399 294
399 293
399 292
399 291
400 290
401 290
402 290
403 290
403 289
403 288
403 287
403 286
403 285
403 284
403 283
403 282
403 281
403 280
403 279
403 278
403 277
403 276
403 275
403 274
403 273
403 272
403 271
403 270
403 269
403 268
403 267
403 266
403 265
403 264
403 263
403 262
403 261
403 260
403 259
403 258
403 257
403 256
403 255
403 254
403 253
403 252
403 251
403 250
403 249
403 248
403 247
403 246
403 245
403 244
403 243
403 242
403 241
403 240
403 239
403 238
403 237
403 236
403 235
403 234
403 233
403 232
403 231
403 230
403 229
403 228
403 227
403 226
403 225
403 224
403 223
403 222
403 221
403 220
403 219
403 218
403 217
403 216
403 215
403 214
403 213
403 212
403 211
403 210
403 209
403 208
403 207
403 206
403 205
403 204
403 203
403 202
403 201
403 200
403 199
403 198
403 197
403 196
403 195
403 194
403 193
403 192
403 191
403 190
403 189
402 190
401 190
400 190
399 189
399 188
399 187
399 186
399 185
399 184
399 183
399 182
399 181
399 180
399 179
399 178
399 177
399 176
399 175
399 174
399 173
399 172
399 171
399 170
399 169
399 168
398 168
397 168
396 168
395 167
395 166
395 165
395 164
395 163
395 162
395 161
395 160
395 159
395 158
395 157
395 156
395 155
395 154
395 153
394 153
393 153
392 153
391 152
391 151
391 150
391 149
391 148
391 147
391 146
391 145
391 144
391 143
391 142
391 141
391 140
391 139
390 139
389 139
388 139
387 138
387 137
387 136
387 135
387 134
387 133
387 132
387 131
387 130
387 129
387 128
386 128
385 128
384 128
383 128
382 127
382 126
382 125
382 124
382 123
382 122
382 121
381 121
380 121
379 121
378 120
378 119
378 118
378 117
378 116
378 115
378 114
378 113
377 113
376 113
375 113
374 112
374 111
374 110
374 109
374 108
374 107
374 106
373 106
372 106
371 106
370 105
370 104
370 103
369 103
368 103
367 102
368 101
367 102
366 101
366 100
366 99
366 98
366 97
366 96
366 95
365 95
364 95
363 95
362 94
362 93
362 92
361 92
360 92
359 92
358 91
358 90
358 89
358 88
357 88
356 88
355 88
354 87
354 86
354 85
354 84
354 83
354 82
354 81
353 81
352 81
351 81
350 80
350 79
350 78
350 77
349 77
348 77
347 77
346 76
346 75
346 74
345 74
344 74
343 74
342 73
342 72
342 71
342 70
341 70
340 70
339 70
338 69
338 68
338 67
338 66
337 66
336 66
335 66
334 66
333 66
332 66
331 65
332 64
332 63
332 64
331 65
330 64
330 63
329 63
328 63
327 63
326 62
326 61
326 60
326 59
325 59
324 59
323 59
322 58
322 57
322 56
322 55
321 55
320 55
319 55
318 55
317 54
316 55
315 54
314 53
314 52
313 52
312 52
311 52
310 51
310 50
310 49
310 48
309 48
308 48
307 48
306 47
306 46
306 45
305 45
304 45
303 45
302 45
301 45
300 45
299 45
298 44
298 43
298 42
298 41
297 41
296 41
295 41
294 41
293 41
292 41
291 41
290 40
290 39
290 38
290 37
289 37
288 37
287 37
286 37
285 37
284 37
283 37
282 36
282 35
282 34
281 34
280 34
279 34
278 34
277 34
276 34
275 34
274 34
273 33
274 32
274 31
273 30
272 31
272 32
271 33
270 32
270 31
270 30
269 30
268 30
267 30
266 30
265 30
264 30
263 30
262 30
261 30
260 30
259 29
258 28
258 27
259 26
258 26
257 26
256 26
255 26
254 26
253 26
252 26
251 26
250 26
249 26
248 26
247 26
246 26
245 26
244 26
243 25
242 24
242 23
241 23
240 23
239 23
238 23
237 23
236 23
235 23
234 23
233 23
232 23
231 23
230 23
229 22
228 22
227 22
226 22
225 22
224 22
223 22
222 22
221 22
220 22
219 22
218 22
217 22
216 22
215 22
214 22
213 22
