554 318
553 319
552 319
551 319
550 319
549 319
548 319
547 319
546 319
545 319
544 319
543 319
542 319
541 319
540 319
539 320
538 320
537 320
536 320
535 320
534 320
533 321
532 321
531 321
530 321
529 321
528 322
527 322
526 322
525 322
524 323
523 323
522 323
521 323
520 324
519 324
518 324
517 325
516 325
515 325
514 326
513 326
512 326
511 327
510 327
509 327
508 328
507 328
506 328
505 329
504 329
503 329
502 330
501 330
500 330
499 331
498 331
497 331
496 332
495 332
494 332
493 333
492 333
491 334
490 334
489 334
488 335
487 335
486 335
485 336
484 336
483 336
482 337
481 337
480 337
479 338
478 338
477 338
476 339
475 339
474 339
473 340
472 340
471 340
470 341
469 341
468 341
467 341
466 341
465 342
464 342
463 343
463 344
463 345
462 346
462 347
462 348
462 349
462 350
462 351
462 352
462 353
462 354
462 355
462 356
462 357
462 358
462 359
462 360
462 361
462 362
462 363
462 364
462 365
462 366
462 367
462 368
462 369
462 370
462 371
462 372
462 373
462 374
462 375
462 376
462 377
462 378
462 379
462 380
462 381
462 382
462 383
462 384
462 385
462 386
462 387
462 388
462 389
462 390
462 391
462 392
462 393
462 394
462 395
462 396
462 397
462 398
462 399
462 400
462 401
462 402
462 403
462 404
462 405
462 406
462 407
462 408
462 409
462 410
462 411
462 412
462 413
462 414
462 415
462 416
462 417
462 418
462 419
462 420
462 421
462 422
462 423
462 424
462 425
462 426
462 427
462 428
462 429
462 430
462 431
462 432
462 433
462 434
462 435
462 436
462 437
462 438
462 439
462 440
462 441
462 442
462 443
462 444
462 445
462 446
462 447
462 448
462 449
462 450
462 451
462 452
462 453
462 454
462 455
462 456
462 457
462 458
462 459
462 460
462 461
462 462
462 463
462 464
462 465
462 466
462 467
462 468
463 469
463 470
464 471
465 472
466 472
467 472
468 472
469 473
470 473
471 473
472 474
473 474
474 474
475 474
476 475
477 475
478 475
479 476
480 476
481 476
482 477
483 477
484 478
485 478
486 478
487 479
488 479
489 479
490 480
491 480
492 480
493 481
494 481
495 481
496 482
497 482
498 482
499 483
500 483
501 483
502 484
503 484
504 484
505 485
506 485
507 485
508 486
509 486
510 487
511 487
512 487
513 488
514 488
515 488
516 489
517 489
518 489
519 489
520 490
521 490
522 490
523 491
524 491
525 491
526 491
527 492
528 492
529 492
530 492
531 493
532 493
533 493
534 493
535 493
536 493
537 494
538 494
539 494
540 494
541 494
542 494
543 494
544 494
545 495
546 495
547 495
548 495
549 495
550 495
551 495
552 495
553 495
554 495
555 495
556 495
557 495
558 495
559 495
560 495
561 495
562 495
563 495
564 495
565 494
566 494
567 494
568 494
569 494
570 494
571 494
572 494
573 493
574 493
575 493
576 493
577 493
578 492
579 492
580 492
581 492
582 491
583 491
584 491
585 491
586 490
587 490
588 490
589 489
590 489
591 489
592 488
593 488
594 487
595 487
596 487
597 486
598 486
599 485
600 485
601 484
602 484
603 483
604 483
605 482
606 482
607 481
608 480
609 480
610 479
611 479
612 478
613 477
614 477
615 476
616 475
617 474
618 474
619 473
620 472
621 471
622 470
623 469
624 469
625 468
626 467
627 466
628 465
629 464
630 463
631 462
631 461
632 460
633 459
634 458
635 457
636 456
636 455
637 454
638 453
638 452
639 451
640 450
640 449
641 448
642 447
642 446
643 445
644 444
644 443
645 442
645 441
646 440
646 439
647 438
647 437
648 436
648 435
648 434
649 433
649 432
650 431
650 430
650 429
651 428
651 427
651 426
652 425
652 424
652 423
652 422
653 421
653 420
653 419
653 418
653 417
654 416
654 415
654 414
654 413
654 412
654 411
654 410
654 409
654 408
654 407
654 406
654 405
654 404
654 403
654 402
654 401
654 400
654 399
654 398
653 397
653 396
653 395
653 394
653 393
652 392
652 391
652 390
652 389
651 388
651 387
651 386
650 385
650 384
650 383
649 382
649 381
649 380
648 379
648 378
647 377
647 376
646 375
646 374
645 373
645 372
644 371
644 370
643 369
643 368
642 367
641 366
641 365
640 364
640 363
639 362
638 361
637 360
637 359
636 358
635 357
634 356
634 355
633 354
632 353
631 352
630 351
629 350
628 349
627 348
626 347
625 346
624 345
623 344
622 343
621 342
620 341
619 341
618 340
617 339
616 338
615 338
614 337
613 336
612 336
611 335
610 334
609 334
608 333
607 332
606 332
605 331
604 331
603 330
602 330
601 329
600 329
599 328
598 328
597 327
596 327
595 326
594 326
593 326
592 325
591 325
590 324
589 324
588 324
587 323
586 323
585 323
584 323
583 322
582 322
581 322
580 321
579 321
578 321
577 321
576 321
575 320
574 320
573 320
572 320
571 320
570 320
569 319
568 319
567 319
566 319
565 319
564 319
563 319
562 319
561 319
560 319
559 319
558 319
557 319
556 319
555 318
554 318
