497 284
496 285
495 285
494 285
493 285
492 286
491 286
490 286
489 287
488 287
487 287
486 288
485 288
484 288
483 289
482 289
481 290
480 290
479 291
478 291
477 292
476 292
475 292
474 292
473 293
473 294
472 295
472 296
472 297
472 298
472 299
472 300
472 301
472 302
472 303
472 304
472 305
472 306
472 307
472 308
472 309
472 310
472 311
472 312
472 313
472 314
472 315
472 316
472 317
472 318
472 319
472 320
472 321
472 322
472 323
472 324
472 325
472 326
472 327
472 328
472 329
472 330
472 331
472 332
472 333
472 334
472 335
472 336
472 337
472 338
472 339
472 340
472 341
472 342
472 343
472 344
472 345
472 346
472 347
472 348
472 349
472 350
472 351
472 352
472 353
472 354
472 355
472 356
472 357
472 358
472 359
472 360
472 361
472 362
472 363
472 364
472 365
472 366
472 367
472 368
472 369
472 370
472 371
472 372
472 373
472 374
472 375
472 376
472 377
472 378
472 379
472 380
472 381
472 382
472 383
472 384
472 385
472 386
472 387
472 388
472 389
472 390
472 391
472 392
472 393
472 394
472 395
472 396
472 397
472 398
472 399
472 400
472 401
472 402
472 403
472 404
472 405
472 406
472 407
472 408
472 409
472 410
472 411
472 412
472 413
472 414
472 415
472 416
472 417
472 418
472 419
472 420
472 421
472 422
472 423
472 424
472 425
472 426
472 427
472 428
472 429
472 430
472 431
472 432
472 433
472 434
472 435
472 436
472 437
472 438
472 439
472 440
472 441
472 442
472 443
472 444
472 445
472 446
472 447
472 448
472 449
472 450
472 451
472 452
472 453
472 454
472 455
472 456
472 457
472 458
472 459
472 460
472 461
472 462
472 463
472 464
472 465
472 466
472 467
472 468
472 469
472 470
472 471
472 472
472 473
472 474
472 475
472 476
472 477
472 478
472 479
472 480
472 481
472 482
473 483
473 484
474 485
475 485
476 485
477 485
478 486
479 487
480 487
481 488
482 488
483 488
484 489
485 489
486 490
487 490
488 490
489 491
490 491
491 491
492 491
493 492
494 492
495 492
496 493
497 493
498 493
499 493
500 493
501 493
502 493
503 493
504 493
505 493
506 493
507 493
508 493
509 493
510 493
511 493
512 492
513 492
514 492
515 492
516 492
517 491
518 491
519 491
520 491
521 490
522 490
523 490
524 490
525 489
526 489
527 489
528 488
529 488
530 487
531 487
532 487
533 486
534 486
535 485
536 485
537 484
538 484
539 483
540 483
541 482
542 481
543 481
544 480
545 480
546 479
547 478
548 478
549 477
550 476
551 475
552 475
553 474
554 473
555 472
556 471
557 470
558 470
559 469
560 468
561 467
562 466
563 465
564 464
565 463
566 462
567 461
567 460
568 459
569 458
570 457
571 456
572 455
572 454
573 453
574 452
575 451
575 450
576 449
576 448
577 447
578 446
578 445
579 444
579 443
580 442
580 441
581 440
581 439
582 438
582 437
583 436
583 435
583 434
584 433
584 432
584 431
585 430
585 429
585 428
586 427
586 426
586 425
587 424
587 423
587 422
587 421
588 420
588 419
588 418
588 417
589 416
589 415
589 414
589 413
589 412
590 411
590 410
590 409
590 408
590 407
590 406
591 405
591 404
591 403
591 402
591 401
591 400
591 399
591 398
591 397
592 396
592 395
592 394
592 393
592 392
592 391
592 390
592 389
592 388
592 387
592 386
592 385
592 384
592 383
592 382
592 381
591 380
591 379
591 378
591 377
591 376
591 375
591 374
591 373
591 372
590 371
590 370
590 369
590 368
590 367
590 366
589 365
589 364
589 363
589 362
589 361
588 360
588 359
588 358
588 357
587 356
587 355
587 354
587 353
586 352
586 351
586 350
585 349
585 348
585 347
584 346
584 345
584 344
583 343
583 342
582 341
582 340
582 339
581 338
581 337
580 336
580 335
579 334
579 333
578 332
578 331
577 330
576 329
576 328
575 327
574 326
574 325
573 324
572 323
572 322
571 321
570 320
569 319
568 318
567 317
566 316
566 315
565 314
564 313
563 312
562 311
561 310
560 309
559 308
558 307
557 307
556 306
555 305
554 304
553 303
552 302
551 302
550 301
549 300
548 299
547 299
546 298
545 297
544 297
543 296
542 296
541 295
540 294
539 294
538 293
537 293
536 292
535 292
534 291
533 291
532 290
531 290
530 290
529 289
528 289
527 289
526 288
525 288
524 287
523 287
522 287
521 287
520 286
519 286
518 286
517 286
516 285
515 285
514 285
513 285
512 285
511 285
510 284
509 284
508 284
507 284
506 284
505 284
504 284
503 284
502 284
501 284
500 284
499 284
498 284
497 284
