594 336
593 337
592 337
591 337
590 337
589 338
588 338
587 338
586 339
585 339
584 340
583 340
582 341
581 341
580 342
579 342
578 343
577 343
576 344
575 344
574 345
573 345
572 346
571 346
570 347
569 347
568 348
567 349
566 349
565 350
564 350
563 351
562 352
561 352
560 353
559 354
558 354
557 355
556 356
555 356
554 357
553 358
552 359
551 359
550 360
549 361
548 362
547 362
546 363
545 364
544 365
543 366
542 367
541 367
540 368
539 369
538 370
537 371
536 371
535 370
534 370
533 369
532 369
531 368
530 367
529 367
528 367
527 367
526 367
525 367
524 367
523 368
522 369
522 370
522 371
522 372
522 373
522 374
522 375
522 376
522 377
522 378
522 379
522 380
522 381
522 382
522 383
522 384
522 385
522 386
522 387
522 388
522 389
522 390
522 391
522 392
522 393
522 394
522 395
522 396
522 397
522 398
522 399
522 400
522 401
522 402
522 403
522 404
522 405
522 406
522 407
522 408
522 409
522 410
522 411
522 412
522 413
522 414
522 415
522 416
522 417
522 418
522 419
522 420
522 421
522 422
522 423
522 424
522 425
522 426
522 427
522 428
522 429
523 430
523 431
524 431
525 432
526 432
527 432
528 432
529 431
530 431
531 431
532 430
533 429
534 429
535 428
536 428
537 428
538 429
539 429
540 430
541 431
542 432
543 433
544 434
545 434
546 435
547 436
548 437
549 438
550 438
551 439
552 440
553 441
554 441
555 442
556 443
557 443
558 444
559 445
560 446
561 446
562 447
563 447
564 448
565 449
566 449
567 450
568 451
569 451
570 452
571 452
572 453
573 453
574 454
575 454
576 455
577 455
578 456
579 456
580 457
581 457
582 458
583 458
584 459
585 459
586 460
587 460
588 461
589 461
590 461
591 461
592 462
593 462
594 462
595 462
596 462
597 462
598 462
599 462
600 462
601 462
602 462
603 462
604 462
605 462
606 461
607 461
608 461
609 460
610 460
611 460
612 459
613 459
614 458
615 458
616 457
617 456
618 456
619 455
620 454
621 454
622 453
623 452
624 451
625 450
626 449
627 448
627 447
628 446
629 445
630 444
630 443
631 442
631 441
632 440
633 439
633 438
634 437
634 436
635 435
635 434
636 433
636 432
636 431
637 430
637 429
637 428
638 427
638 426
638 425
639 424
639 423
639 422
640 421
640 420
640 419
640 418
641 417
641 416
641 415
641 414
641 413
642 412
642 411
642 410
642 409
642 408
642 407
642 406
642 405
642 404
642 403
643 402
643 401
643 400
643 399
643 398
643 397
643 396
642 395
642 394
642 393
642 392
642 391
642 390
642 389
642 388
642 387
641 386
641 385
641 384
641 383
641 382
640 381
640 380
640 379
640 378
639 377
639 376
639 375
639 374
638 373
638 372
638 371
637 370
637 369
637 368
636 367
636 366
635 365
635 364
634 363
634 362
633 361
633 360
632 359
632 358
631 357
630 356
630 355
629 354
628 353
628 352
627 351
626 350
625 349
624 348
623 347
622 346
621 345
620 344
619 343
618 343
617 342
616 341
615 341
614 340
613 340
612 339
611 339
610 338
609 338
608 338
607 337
606 337
605 337
604 337
603 337
602 336
601 336
600 336
599 336
598 336
597 336
596 336
595 336
594 336
