567 353
566 354
565 354
564 354
563 354
562 354
561 355
560 355
559 355
558 356
557 356
556 357
555 357
554 358
553 358
552 359
551 359
550 360
549 361
548 361
547 362
546 363
545 364
544 364
543 365
542 366
541 366
540 366
539 366
538 365
537 365
536 364
535 364
534 364
533 363
532 363
531 363
530 364
529 365
528 366
528 367
528 368
528 369
528 370
528 371
528 372
528 373
528 374
528 375
528 376
528 377
528 378
528 379
528 380
528 381
528 382
528 383
528 384
528 385
528 386
528 387
528 388
528 389
528 390
528 391
528 392
528 393
528 394
528 395
528 396
528 397
528 398
528 399
528 400
528 401
528 402
528 403
528 404
528 405
528 406
528 407
528 408
528 409
528 410
528 411
528 412
528 413
528 414
528 415
528 416
528 417
528 418
528 419
528 420
528 421
528 422
528 423
528 424
529 425
530 426
531 426
532 427
533 427
534 426
535 426
536 426
537 425
538 425
539 424
540 424
541 424
542 424
543 425
544 426
545 426
546 427
547 428
548 428
549 429
550 430
551 430
552 431
553 432
554 432
555 433
556 433
557 434
558 434
559 435
560 435
561 435
562 435
563 436
564 436
565 436
566 436
567 436
568 436
569 437
570 437
571 437
572 437
573 437
574 437
575 437
576 436
577 436
578 436
579 436
580 436
581 435
582 435
583 435
584 434
585 434
586 433
587 433
588 433
589 432
590 431
591 431
592 430
593 430
594 429
595 428
596 427
597 426
598 425
599 424
600 423
601 422
602 421
603 420
603 419
604 418
605 417
605 416
606 415
606 414
607 413
607 412
607 411
608 410
608 409
608 408
609 407
609 406
609 405
609 404
610 403
610 402
610 401
610 400
610 399
610 398
610 397
610 396
610 395
610 394
610 393
610 392
610 391
610 390
610 389
610 388
610 387
609 386
609 385
609 384
609 383
608 382
608 381
608 380
607 379
607 378
607 377
606 376
606 375
605 374
605 373
604 372
603 371
603 370
602 369
601 368
600 367
600 366
599 365
598 364
597 363
596 363
595 362
594 361
593 360
592 360
591 359
590 358
589 358
588 357
587 357
586 356
585 356
584 356
583 355
582 355
581 355
580 354
579 354
578 354
577 354
576 353
575 353
574 353
573 353
572 353
571 353
570 353
569 353
568 353
567 353
