510 276
509 277
508 277
507 277
506 277
505 277
504 277
503 277
502 277
501 277
500 277
499 277
498 277
497 277
496 278
495 278
494 278
493 278
492 278
491 278
490 278
489 278
488 278
487 279
486 279
485 279
484 279
483 279
482 279
481 279
480 280
479 280
478 280
477 280
476 280
475 280
474 281
473 281
472 281
471 281
470 281
469 281
468 282
467 282
466 282
465 282
464 282
463 283
462 283
461 283
460 283
459 283
458 284
457 284
456 284
455 284
454 285
453 285
452 285
451 285
450 285
449 286
448 286
447 286
446 286
445 287
444 287
443 287
442 288
441 288
440 288
439 288
438 289
437 289
436 289
435 289
434 290
433 290
432 290
431 291
430 291
429 291
428 291
427 292
426 292
425 292
424 292
423 292
422 292
421 292
420 292
419 292
418 292
417 293
416 293
415 293
414 294
413 294
412 295
411 295
410 296
409 296
408 297
407 298
407 299
407 300
407 301
407 302
407 303
407 304
407 305
407 306
407 307
407 308
407 309
407 310
407 311
407 312
407 313
407 314
407 315
407 316
407 317
407 318
407 319
407 320
407 321
407 322
407 323
407 324
407 325
407 326
407 327
407 328
407 329
407 330
407 331
407 332
407 333
407 334
407 335
407 336
407 337
407 338
407 339
407 340
407 341
407 342
407 343
407 344
407 345
407 346
407 347
407 348
407 349
407 350
407 351
407 352
407 353
407 354
407 355
407 356
407 357
407 358
407 359
407 360
407 361
407 362
407 363
407 364
407 365
407 366
407 367
407 368
407 369
407 370
407 371
407 372
407 373
407 374
407 375
407 376
407 377
407 378
407 379
407 380
407 381
407 382
407 383
407 384
407 385
407 386
407 387
407 388
407 389
407 390
407 391
407 392
407 393
407 394
407 395
407 396
407 397
407 398
407 399
407 400
407 401
407 402
407 403
407 404
407 405
407 406
407 407
407 408
407 409
407 410
407 411
407 412
407 413
407 414
407 415
407 416
407 417
407 418
407 419
407 420
407 421
407 422
407 423
407 424
407 425
407 426
407 427
407 428
407 429
407 430
407 431
407 432
407 433
407 434
407 435
407 436
407 437
407 438
407 439
407 440
407 441
407 442
407 443
407 444
407 445
407 446
407 447
407 448
407 449
407 450
407 451
407 452
407 453
407 454
407 455
407 456
407 457
407 458
407 459
407 460
407 461
407 462
407 463
407 464
407 465
407 466
407 467
407 468
407 469
407 470
407 471
407 472
407 473
407 474
407 475
407 476
407 477
407 478
407 479
407 480
407 481
407 482
407 483
407 484
407 485
407 486
407 487
407 488
407 489
407 490
407 491
407 492
407 493
407 494
407 495
407 496
407 497
407 498
407 499
407 500
407 501
407 502
407 503
407 504
407 505
407 506
407 507
407 508
407 509
407 510
408 511
409 511
410 512
411 512
412 513
413 513
414 514
415 514
416 514
417 515
418 515
419 515
420 516
421 516
422 516
423 516
424 516
425 516
426 516
427 516
428 516
429 516
430 517
431 517
432 517
433 517
434 518
435 518
436 518
437 519
438 519
439 519
440 519
441 520
442 520
443 520
444 520
445 521
446 521
447 521
448 521
449 522
450 522
451 522
452 522
453 523
454 523
455 523
456 523
457 524
458 524
459 524
460 524
461 524
462 525
463 525
464 525
465 525
466 525
467 526
468 526
469 526
470 526
471 526
472 526
473 527
474 527
475 527
476 527
477 527
478 528
479 528
480 528
481 528
482 528
483 528
484 528
485 529
486 529
487 529
488 529
489 529
490 529
491 529
492 529
493 530
494 530
495 530
496 530
497 530
498 530
499 530
500 530
501 530
502 530
503 530
504 531
505 531
506 531
507 531
508 531
509 531
510 531
511 531
512 531
513 531
514 531
515 531
516 531
517 531
518 531
519 531
520 531
521 531
522 531
523 531
524 531
525 531
526 531
527 531
528 531
529 531
530 531
531 531
532 531
533 531
534 531
535 531
536 531
537 531
538 531
539 531
540 531
541 531
542 531
543 531
544 531
545 531
546 530
547 530
548 530
549 530
550 530
551 530
552 530
553 530
554 530
555 529
556 529
557 529
558 529
559 529
560 529
561 529
562 528
563 528
564 528
565 528
566 528
567 528
568 527
569 527
570 527
571 527
572 527
573 526
574 526
575 526
576 526
577 525
578 525
579 525
580 525
581 525
582 524
583 524
584 524
585 523
586 523
587 523
588 523
589 522
590 522
591 522
592 521
593 521
594 521
595 520
596 520
597 520
598 519
599 519
600 519
601 518
602 518
603 517
604 517
605 517
606 516
607 516
608 515
609 515
610 515
611 514
612 514
613 513
614 513
615 512
616 512
617 511
618 511
619 510
620 510
621 509
622 509
623 508
624 508
625 507
626 506
627 506
628 505
629 505
630 504
631 503
632 503
633 502
634 501
635 501
636 500
637 499
638 499
639 498
640 497
641 497
642 496
643 495
644 494
645 494
646 493
647 492
648 491
649 490
650 489
651 489
652 488
653 487
654 486
655 485
656 484
657 483
658 482
659 481
660 480
661 479
662 478
663 477
664 476
665 475
665 474
666 473
667 472
668 471
669 470
670 469
670 468
671 467
672 466
673 465
673 464
674 463
675 462
675 461
676 460
677 459
677 458
678 457
678 456
679 455
680 454
680 453
681 452
681 451
682 450
682 449
683 448
683 447
684 446
684 445
685 444
685 443
686 442
686 441
686 440
687 439
687 438
688 437
688 436
688 435
689 434
689 433
689 432
690 431
690 430
690 429
690 428
691 427
691 426
691 425
691 424
692 423
692 422
692 421
692 420
692 419
693 418
693 417
693 416
693 415
693 414
693 413
693 412
693 411
694 410
694 409
694 408
694 407
694 406
694 405
694 404
694 403
694 402
694 401
694 400
694 399
694 398
694 397
693 396
693 395
693 394
693 393
693 392
693 391
693 390
693 389
692 388
692 387
692 386
692 385
692 384
691 383
691 382
691 381
691 380
690 379
690 378
690 377
689 376
689 375
689 374
688 373
688 372
688 371
687 370
687 369
687 368
686 367
686 366
685 365
685 364
684 363
684 362
683 361
683 360
682 359
682 358
682 357
681 356
680 355
680 354
679 353
679 352
678 351
678 350
677 349
676 348
676 347
675 346
674 345
674 344
673 343
672 342
671 341
671 340
670 339
669 338
668 337
668 336
667 335
666 334
665 333
664 332
663 331
663 330
662 329
661 328
660 327
659 326
658 325
657 324
656 323
655 322
654 321
653 321
652 320
651 319
650 318
649 317
648 316
647 315
646 315
645 314
644 313
643 312
642 312
641 311
640 310
639 309
638 309
637 308
636 307
635 307
634 306
633 305
632 305
631 304
630 303
629 303
628 302
627 302
626 301
625 300
624 300
623 299
622 299
621 298
620 298
619 297
618 297
617 296
616 296
615 295
614 295
613 294
612 294
611 293
610 293
609 292
608 292
607 292
606 291
605 291
604 290
603 290
602 290
601 289
600 289
599 288
598 288
597 288
596 287
595 287
594 287
593 286
592 286
591 286
590 285
589 285
588 285
587 285
586 284
585 284
584 284
583 283
582 283
581 283
580 283
579 282
578 282
577 282
576 282
575 281
574 281
573 281
572 281
571 281
570 280
569 280
568 280
567 280
566 280
565 279
564 279
563 279
562 279
561 279
560 279
559 278
558 278
557 278
556 278
555 278
554 278
553 278
552 278
551 277
550 277
549 277
548 277
547 277
546 277
545 277
544 277
543 277
542 277
541 277
540 277
539 276
538 276
537 276
536 276
535 276
534 276
533 276
532 276
531 276
530 276
529 276
528 276
527 276
526 276
525 276
524 276
523 276
522 276
521 276
520 276
519 276
518 276
517 276
516 276
515 276
514 276
513 276
512 276
511 276
510 276
