515 256
514 257
513 257
512 257
511 257
510 257
509 257
508 257
507 257
506 257
505 257
504 257
503 258
502 258
501 258
500 258
499 258
498 258
497 258
496 258
495 259
494 259
493 259
492 259
491 259
490 259
489 260
488 260
487 260
486 260
485 260
484 261
483 261
482 261
481 261
480 262
479 262
478 262
477 262
476 263
475 263
474 263
473 263
472 264
471 264
470 264
469 265
468 265
467 265
466 266
465 266
464 266
463 267
462 267
461 268
460 268
459 268
458 269
457 269
456 270
455 270
454 271
453 271
452 272
451 272
450 273
449 273
448 274
447 274
446 275
445 275
444 276
443 276
442 277
441 277
440 278
439 279
438 279
437 280
436 280
435 281
434 282
433 282
432 283
431 284
430 284
429 285
428 286
427 286
426 287
425 288
424 289
423 289
422 290
421 291
420 291
419 292
418 293
417 294
416 294
415 295
414 296
413 297
412 298
411 298
410 299
409 300
408 301
407 301
406 302
405 303
404 304
403 305
402 305
401 306
400 307
399 308
398 308
397 309
396 310
395 310
394 310
393 310
392 310
391 310
390 310
389 309
388 309
387 308
386 308
385 307
384 306
383 306
382 305
381 305
380 305
379 305
378 305
377 306
376 307
375 308
374 309
373 310
373 311
372 312
371 312
370 312
369 313
368 313
367 313
366 314
365 314
364 315
364 316
363 317
363 318
363 319
363 320
363 321
363 322
363 323
363 324
363 325
363 326
363 327
363 328
363 329
363 330
363 331
363 332
363 333
363 334
363 335
363 336
363 337
363 338
363 339
363 340
363 341
363 342
363 343
363 344
363 345
363 346
363 347
363 348
363 349
363 350
363 351
363 352
363 353
363 354
363 355
363 356
363 357
363 358
363 359
363 360
363 361
363 362
363 363
363 364
363 365
363 366
363 367
363 368
363 369
363 370
363 371
363 372
363 373
363 374
363 375
363 376
363 377
363 378
363 379
363 380
363 381
363 382
363 383
363 384
363 385
363 386
363 387
363 388
363 389
363 390
363 391
363 392
363 393
363 394
363 395
363 396
363 397
363 398
363 399
363 400
363 401
363 402
363 403
363 404
363 405
363 406
363 407
363 408
363 409
363 410
363 411
363 412
363 413
363 414
363 415
363 416
363 417
363 418
363 419
363 420
363 421
363 422
363 423
363 424
363 425
363 426
363 427
363 428
363 429
363 430
363 431
363 432
363 433
363 434
363 435
363 436
363 437
363 438
363 439
363 440
363 441
363 442
363 443
363 444
363 445
363 446
363 447
363 448
363 449
363 450
363 451
363 452
363 453
363 454
363 455
363 456
363 457
363 458
363 459
363 460
363 461
363 462
363 463
363 464
363 465
363 466
363 467
363 468
363 469
363 470
363 471
363 472
363 473
363 474
363 475
363 476
363 477
363 478
363 479
363 480
363 481
363 482
363 483
363 484
363 485
363 486
363 487
363 488
363 489
363 490
363 491
363 492
363 493
363 494
363 495
363 496
363 497
363 498
363 499
363 500
363 501
363 502
363 503
363 504
363 505
363 506
363 507
363 508
363 509
363 510
363 511
363 512
363 513
363 514
363 515
363 516
364 517
365 518
366 519
367 520
368 520
369 520
370 520
371 521
372 521
373 522
374 523
375 524
376 525
376 526
377 527
378 527
379 528
380 528
381 528
382 528
383 527
384 526
385 526
386 525
387 525
388 524
389 523
390 523
391 523
392 522
393 522
394 522
395 523
396 523
397 524
398 524
399 525
400 526
401 527
402 527
403 528
404 529
405 530
406 531
407 531
408 532
409 533
410 534
411 534
412 535
413 536
414 537
415 537
416 538
417 539
418 540
419 541
420 541
421 542
422 543
423 543
424 544
425 545
426 546
427 546
428 547
429 548
430 548
431 549
432 550
433 550
434 551
435 552
436 552
437 553
438 554
439 554
440 555
441 555
442 556
443 556
444 557
445 558
446 558
447 559
448 559
449 560
450 560
451 561
452 561
453 562
454 562
455 563
456 563
457 563
458 564
459 564
460 565
461 565
462 566
463 566
464 566
465 567
466 567
467 567
468 568
469 568
470 568
471 569
472 569
473 569
474 570
475 570
476 570
477 570
478 571
479 571
480 571
481 571
482 572
483 572
484 572
485 572
486 573
487 573
488 573
489 573
490 573
491 573
492 574
493 574
494 574
495 574
496 574
497 574
498 575
499 575
500 575
501 575
502 575
503 575
504 575
505 575
506 576
507 576
508 576
509 576
510 576
511 576
512 576
513 576
514 576
515 576
516 576
517 576
518 576
519 576
520 576
521 577
522 577
523 577
524 577
525 577
526 577
527 577
528 577
529 577
530 577
531 577
532 577
533 577
534 577
535 577
536 577
537 577
538 577
539 577
540 577
541 576
542 576
543 576
544 576
545 576
546 576
547 576
548 576
549 576
550 576
551 576
552 576
553 576
554 576
555 576
556 575
557 575
558 575
559 575
560 575
561 575
562 575
563 575
564 575
565 574
566 574
567 574
568 574
569 574
570 574
571 573
572 573
573 573
574 573
575 573
576 573
577 572
578 572
579 572
580 572
581 572
582 571
583 571
584 571
585 571
586 571
587 570
588 570
589 570
590 570
591 569
592 569
593 569
594 569
595 568
596 568
597 568
598 567
599 567
600 567
601 566
602 566
603 566
604 566
605 565
606 565
607 564
608 564
609 564
610 563
611 563
612 563
613 562
614 562
615 561
616 561
617 561
618 560
619 560
620 559
621 559
622 558
623 558
624 558
625 557
626 557
627 556
628 556
629 555
630 555
631 554
632 554
633 553
634 552
635 552
636 551
637 551
638 550
639 549
640 549
641 548
642 548
643 547
644 546
645 546
646 545
647 544
648 544
649 543
650 542
651 541
652 541
653 540
654 539
655 539
656 538
657 537
658 536
659 535
660 534
661 534
662 533
663 532
664 531
665 530
666 529
667 528
668 527
669 526
670 525
671 524
672 523
673 522
674 521
675 520
676 519
676 518
677 517
678 516
679 515
680 514
681 513
681 512
682 511
683 510
684 509
684 508
685 507
686 506
686 505
687 504
688 503
688 502
689 501
690 500
690 499
691 498
692 497
692 496
693 495
693 494
694 493
694 492
695 491
696 490
696 489
697 488
697 487
698 486
698 485
699 484
699 483
700 482
700 481
701 480
701 479
701 478
702 477
702 476
703 475
703 474
704 473
704 472
704 471
705 470
705 469
705 468
706 467
706 466
707 465
707 464
707 463
708 462
708 461
708 460
708 459
709 458
709 457
709 456
710 455
710 454
710 453
710 452
711 451
711 450
711 449
711 448
712 447
712 446
712 445
712 444
713 443
713 442
713 441
713 440
713 439
713 438
714 437
714 436
714 435
714 434
714 433
714 432
714 431
715 430
715 429
715 428
715 427
715 426
715 425
715 424
715 423
715 422
715 421
715 420
715 419
716 418
716 417
716 416
716 415
715 414
715 413
715 412
715 411
715 410
715 409
715 408
715 407
715 406
715 405
715 404
715 403
714 402
714 401
714 400
714 399
714 398
714 397
714 396
713 395
713 394
713 393
713 392
713 391
713 390
712 389
712 388
712 387
712 386
711 385
711 384
711 383
711 382
710 381
710 380
710 379
710 378
709 377
709 376
709 375
709 374
708 373
708 372
708 371
707 370
707 369
707 368
706 367
706 366
706 365
705 364
705 363
704 362
704 361
704 360
703 359
703 358
702 357
702 356
702 355
701 354
701 353
700 352
700 351
699 350
699 349
698 348
698 347
697 346
697 345
696 344
696 343
695 342
695 341
694 340
693 339
693 338
692 337
692 336
691 335
690 334
690 333
689 332
689 331
688 330
687 329
687 328
686 327
685 326
684 325
684 324
683 323
682 322
681 321
681 320
680 319
679 318
678 317
677 316
677 315
676 314
675 313
674 312
673 311
672 310
671 309
670 308
669 307
668 306
667 305
666 304
665 303
664 302
663 301
662 300
661 299
660 298
659 298
658 297
657 296
656 295
655 294
654 293
653 293
652 292
651 291
650 291
649 290
648 289
647 288
646 288
645 287
644 286
643 286
642 285
641 284
640 284
639 283
638 283
637 282
636 281
635 281
634 280
633 280
632 279
631 279
630 278
629 278
628 277
627 277
626 276
625 276
624 275
623 275
622 274
621 274
620 273
619 273
618 272
617 272
616 272
615 271
614 271
613 270
612 270
611 270
610 269
609 269
608 269
607 268
606 268
605 268
604 267
603 267
602 267
601 266
600 266
599 266
598 265
597 265
596 265
595 264
594 264
593 264
592 264
591 263
590 263
589 263
588 263
587 262
586 262
585 262
584 262
583 261
582 261
581 261
580 261
579 261
578 260
577 260
576 260
575 260
574 260
573 260
572 259
571 259
570 259
569 259
568 259
567 259
566 258
565 258
564 258
563 258
562 258
561 258
560 258
559 258
558 258
557 257
556 257
555 257
554 257
553 257
552 257
551 257
550 257
549 257
548 257
547 257
546 257
545 256
544 256
543 256
542 256
541 256
540 256
539 256
538 256
537 256
536 256
535 256
534 256
533 256
532 256
531 256
530 256
529 256
528 256
527 256
526 256
525 256
524 256
523 256
522 256
521 256
520 256
519 256
518 256
517 256
516 256
515 256
