527 291
526 292
525 292
524 292
523 292
522 292
521 292
520 293
519 293
518 293
517 293
516 293
515 293
514 294
513 294
512 294
511 294
510 295
509 295
508 295
507 295
506 296
505 296
504 296
503 297
502 297
501 297
500 297
499 298
498 298
497 298
496 299
495 299
494 299
493 300
492 300
491 300
490 301
489 301
488 302
487 302
486 302
485 303
484 303
483 304
482 304
481 304
480 305
479 305
478 306
477 306
476 307
475 307
474 308
473 308
472 309
471 309
470 310
469 310
468 311
467 311
466 312
465 312
464 313
463 313
462 314
461 314
460 315
459 315
458 316
457 316
456 317
455 318
454 318
453 319
452 319
451 320
450 321
449 321
448 322
447 322
446 323
445 324
444 324
443 325
442 325
441 326
440 327
439 327
438 328
437 329
436 329
435 330
434 330
433 331
432 331
431 331
430 331
429 330
428 330
427 329
426 328
425 328
424 327
423 326
422 326
421 325
420 324
419 324
418 323
417 322
416 321
415 321
414 320
413 319
412 319
411 319
410 320
409 321
408 322
407 323
406 324
406 325
406 326
406 327
406 328
406 329
406 330
406 331
406 332
406 333
406 334
406 335
406 336
406 337
406 338
406 339
406 340
406 341
406 342
406 343
406 344
406 345
406 346
406 347
406 348
406 349
406 350
406 351
406 352
406 353
406 354
406 355
406 356
406 357
406 358
406 359
406 360
406 361
406 362
406 363
406 364
406 365
406 366
406 367
406 368
406 369
406 370
406 371
406 372
406 373
406 374
406 375
406 376
406 377
406 378
406 379
406 380
406 381
406 382
406 383
406 384
406 385
406 386
406 387
406 388
406 389
406 390
406 391
406 392
406 393
406 394
406 395
406 396
406 397
406 398
406 399
406 400
406 401
406 402
406 403
406 404
406 405
406 406
406 407
406 408
406 409
406 410
406 411
406 412
406 413
406 414
406 415
406 416
406 417
406 418
406 419
406 420
406 421
406 422
406 423
406 424
406 425
406 426
406 427
406 428
406 429
406 430
406 431
406 432
406 433
406 434
406 435
406 436
406 437
406 438
406 439
406 440
406 441
406 442
406 443
406 444
406 445
406 446
406 447
406 448
406 449
406 450
406 451
406 452
406 453
406 454
406 455
406 456
406 457
406 458
406 459
406 460
406 461
406 462
406 463
406 464
406 465
406 466
406 467
406 468
406 469
406 470
406 471
406 472
406 473
406 474
406 475
406 476
406 477
406 478
406 479
406 480
406 481
406 482
406 483
406 484
406 485
406 486
406 487
406 488
406 489
407 490
408 491
409 492
410 493
411 493
412 494
413 493
414 493
415 492
416 491
417 491
418 490
419 489
420 488
421 488
422 487
423 486
424 486
425 485
426 484
427 484
428 483
429 483
430 482
431 482
432 482
433 482
434 482
435 483
436 484
437 484
438 485
439 485
440 486
441 487
442 487
443 488
444 489
445 489
446 490
447 490
448 491
449 492
450 492
451 493
452 493
453 494
454 494
455 495
456 496
457 496
458 497
459 497
460 498
461 498
462 499
463 500
464 500
465 501
466 501
467 502
468 502
469 503
470 503
471 504
472 504
473 505
474 505
475 506
476 506
477 506
478 507
479 507
480 508
481 508
482 509
483 509
484 509
485 510
486 510
487 511
488 511
489 511
490 512
491 512
492 513
493 513
494 513
495 514
496 514
497 514
498 515
499 515
500 515
501 516
502 516
503 516
504 517
505 517
506 517
507 517
508 518
509 518
510 518
511 518
512 519
513 519
514 519
515 519
516 519
517 520
518 520
519 520
520 520
521 520
522 521
523 521
524 521
525 521
526 521
527 521
528 521
529 521
530 522
531 522
532 522
533 522
534 522
535 522
536 522
537 522
538 522
539 522
540 522
541 522
542 522
543 522
544 522
545 522
546 522
547 522
548 522
549 522
550 522
551 522
552 522
553 522
554 522
555 522
556 521
557 521
558 521
559 521
560 521
561 521
562 521
563 521
564 520
565 520
566 520
567 520
568 520
569 520
570 519
571 519
572 519
573 519
574 519
575 518
576 518
577 518
578 517
579 517
580 517
581 517
582 516
583 516
584 516
585 515
586 515
587 515
588 514
589 514
590 514
591 513
592 513
593 512
594 512
595 511
596 511
597 510
598 510
599 509
600 509
601 508
602 508
603 507
604 507
605 506
606 506
607 505
608 504
609 504
610 503
611 502
612 502
613 501
614 500
615 500
616 499
617 498
618 497
619 496
620 496
621 495
622 494
623 493
624 492
625 491
626 490
627 489
628 488
629 487
630 486
631 485
632 484
633 483
634 482
634 481
635 480
636 479
637 478
638 477
638 476
639 475
640 474
641 473
641 472
642 471
643 470
643 469
644 468
644 467
645 466
646 465
646 464
647 463
647 462
648 461
648 460
649 459
650 458
650 457
651 456
651 455
652 454
652 453
652 452
653 451
653 450
654 449
654 448
655 447
655 446
655 445
656 444
656 443
657 442
657 441
657 440
658 439
658 438
658 437
659 436
659 435
659 434
660 433
660 432
660 431
660 430
661 429
661 428
661 427
661 426
662 425
662 424
662 423
662 422
662 421
663 420
663 419
663 418
663 417
663 416
663 415
664 414
664 413
664 412
664 411
664 410
664 409
664 408
664 407
664 406
664 405
664 404
664 403
664 402
664 401
664 400
664 399
663 398
663 397
663 396
663 395
663 394
663 393
663 392
662 391
662 390
662 389
662 388
661 387
661 386
661 385
661 384
660 383
660 382
660 381
660 380
659 379
659 378
659 377
658 376
658 375
658 374
657 373
657 372
657 371
656 370
656 369
656 368
655 367
655 366
654 365
654 364
653 363
653 362
653 361
652 360
652 359
651 358
651 357
650 356
650 355
649 354
649 353
648 352
647 351
647 350
646 349
646 348
645 347
645 346
644 345
643 344
643 343
642 342
641 341
641 340
640 339
639 338
639 337
638 336
637 335
636 334
635 333
635 332
634 331
633 330
632 329
631 328
630 327
629 326
628 325
627 324
626 323
625 322
624 321
623 320
622 319
621 318
620 317
619 316
618 315
617 315
616 314
615 313
614 312
613 312
612 311
611 310
610 310
609 309
608 308
607 308
606 307
605 307
604 306
603 305
602 305
601 304
600 304
599 303
598 303
597 302
596 302
595 301
594 301
593 300
592 300
591 300
590 299
589 299
588 298
587 298
586 298
585 297
584 297
583 297
582 296
581 296
580 296
579 296
578 295
577 295
576 295
575 294
574 294
573 294
572 294
571 294
570 293
569 293
568 293
567 293
566 293
565 292
564 292
563 292
562 292
561 292
560 292
559 292
558 291
557 291
556 291
555 291
554 291
553 291
552 291
551 291
550 291
549 291
548 291
547 291
546 291
545 291
544 291
543 291
542 291
541 291
540 291
539 291
538 291
537 291
536 291
535 291
534 291
533 291
532 291
531 291
530 291
529 291
528 291
527 291
