558 296
557 297
556 297
555 297
554 297
553 297
552 297
551 297
550 298
549 298
548 298
547 298
546 298
545 299
544 299
543 299
542 299
541 300
540 300
539 300
538 301
537 301
536 301
535 302
534 302
533 302
532 303
531 303
530 303
529 304
528 304
527 305
526 305
525 306
524 306
523 307
522 307
521 307
520 308
519 308
518 309
517 310
516 310
515 311
514 311
513 312
512 312
511 313
510 314
509 314
508 315
507 315
506 316
505 317
504 317
503 318
502 319
501 319
500 320
499 321
498 322
497 322
496 323
495 324
494 325
493 325
492 326
491 327
490 328
489 329
488 330
487 331
486 331
485 332
484 333
483 334
482 335
481 336
480 337
479 338
478 339
477 340
476 341
475 342
474 343
473 344
472 345
471 346
470 347
469 347
468 347
467 348
466 348
465 348
464 348
463 348
462 347
461 347
460 346
459 345
458 344
457 343
456 342
455 341
454 340
453 339
452 339
451 338
450 337
449 336
448 335
447 335
446 336
445 336
445 337
445 338
445 339
445 340
445 341
445 342
445 343
445 344
445 345
445 346
445 347
445 348
445 349
445 350
445 351
445 352
445 353
445 354
445 355
445 356
445 357
445 358
445 359
445 360
445 361
445 362
445 363
445 364
445 365
445 366
445 367
445 368
445 369
445 370
445 371
445 372
445 373
445 374
445 375
445 376
445 377
445 378
445 379
445 380
445 381
445 382
445 383
445 384
445 385
445 386
445 387
445 388
445 389
445 390
445 391
445 392
445 393
445 394
445 395
445 396
445 397
445 398
445 399
445 400
445 401
445 402
445 403
445 404
445 405
445 406
445 407
445 408
445 409
445 410
445 411
445 412
445 413
445 414
445 415
445 416
445 417
445 418
445 419
445 420
445 421
445 422
445 423
445 424
445 425
445 426
445 427
445 428
445 429
445 430
445 431
445 432
445 433
445 434
445 435
445 436
445 437
445 438
445 439
445 440
445 441
445 442
445 443
445 444
445 445
445 446
445 447
445 448
445 449
445 450
445 451
445 452
445 453
445 454
445 455
445 456
445 457
445 458
445 459
445 460
445 461
445 462
445 463
445 464
445 465
445 466
445 467
445 468
445 469
445 470
445 471
445 472
445 473
445 474
445 475
445 476
445 477
445 478
445 479
445 480
445 481
445 482
445 483
445 484
445 485
445 486
445 487
445 488
445 489
445 490
445 491
446 492
447 492
448 492
449 491
450 490
451 489
452 489
453 488
454 487
455 486
456 485
457 484
458 483
459 482
460 481
461 481
462 480
463 479
464 479
465 479
466 479
467 479
468 480
469 480
470 480
471 481
472 482
473 483
474 484
475 485
476 486
477 487
478 488
479 489
480 490
481 491
482 492
483 493
484 494
485 495
486 496
487 497
488 497
489 498
490 499
491 500
492 501
493 502
494 502
495 503
496 504
497 505
498 505
499 506
500 507
501 508
502 508
503 509
504 510
505 510
506 511
507 512
508 512
509 513
510 514
511 514
512 515
513 515
514 516
515 516
516 517
517 518
518 518
519 519
520 519
521 520
522 520
523 521
524 521
525 521
526 522
527 522
528 523
529 523
530 524
531 524
532 524
533 525
534 525
535 525
536 526
537 526
538 526
539 527
540 527
541 527
542 528
543 528
544 528
545 528
546 529
547 529
548 529
549 529
550 529
551 530
552 530
553 530
554 530
555 530
556 530
557 531
558 531
559 531
560 531
561 531
562 531
563 531
564 531
565 531
566 531
567 531
568 531
569 531
570 531
571 531
572 531
573 531
574 531
575 531
576 531
577 531
578 531
579 531
580 531
581 531
582 530
583 530
584 530
585 530
586 530
587 530
588 529
589 529
590 529
591 529
592 529
593 528
594 528
595 528
596 528
597 527
598 527
599 527
600 527
601 526
602 526
603 526
604 525
605 525
606 525
607 524
608 524
609 524
610 523
611 523
612 522
613 522
614 521
615 521
616 520
617 520
618 519
619 519
620 518
621 518
622 517
623 517
624 516
625 516
626 515
627 514
628 514
629 513
630 513
631 512
632 511
633 511
634 510
635 509
636 508
637 508
638 507
639 506
640 505
641 504
642 504
643 503
644 502
645 501
646 500
647 499
648 498
649 497
650 496
651 495
652 494
653 493
654 492
655 491
655 490
656 489
657 488
658 487
659 486
659 485
660 484
661 483
662 482
662 481
663 480
664 479
664 478
665 477
666 476
666 475
667 474
668 473
668 472
669 471
669 470
670 469
670 468
671 467
671 466
672 465
672 464
673 463
673 462
674 461
674 460
675 459
675 458
675 457
676 456
676 455
677 454
677 453
677 452
678 451
678 450
678 449
679 448
679 447
679 446
680 445
680 444
680 443
681 442
681 441
681 440
681 439
682 438
682 437
682 436
682 435
682 434
683 433
683 432
683 431
683 430
683 429
683 428
683 427
684 426
684 425
684 424
684 423
684 422
684 421
684 420
684 419
684 418
684 417
684 416
684 415
684 414
684 413
684 412
684 411
684 410
684 409
684 408
684 407
684 406
684 405
684 404
684 403
684 402
684 401
683 400
683 399
683 398
683 397
683 396
683 395
683 394
682 393
682 392
682 391
682 390
682 389
681 388
681 387
681 386
681 385
680 384
680 383
680 382
679 381
679 380
679 379
678 378
678 377
678 376
677 375
677 374
677 373
676 372
676 371
675 370
675 369
675 368
674 367
674 366
673 365
673 364
672 363
672 362
671 361
671 360
670 359
670 358
669 357
669 356
668 355
667 354
667 353
666 352
666 351
665 350
664 349
664 348
663 347
662 346
662 345
661 344
660 343
659 342
659 341
658 340
657 339
656 338
655 337
654 336
654 335
653 334
652 333
651 332
650 331
649 330
648 329
647 328
646 327
645 326
644 325
643 324
642 324
641 323
640 322
639 321
638 320
637 320
636 319
635 318
634 317
633 317
632 316
631 315
630 315
629 314
628 313
627 313
626 312
625 311
624 311
623 310
622 310
621 309
620 309
619 308
618 308
617 307
616 307
615 306
614 306
613 305
612 305
611 304
610 304
609 304
608 303
607 303
606 302
605 302
604 302
603 301
602 301
601 301
600 300
599 300
598 300
597 300
596 299
595 299
594 299
593 299
592 298
591 298
590 298
589 298
588 298
587 297
586 297
585 297
584 297
583 297
582 297
581 297
580 296
579 296
578 296
577 296
576 296
575 296
574 296
573 296
572 296
571 296
570 296
569 296
568 296
567 296
566 296
565 296
564 296
563 296
562 296
561 296
560 296
559 296
558 296
