523 330
522 331
521 331
520 331
519 331
518 331
517 331
516 331
515 331
514 332
513 332
512 332
511 332
510 333
509 333
508 333
507 333
506 334
505 334
504 334
503 334
502 335
501 335
500 335
499 336
498 336
497 336
496 337
495 337
494 337
493 338
492 338
491 338
490 339
489 339
488 340
487 340
486 340
485 341
484 341
483 342
482 342
481 343
480 343
479 343
478 344
477 344
476 345
475 345
474 345
473 344
472 343
471 342
470 342
469 342
468 341
467 341
466 341
465 342
464 342
463 343
462 343
462 344
461 345
461 346
461 347
461 348
461 349
461 350
461 351
461 352
461 353
461 354
461 355
461 356
461 357
461 358
461 359
461 360
461 361
461 362
461 363
461 364
461 365
461 366
461 367
461 368
461 369
461 370
461 371
461 372
461 373
461 374
461 375
461 376
461 377
461 378
461 379
461 380
461 381
461 382
461 383
461 384
461 385
461 386
461 387
461 388
461 389
461 390
461 391
461 392
461 393
461 394
461 395
461 396
461 397
461 398
461 399
461 400
461 401
460 402
460 403
460 404
460 405
461 406
461 407
461 408
461 409
461 410
461 411
461 412
461 413
461 414
461 415
461 416
461 417
461 418
461 419
461 420
461 421
461 422
461 423
461 424
461 425
461 426
461 427
461 428
461 429
461 430
461 431
461 432
461 433
461 434
461 435
461 436
461 437
461 438
461 439
461 440
461 441
461 442
461 443
461 444
461 445
461 446
461 447
461 448
461 449
461 450
461 451
461 452
461 453
461 454
461 455
461 456
461 457
461 458
461 459
461 460
461 461
461 462
462 463
462 464
463 464
464 465
465 465
466 466
467 466
468 466
469 465
470 465
471 465
472 464
473 463
474 462
475 462
476 462
477 463
478 463
479 464
480 464
481 464
482 465
483 465
484 466
485 466
486 467
487 467
488 467
489 468
490 468
491 469
492 469
493 469
494 470
495 470
496 470
497 471
498 471
499 471
500 472
501 472
502 472
503 473
504 473
505 473
506 474
507 474
508 474
509 474
510 474
511 475
512 475
513 475
514 475
515 476
516 476
517 476
518 476
519 476
520 476
521 476
522 476
523 477
524 477
525 477
526 477
527 477
528 477
529 477
530 477
531 477
532 477
533 477
534 477
535 477
536 477
537 477
538 477
539 477
540 476
541 476
542 476
543 476
544 476
545 476
546 476
547 475
548 475
549 475
550 475
551 475
552 474
553 474
554 474
555 473
556 473
557 473
558 472
559 472
560 472
561 471
562 471
563 471
564 470
565 470
566 469
567 469
568 468
569 468
570 467
571 467
572 466
573 466
574 465
575 465
576 464
577 464
578 463
579 462
580 462
581 461
582 460
583 460
584 459
585 458
586 457
587 457
588 456
589 455
590 454
591 454
592 453
593 452
594 451
595 450
596 449
597 448
598 447
599 446
600 445
601 444
602 443
603 442
604 441
605 440
606 439
607 438
608 437
609 436
610 435
611 435
612 434
613 434
614 435
615 435
616 436
617 437
618 437
619 438
620 439
621 440
622 441
623 442
624 442
625 443
626 444
627 445
628 446
628 447
629 448
630 449
631 450
632 451
633 452
634 453
634 454
635 455
636 456
637 457
638 458
638 459
639 460
640 461
641 462
641 463
642 464
643 464
644 464
645 464
646 464
647 464
648 464
649 463
649 462
649 461
649 460
649 459
649 458
649 457
649 456
649 455
648 454
648 453
647 452
646 451
645 450
645 449
644 448
643 447
642 446
642 445
641 444
640 443
639 442
638 441
637 440
636 439
636 438
635 437
634 436
633 435
632 434
631 433
630 432
629 431
628 430
628 429
627 428
627 427
627 426
626 425
626 424
626 423
626 422
626 421
626 420
625 419
625 418
625 417
625 416
625 415
625 414
625 413
625 412
625 411
625 410
625 409
625 408
625 407
625 406
625 405
625 404
625 403
625 402
625 401
625 400
625 399
625 398
625 397
625 396
625 395
625 394
625 393
625 392
625 391
625 390
625 389
625 388
626 387
626 386
626 385
626 384
626 383
626 382
627 381
627 380
627 379
628 378
628 377
629 376
630 375
631 374
632 373
633 372
634 371
635 370
636 369
636 368
637 367
638 366
639 365
640 364
641 363
642 362
642 361
643 360
644 359
645 358
645 357
646 356
647 355
648 354
648 353
649 352
649 351
649 350
649 349
649 348
649 347
649 346
649 345
649 344
648 343
647 343
646 343
645 343
644 343
643 343
642 343
641 344
641 345
640 346
639 347
638 348
638 349
637 350
636 351
635 352
634 353
634 354
633 355
632 356
631 357
630 358
629 359
628 360
628 361
627 362
626 363
625 364
624 365
623 365
622 366
621 367
620 368
619 369
618 370
617 371
616 371
615 372
614 372
613 373
612 373
611 372
610 372
609 371
608 370
607 369
606 368
605 367
604 366
603 365
602 364
601 363
600 362
599 361
598 360
597 359
596 358
595 357
594 356
593 355
592 354
591 353
590 353
589 352
588 351
587 350
586 350
585 349
584 348
583 347
582 347
581 346
580 345
579 345
578 344
577 343
576 343
575 342
574 342
573 341
572 341
571 340
570 340
569 339
568 339
567 338
566 338
565 337
564 337
563 336
562 336
561 336
560 335
559 335
558 335
557 334
556 334
555 334
554 333
553 333
552 333
551 332
550 332
549 332
548 332
547 332
546 331
545 331
544 331
543 331
542 331
541 331
540 331
539 330
538 330
537 330
536 330
535 330
534 330
533 330
532 330
531 330
530 330
529 330
528 330
527 330
526 330
525 330
524 330
523 330
