525 82
524 83
523 83
522 83
521 83
520 83
519 83
518 83
517 83
516 83
515 83
514 83
513 83
512 83
511 83
510 83
509 83
508 83
507 83
506 84
505 84
504 84
503 84
502 84
501 84
500 84
499 84
498 84
497 84
496 84
495 85
494 85
493 85
492 85
491 85
490 85
489 85
488 85
487 85
486 86
485 86
484 86
483 86
482 86
481 86
480 86
479 86
478 87
477 87
476 87
475 87
474 87
473 87
472 88
471 88
470 88
469 88
468 88
467 88
466 89
465 89
464 89
463 89
462 89
461 90
460 90
459 90
458 90
457 90
456 91
455 91
454 91
453 91
452 91
451 92
450 92
449 92
448 92
447 93
446 93
445 93
444 93
443 93
442 94
441 94
440 94
439 94
438 95
437 95
436 95
435 95
434 96
433 96
432 96
431 97
430 97
429 97
428 97
427 98
426 98
425 98
424 99
423 99
422 99
421 99
420 100
419 100
418 100
417 101
416 101
415 101
414 102
413 102
412 102
411 103
410 103
409 103
408 104
407 104
406 104
405 105
404 105
403 105
402 106
401 106
400 106
399 107
398 107
397 108
396 108
395 108
394 109
393 109
392 110
391 110
390 110
389 111
388 111
387 112
386 112
385 112
384 113
383 113
382 114
381 114
380 115
379 115
378 115
377 116
376 116
375 117
374 117
373 118
372 118
371 119
370 119
369 119
368 120
367 120
366 121
365 121
364 122
363 122
362 123
361 123
360 124
359 124
358 125
357 125
356 126
355 126
354 127
353 128
352 128
351 129
350 129
349 130
348 130
347 131
346 131
345 132
344 132
343 133
342 134
341 134
340 135
339 135
338 136
337 137
336 137
335 138
334 138
333 139
332 140
331 140
330 141
329 142
328 142
327 143
326 143
325 144
324 145
323 145
322 146
321 147
320 147
319 148
318 149
317 149
316 150
315 151
314 152
313 152
312 153
311 154
310 154
309 155
308 156
307 157
306 157
305 158
304 159
303 160
302 160
301 161
300 162
299 163
298 164
297 164
296 165
295 166
294 167
293 168
292 168
291 169
290 170
289 171
288 172
287 173
286 174
285 174
284 175
283 176
282 177
281 178
280 179
279 180
278 181
277 182
276 183
275 184
274 185
273 186
272 187
271 188
270 188
269 189
268 190
267 191
267 192
266 193
265 194
264 195
263 196
262 197
261 198
260 199
259 200
258 201
257 202
256 203
255 204
254 205
254 206
253 207
252 208
251 209
250 210
249 211
249 212
248 213
247 214
246 215
245 216
244 217
244 218
243 219
242 220
241 221
241 222
240 223
239 224
238 225
238 226
237 227
236 228
235 229
235 230
234 231
233 232
233 233
232 234
231 235
231 236
230 237
229 238
228 239
228 240
227 241
227 242
226 243
225 244
224 244
223 243
222 243
221 242
220 242
219 241
218 241
217 240
216 240
215 239
214 239
213 239
212 240
211 240
210 241
210 242
209 243
209 244
209 245
209 246
209 247
209 248
209 249
209 250
209 251
209 252
209 253
209 254
209 255
209 256
209 257
209 258
209 259
209 260
209 261
209 262
209 263
209 264
209 265
209 266
209 267
209 268
209 269
209 270
209 271
209 272
209 273
209 274
209 275
209 276
209 277
209 278
209 279
209 280
209 281
209 282
209 283
209 284
209 285
209 286
209 287
209 288
209 289
209 290
209 291
209 292
209 293
209 294
209 295
209 296
209 297
209 298
209 299
209 300
209 301
209 302
209 303
209 304
209 305
209 306
209 307
209 308
209 309
209 310
209 311
209 312
209 313
209 314
209 315
209 316
209 317
209 318
209 319
209 320
209 321
209 322
209 323
209 324
209 325
209 326
209 327
209 328
209 329
209 330
209 331
209 332
209 333
209 334
209 335
209 336
209 337
209 338
209 339
209 340
209 341
209 342
209 343
209 344
209 345
209 346
209 347
209 348
209 349
209 350
209 351
209 352
209 353
209 354
209 355
209 356
209 357
209 358
209 359
209 360
209 361
209 362
209 363
209 364
209 365
209 366
209 367
209 368
209 369
209 370
209 371
209 372
209 373
209 374
209 375
209 376
209 377
209 378
209 379
209 380
209 381
209 382
209 383
209 384
209 385
209 386
209 387
209 388
209 389
209 390
209 391
209 392
209 393
209 394
209 395
209 396
209 397
209 398
209 399
209 400
209 401
209 402
209 403
209 404
209 405
209 406
209 407
209 408
209 409
209 410
209 411
209 412
209 413
209 414
209 415
209 416
209 417
209 418
209 419
209 420
209 421
209 422
209 423
209 424
209 425
209 426
209 427
209 428
209 429
209 430
209 431
209 432
209 433
209 434
209 435
209 436
209 437
209 438
209 439
209 440
209 441
209 442
209 443
209 444
209 445
209 446
209 447
209 448
209 449
209 450
209 451
209 452
209 453
209 454
209 455
209 456
209 457
209 458
209 459
209 460
209 461
209 462
209 463
209 464
209 465
209 466
209 467
209 468
209 469
209 470
209 471
209 472
209 473
209 474
209 475
209 476
209 477
209 478
209 479
209 480
209 481
209 482
209 483
209 484
209 485
209 486
209 487
209 488
209 489
209 490
209 491
209 492
209 493
209 494
209 495
209 496
209 497
209 498
209 499
209 500
209 501
209 502
209 503
209 504
209 505
209 506
209 507
209 508
209 509
209 510
209 511
209 512
209 513
209 514
209 515
209 516
209 517
209 518
209 519
209 520
209 521
209 522
209 523
209 524
209 525
209 526
209 527
209 528
209 529
209 530
209 531
209 532
209 533
209 534
209 535
209 536
209 537
209 538
209 539
209 540
209 541
209 542
209 543
209 544
209 545
209 546
209 547
209 548
209 549
209 550
209 551
209 552
209 553
209 554
209 555
209 556
209 557
209 558
209 559
209 560
209 561
209 562
209 563
209 564
209 565
209 566
210 567
210 568
211 569
212 570
213 570
214 570
215 570
216 570
217 569
218 569
219 568
220 568
221 567
222 567
223 566
224 566
225 566
226 567
227 568
228 569
228 570
229 571
229 572
230 573
231 574
232 575
232 576
233 577
234 578
234 579
235 580
236 581
236 582
237 583
238 584
239 585
239 586
240 587
241 588
242 589
243 590
243 591
244 592
245 593
246 594
247 595
247 596
248 597
249 598
250 599
251 600
251 601
252 602
253 603
254 604
255 605
256 606
257 607
258 608
259 609
259 610
260 611
261 612
262 613
263 614
264 615
265 616
266 617
267 618
268 619
269 620
270 621
271 622
272 623
273 624
274 625
275 626
276 627
277 628
278 629
279 630
280 630
281 631
282 632
283 633
284 634
285 635
286 636
287 637
288 638
289 638
290 639
291 640
292 641
293 642
294 643
295 643
296 644
297 645
298 646
299 647
300 647
301 648
302 649
303 650
304 650
305 651
306 652
307 653
308 654
309 654
310 655
311 656
312 656
313 657
314 658
315 659
316 659
317 660
318 661
319 661
320 662
321 663
322 663
323 664
324 665
325 665
326 666
327 667
328 667
329 668
330 669
331 669
332 670
333 670
334 671
335 672
336 672
337 673
338 673
339 674
340 675
341 675
342 676
343 676
344 677
345 677
346 678
347 679
348 679
349 680
350 680
351 681
352 681
353 682
354 682
355 683
356 683
357 684
358 684
359 685
360 685
361 686
362 686
363 687
364 687
365 688
366 688
367 689
368 689
369 690
370 690
371 691
372 691
373 692
374 692
375 693
376 693
377 694
378 694
379 694
380 695
381 695
382 696
383 696
384 697
385 697
386 697
387 698
388 698
389 699
390 699
391 699
392 700
393 700
394 701
395 701
396 701
397 702
398 702
399 703
400 703
401 703
402 704
403 704
404 704
405 705
406 705
407 705
408 706
409 706
410 706
411 707
412 707
413 707
414 708
415 708
416 708
417 709
418 709
419 709
420 710
421 710
422 710
423 711
424 711
425 711
426 711
427 712
428 712
429 712
430 713
431 713
432 713
433 713
434 714
435 714
436 714
437 714
438 715
439 715
440 715
441 715
442 716
443 716
444 716
445 716
446 717
447 717
448 717
449 717
450 718
451 718
452 718
453 718
454 718
455 719
456 719
457 719
458 719
459 719
460 720
461 720
462 720
463 720
464 720
465 721
466 721
467 721
468 721
469 721
470 721
471 722
472 722
473 722
474 722
475 722
476 722
477 723
478 723
479 723
480 723
481 723
482 723
483 723
484 724
485 724
486 724
487 724
488 724
489 724
490 724
491 724
492 725
493 725
494 725
495 725
496 725
497 725
498 725
499 725
500 725
501 726
502 726
503 726
504 726
505 726
506 726
507 726
508 726
509 726
510 726
511 726
512 726
513 726
514 726
515 726
516 727
517 727
518 727
519 727
520 727
521 727
522 727
523 727
524 727
525 727
526 727
527 727
528 727
529 727
530 727
531 727
532 727
533 727
534 727
535 727
536 727
537 727
538 727
539 727
540 727
541 727
542 727
543 727
544 727
545 727
546 727
547 727
548 727
549 727
550 727
551 727
552 727
553 727
554 727
555 727
556 727
557 727
558 727
559 726
560 726
561 726
562 726
563 726
564 726
565 726
566 726
567 726
568 726
569 726
570 726
571 726
572 726
573 725
574 725
575 725
576 725
577 725
578 725
579 725
580 725
581 725
582 724
583 724
584 724
585 724
586 724
587 724
588 724
589 724
590 724
591 723
592 723
593 723
594 723
595 723
596 723
597 722
598 722
599 722
600 722
601 722
602 722
603 722
604 721
605 721
606 721
607 721
608 721
609 720
610 720
611 720
612 720
613 720
614 720
615 719
616 719
617 719
618 719
619 718
620 718
621 718
622 718
623 718
624 717
625 717
626 717
627 717
628 716
629 716
630 716
631 716
632 716
633 715
634 715
635 715
636 714
637 714
638 714
639 714
640 713
641 713
642 713
643 713
644 712
645 712
646 712
647 711
648 711
649 711
650 711
651 710
652 710
653 710
654 709
655 709
656 709
657 708
658 708
659 708
660 707
661 707
662 707
663 706
664 706
665 706
666 705
667 705
668 705
669 704
670 704
671 704
672 703
673 703
674 703
675 702
676 702
677 701
678 701
679 701
680 700
681 700
682 700
683 699
684 699
685 698
686 698
687 697
688 697
689 697
690 696
691 696
692 695
693 695
694 694
695 694
696 694
697 693
698 693
699 692
700 692
701 691
702 691
703 690
704 690
705 689
706 689
707 689
708 688
709 688
710 687
711 687
712 686
713 686
714 685
715 685
716 684
717 683
718 683
719 682
720 682
721 681
722 681
723 680
724 680
725 679
726 679
727 678
728 678
729 677
730 676
731 676
732 675
733 675
734 674
735 673
736 673
737 672
738 672
739 671
740 670
741 670
742 669
743 669
744 668
745 667
746 667
747 666
748 665
749 665
750 664
751 663
752 663
753 662
754 661
755 661
756 660
757 659
758 659
759 658
760 657
761 656
762 656
763 655
764 654
765 654
766 653
767 652
768 651
769 651
770 650
771 649
772 648
773 647
774 647
775 646
776 645
777 644
778 643
779 643
780 642
781 641
782 640
783 639
784 638
785 638
786 637
787 636
788 635
789 634
790 633
791 632
792 631
793 631
794 630
795 629
796 628
797 627
798 626
799 625
800 624
801 623
802 622
803 621
804 620
805 619
806 618
807 617
808 616
809 615
810 614
811 613
812 612
813 611
814 610
815 609
815 608
816 607
817 606
818 605
819 604
820 603
821 602
822 601
822 600
823 599
824 598
825 597
826 596
827 595
827 594
828 593
829 592
830 591
831 590
831 589
832 588
833 587
834 586
834 585
835 584
836 583
837 582
837 581
838 580
839 579
839 578
840 577
841 576
842 575
842 574
843 573
844 572
844 571
845 570
846 569
846 568
847 567
848 566
848 565
849 564
849 563
850 562
851 561
851 560
852 559
853 558
853 557
854 556
854 555
855 554
855 553
856 552
857 551
857 550
858 549
858 548
859 547
859 546
860 545
860 544
861 543
861 542
862 541
863 540
863 539
864 538
864 537
865 536
865 535
866 534
866 533
867 532
867 531
867 530
868 529
868 528
869 527
869 526
870 525
870 524
871 523
871 522
871 521
872 520
872 519
873 518
873 517
874 516
874 515
874 514
875 513
875 512
876 511
876 510
876 509
877 508
877 507
877 506
878 505
878 504
879 503
879 502
879 501
880 500
880 499
880 498
881 497
881 496
881 495
882 494
882 493
882 492
882 491
883 490
883 489
883 488
884 487
884 486
884 485
885 484
885 483
885 482
885 481
886 480
886 479
886 478
886 477
887 476
887 475
887 474
887 473
888 472
888 471
888 470
888 469
889 468
889 467
889 466
889 465
889 464
890 463
890 462
890 461
890 460
890 459
891 458
891 457
891 456
891 455
891 454
892 453
892 452
892 451
892 450
892 449
892 448
892 447
893 446
893 445
893 444
893 443
893 442
893 441
893 440
893 439
894 438
894 437
894 436
894 435
894 434
894 433
894 432
894 431
894 430
895 429
895 428
895 427
895 426
895 425
895 424
895 423
895 422
895 421
895 420
895 419
895 418
895 417
895 416
895 415
895 414
895 413
895 412
895 411
895 410
895 409
895 408
896 407
896 406
896 405
896 404
896 403
895 402
895 401
895 400
895 399
895 398
895 397
895 396
895 395
895 394
895 393
895 392
895 391
895 390
895 389
895 388
895 387
895 386
895 385
895 384
895 383
895 382
895 381
894 380
894 379
894 378
894 377
894 376
894 375
894 374
894 373
894 372
894 371
893 370
893 369
893 368
893 367
893 366
893 365
893 364
893 363
892 362
892 361
892 360
892 359
892 358
892 357
891 356
891 355
891 354
891 353
891 352
891 351
890 350
890 349
890 348
890 347
890 346
889 345
889 344
889 343
889 342
888 341
888 340
888 339
888 338
888 337
887 336
887 335
887 334
887 333
886 332
886 331
886 330
885 329
885 328
885 327
885 326
884 325
884 324
884 323
884 322
883 321
883 320
883 319
882 318
882 317
882 316
881 315
881 314
881 313
880 312
880 311
880 310
879 309
879 308
879 307
878 306
878 305
878 304
877 303
877 302
877 301
876 300
876 299
875 298
875 297
875 296
874 295
874 294
873 293
873 292
872 291
872 290
872 289
871 288
871 287
870 286
870 285
869 284
869 283
869 282
868 281
868 280
867 279
867 278
866 277
866 276
865 275
865 274
864 273
864 272
863 271
863 270
862 269
862 268
861 267
861 266
860 265
860 264
859 263
859 262
858 261
857 260
857 259
856 258
856 257
855 256
855 255
854 254
853 253
853 252
852 251
852 250
851 249
850 248
850 247
849 246
849 245
848 244
847 243
847 242
846 241
845 240
845 239
844 238
843 237
843 236
842 235
841 234
841 233
840 232
839 231
838 230
838 229
837 228
836 227
835 226
835 225
834 224
833 223
832 222
832 221
831 220
830 219
829 218
829 217
828 216
827 215
826 214
825 213
825 212
824 211
823 210
822 209
821 208
820 207
819 206
819 205
818 204
817 203
816 202
815 201
814 200
813 199
812 198
811 197
810 196
809 195
809 194
808 193
807 192
806 191
805 190
804 189
803 188
802 187
801 186
800 185
799 185
798 184
797 183
796 182
795 181
794 180
793 179
792 178
791 177
790 176
789 175
788 174
787 174
786 173
785 172
784 171
783 170
782 169
781 168
780 168
779 167
778 166
777 165
776 164
775 164
774 163
773 162
772 161
771 160
770 160
769 159
768 158
767 157
766 157
765 156
764 155
763 154
762 154
761 153
760 152
759 152
758 151
757 150
756 149
755 149
754 148
753 147
752 147
751 146
750 145
749 145
748 144
747 143
746 143
745 142
744 141
743 141
742 140
741 140
740 139
739 138
738 138
737 137
736 137
735 136
734 135
733 135
732 134
731 134
730 133
729 132
728 132
727 131
726 131
725 130
724 130
723 129
722 129
721 128
720 127
719 127
718 126
717 126
716 125
715 125
714 124
713 124
712 123
711 123
710 122
709 122
708 121
707 121
706 120
705 120
704 119
703 119
702 119
701 118
700 118
699 117
698 117
697 116
696 116
695 115
694 115
693 114
692 114
691 114
690 113
689 113
688 112
687 112
686 112
685 111
684 111
683 110
682 110
681 110
680 109
679 109
678 108
677 108
676 108
675 107
674 107
673 106
672 106
671 106
670 105
669 105
668 105
667 104
666 104
665 104
664 103
663 103
662 103
661 102
660 102
659 102
658 101
657 101
656 101
655 100
654 100
653 100
652 99
651 99
650 99
649 99
648 98
647 98
646 98
645 97
644 97
643 97
642 97
641 96
640 96
639 96
638 95
637 95
636 95
635 95
634 94
633 94
632 94
631 94
630 93
629 93
628 93
627 93
626 92
625 92
624 92
623 92
622 92
621 91
620 91
619 91
618 91
617 91
616 90
615 90
614 90
613 90
612 90
611 89
610 89
609 89
608 89
607 89
606 88
605 88
604 88
603 88
602 88
601 88
600 87
599 87
598 87
597 87
596 87
595 87
594 86
593 86
592 86
591 86
590 86
589 86
588 86
587 86
586 85
585 85
584 85
583 85
582 85
581 85
580 85
579 85
578 84
577 84
576 84
575 84
574 84
573 84
572 84
571 84
570 84
569 84
568 84
567 83
566 83
565 83
564 83
563 83
562 83
561 83
560 83
559 83
558 83
557 83
556 83
555 83
554 83
553 83
552 83
551 83
550 83
549 83
548 82
547 82
546 82
545 82
544 82
543 82
542 82
541 82
540 82
539 82
538 82
537 82
536 82
535 82
534 82
533 82
532 82
531 82
530 82
529 82
528 82
527 82
526 82
525 82
