506 238
505 239
504 239
503 239
502 239
501 239
500 239
499 239
498 239
497 239
496 239
495 239
494 239
493 239
492 239
491 239
490 239
489 240
488 240
487 240
486 240
485 240
484 240
483 240
482 240
481 241
480 241
479 241
478 241
477 241
476 241
475 241
474 242
473 242
472 242
471 242
470 242
469 243
468 243
467 243
466 243
465 244
464 244
463 244
462 244
461 245
460 245
459 245
458 245
457 246
456 246
455 246
454 246
453 247
452 247
451 247
450 248
449 248
448 248
447 249
446 249
445 249
444 250
443 250
442 250
441 251
440 251
439 252
438 252
437 252
436 253
435 253
434 254
433 254
432 254
431 255
430 255
429 256
428 256
427 257
426 257
425 258
424 258
423 259
422 259
421 260
420 260
419 261
418 261
417 262
416 262
415 263
414 264
413 264
412 265
411 265
410 266
409 267
408 267
407 268
406 268
405 269
404 270
403 270
402 271
401 272
400 273
399 273
398 274
397 274
396 274
395 273
394 273
393 274
392 275
391 276
391 277
391 278
390 279
390 280
389 281
389 282
389 283
388 284
387 285
387 286
386 287
385 288
385 289
385 290
385 291
385 292
385 293
385 294
385 295
385 296
385 297
385 298
385 299
385 300
385 301
385 302
385 303
385 304
385 305
385 306
385 307
385 308
385 309
385 310
385 311
385 312
385 313
385 314
385 315
385 316
385 317
385 318
385 319
385 320
385 321
385 322
385 323
385 324
385 325
385 326
385 327
385 328
385 329
385 330
385 331
385 332
385 333
385 334
385 335
385 336
385 337
385 338
385 339
385 340
385 341
385 342
385 343
385 344
385 345
385 346
385 347
385 348
385 349
385 350
385 351
385 352
385 353
385 354
385 355
385 356
385 357
385 358
385 359
385 360
385 361
385 362
385 363
385 364
385 365
385 366
385 367
385 368
385 369
385 370
385 371
385 372
385 373
385 374
385 375
385 376
385 377
385 378
385 379
385 380
385 381
385 382
385 383
385 384
385 385
385 386
385 387
385 388
385 389
385 390
384 391
384 392
384 393
384 394
385 395
385 396
385 397
385 398
385 399
385 400
385 401
385 402
385 403
385 404
385 405
385 406
385 407
385 408
385 409
385 410
385 411
385 412
385 413
385 414
385 415
385 416
385 417
385 418
385 419
385 420
385 421
385 422
385 423
385 424
385 425
385 426
385 427
385 428
385 429
385 430
385 431
385 432
385 433
385 434
385 435
385 436
385 437
385 438
385 439
385 440
385 441
385 442
385 443
385 444
385 445
385 446
385 447
385 448
385 449
385 450
385 451
385 452
385 453
385 454
385 455
385 456
385 457
385 458
385 459
385 460
385 461
385 462
385 463
385 464
385 465
385 466
385 467
385 468
385 469
385 470
385 471
385 472
385 473
385 474
385 475
385 476
385 477
385 478
385 479
385 480
385 481
385 482
385 483
385 484
385 485
385 486
385 487
385 488
385 489
385 490
385 491
385 492
385 493
385 494
385 495
385 496
385 497
386 498
387 499
388 500
388 501
389 502
389 503
390 504
390 505
390 506
391 507
391 508
391 509
392 510
393 511
394 511
395 511
396 511
397 510
398 511
399 511
400 512
401 513
402 514
403 514
404 515
405 516
406 516
407 517
408 518
409 518
410 519
411 519
412 520
413 521
414 521
415 522
416 522
417 523
418 523
419 524
420 525
421 525
422 526
423 526
424 527
425 527
426 528
427 528
428 529
429 529
430 529
431 530
432 530
433 531
434 531
435 532
436 532
437 532
438 533
439 533
440 534
441 534
442 534
443 535
444 535
445 535
446 536
447 536
448 536
449 537
450 537
451 537
452 538
453 538
454 538
455 539
456 539
457 539
458 539
459 540
460 540
461 540
462 541
463 541
464 541
465 541
466 541
467 542
468 542
469 542
470 542
471 543
472 543
473 543
474 543
475 543
476 543
477 544
478 544
479 544
480 544
481 544
482 544
483 545
484 545
485 545
486 545
487 545
488 545
489 545
490 545
491 545
492 546
493 546
494 546
495 546
496 546
497 546
498 546
499 546
500 546
501 546
502 546
503 546
504 546
505 546
506 546
507 546
508 546
509 546
510 546
511 546
512 546
513 546
514 546
515 546
516 546
517 546
518 546
519 546
520 546
521 546
522 546
523 546
524 546
525 546
526 546
527 546
528 545
529 545
530 545
531 545
532 545
533 545
534 545
535 545
536 545
537 544
538 544
539 544
540 544
541 544
542 544
543 543
544 543
545 543
546 543
547 543
548 542
549 542
550 542
551 542
552 542
553 541
554 541
555 541
556 541
557 540
558 540
559 540
560 540
561 539
562 539
563 539
564 539
565 538
566 538
567 538
568 537
569 537
570 537
571 536
572 536
573 536
574 535
575 535
576 535
577 534
578 534
579 534
580 533
581 533
582 532
583 532
584 532
585 531
586 531
587 530
588 530
589 529
590 529
591 528
592 528
593 527
594 527
595 526
596 526
597 525
598 525
599 524
600 524
601 523
602 523
603 522
604 522
605 521
606 520
607 520
608 519
609 519
610 518
611 517
612 517
613 516
614 515
615 515
616 514
617 513
618 513
619 512
620 511
621 511
622 510
623 509
624 508
625 507
626 507
627 506
628 505
629 504
630 503
631 503
632 502
633 501
634 500
635 499
636 498
637 497
638 496
639 495
640 494
641 493
642 492
643 491
644 490
645 489
646 488
647 487
648 486
648 485
649 484
650 483
651 482
652 481
653 480
653 479
654 478
655 477
656 476
656 475
657 474
658 473
658 472
659 471
660 470
660 469
661 468
662 467
662 466
663 465
663 464
664 463
665 462
665 461
666 460
666 459
667 458
667 457
668 456
668 455
669 454
669 453
670 452
670 451
671 450
671 449
672 448
672 447
672 446
673 445
673 444
674 443
674 442
674 441
675 440
675 439
675 438
676 437
676 436
676 435
677 434
677 433
677 432
678 431
678 430
678 429
678 428
679 427
679 426
679 425
680 424
680 423
680 422
680 421
680 420
681 419
681 418
681 417
681 416
681 415
681 414
682 413
682 412
682 411
682 410
682 409
682 408
682 407
682 406
683 405
683 404
683 403
683 402
683 401
683 400
683 399
683 398
683 397
683 396
683 395
683 394
683 393
683 392
683 391
683 390
683 389
683 388
683 387
683 386
683 385
683 384
683 383
683 382
683 381
683 380
682 379
682 378
682 377
682 376
682 375
682 374
682 373
682 372
681 371
681 370
681 369
681 368
681 367
681 366
680 365
680 364
680 363
680 362
680 361
679 360
679 359
679 358
679 357
678 356
678 355
678 354
677 353
677 352
677 351
676 350
676 349
676 348
676 347
675 346
675 345
674 344
674 343
674 342
673 341
673 340
673 339
672 338
672 337
671 336
671 335
670 334
670 333
669 332
669 331
668 330
668 329
667 328
667 327
666 326
666 325
665 324
665 323
664 322
663 321
663 320
662 319
662 318
661 317
660 316
660 315
659 314
658 313
658 312
657 311
656 310
656 309
655 308
654 307
653 306
653 305
652 304
651 303
650 302
649 301
649 300
648 299
647 298
646 297
645 296
644 295
643 294
642 293
641 292
640 291
639 290
638 289
637 288
636 287
635 286
634 285
633 284
632 283
631 282
630 281
629 281
628 280
627 279
626 278
625 277
624 277
623 276
622 275
621 274
620 273
619 273
618 272
617 271
616 271
615 270
614 269
613 269
612 268
611 267
610 267
609 266
608 265
607 265
606 264
605 264
604 263
603 263
602 262
601 261
600 261
599 260
598 260
597 259
596 259
595 258
594 258
593 257
592 257
591 256
590 256
589 255
588 255
587 255
586 254
585 254
584 253
583 253
582 252
581 252
580 252
579 251
578 251
577 250
576 250
575 250
574 249
573 249
572 249
571 248
570 248
569 248
568 247
567 247
566 247
565 246
564 246
563 246
562 246
561 245
560 245
559 245
558 245
557 244
556 244
555 244
554 244
553 243
552 243
551 243
550 243
549 242
548 242
547 242
546 242
545 242
544 241
543 241
542 241
541 241
540 241
539 241
538 241
537 240
536 240
535 240
534 240
533 240
532 240
531 240
530 240
529 239
528 239
527 239
526 239
525 239
524 239
523 239
522 239
521 239
520 239
519 239
518 239
517 239
516 239
515 239
514 239
513 239
512 238
511 238
510 238
509 238
508 238
507 238
506 238
