464 217
463 218
462 218
461 218
460 218
459 218
458 218
457 218
456 218
455 218
454 218
453 218
452 218
451 218
450 218
449 218
448 219
447 219
446 219
445 219
444 219
443 219
442 219
441 219
440 219
439 219
438 219
437 219
436 219
435 219
434 220
433 220
432 220
431 220
430 220
429 220
428 220
427 220
426 220
425 220
424 220
423 220
422 221
421 221
420 221
419 221
418 221
417 221
416 221
415 221
414 221
413 222
412 222
411 223
410 224
410 225
410 226
410 227
410 228
410 229
410 230
410 231
410 232
410 233
410 234
410 235
410 236
410 237
410 238
410 239
410 240
410 241
410 242
410 243
410 244
410 245
410 246
410 247
410 248
410 249
410 250
410 251
410 252
410 253
410 254
410 255
410 256
410 257
410 258
410 259
410 260
410 261
410 262
410 263
410 264
410 265
410 266
410 267
410 268
410 269
410 270
410 271
410 272
410 273
410 274
410 275
410 276
410 277
410 278
410 279
410 280
410 281
410 282
410 283
410 284
410 285
410 286
410 287
410 288
410 289
410 290
410 291
410 292
410 293
410 294
410 295
410 296
410 297
410 298
410 299
410 300
410 301
410 302
410 303
410 304
410 305
410 306
410 307
410 308
410 309
410 310
410 311
410 312
410 313
410 314
410 315
410 316
410 317
410 318
410 319
410 320
410 321
410 322
410 323
410 324
410 325
410 326
410 327
410 328
410 329
410 330
410 331
410 332
410 333
410 334
410 335
410 336
410 337
410 338
410 339
410 340
410 341
410 342
410 343
410 344
410 345
410 346
410 347
410 348
410 349
410 350
410 351
410 352
410 353
410 354
410 355
410 356
410 357
410 358
410 359
410 360
410 361
410 362
410 363
410 364
410 365
410 366
410 367
410 368
410 369
410 370
410 371
410 372
410 373
410 374
410 375
410 376
410 377
410 378
410 379
410 380
410 381
410 382
410 383
410 384
410 385
410 386
410 387
410 388
410 389
410 390
410 391
410 392
410 393
410 394
410 395
410 396
410 397
410 398
410 399
410 400
410 401
410 402
410 403
410 404
410 405
410 406
410 407
410 408
410 409
410 410
410 411
410 412
410 413
410 414
410 415
410 416
410 417
410 418
410 419
410 420
410 421
410 422
410 423
410 424
410 425
410 426
410 427
410 428
410 429
410 430
410 431
410 432
410 433
410 434
410 435
410 436
410 437
410 438
410 439
410 440
410 441
410 442
410 443
410 444
410 445
410 446
410 447
410 448
410 449
410 450
410 451
410 452
410 453
410 454
410 455
410 456
410 457
410 458
410 459
410 460
410 461
410 462
410 463
410 464
410 465
410 466
410 467
410 468
410 469
410 470
410 471
410 472
410 473
410 474
410 475
410 476
410 477
410 478
410 479
410 480
410 481
410 482
410 483
410 484
410 485
410 486
410 487
410 488
410 489
410 490
410 491
410 492
410 493
410 494
410 495
410 496
410 497
410 498
410 499
410 500
410 501
410 502
410 503
410 504
410 505
410 506
410 507
410 508
410 509
410 510
410 511
410 512
410 513
410 514
410 515
410 516
410 517
410 518
410 519
410 520
410 521
410 522
410 523
410 524
410 525
410 526
410 527
410 528
410 529
410 530
410 531
410 532
410 533
410 534
410 535
410 536
410 537
410 538
410 539
410 540
410 541
410 542
410 543
410 544
410 545
410 546
410 547
410 548
410 549
410 550
410 551
410 552
410 553
410 554
410 555
410 556
410 557
410 558
410 559
410 560
410 561
410 562
410 563
410 564
410 565
410 566
410 567
410 568
410 569
410 570
410 571
410 572
410 573
410 574
410 575
410 576
410 577
410 578
410 579
410 580
411 581
411 582
411 583
412 584
413 584
414 584
415 584
416 584
417 584
418 584
419 584
420 585
421 585
422 585
423 585
424 585
425 585
426 585
427 585
428 585
429 585
430 585
431 585
432 586
433 586
434 586
435 586
436 586
437 586
438 586
439 586
440 586
441 586
442 586
443 586
444 587
445 587
446 587
447 587
448 587
449 587
450 587
451 587
452 587
453 587
454 587
455 587
456 587
457 587
458 587
459 588
460 588
461 588
462 588
463 588
464 588
465 588
466 588
467 588
468 588
469 588
470 588
471 588
472 588
473 588
474 588
475 588
476 588
477 588
478 588
479 588
480 589
481 589
482 589
483 589
484 589
485 589
486 589
487 589
488 589
489 589
490 589
491 589
492 589
493 589
494 589
495 589
496 589
497 589
498 589
499 589
500 589
501 589
502 588
503 588
504 588
505 588
506 588
507 588
508 588
509 588
510 588
511 588
512 588
513 588
514 588
515 587
516 587
517 587
518 587
519 587
520 587
521 586
522 586
523 586
524 586
525 585
526 585
527 585
528 585
529 584
530 584
531 584
532 584
533 583
534 583
535 583
536 582
537 582
538 582
539 581
540 581
541 581
542 580
543 580
544 580
545 579
546 579
547 579
548 578
549 578
550 577
551 577
552 577
553 576
554 576
555 575
556 575
557 574
558 574
559 573
560 573
561 572
562 572
563 571
564 571
565 570
566 570
567 569
568 569
569 568
570 568
571 567
572 567
573 566
574 566
575 565
576 564
577 564
578 563
579 563
580 562
581 562
582 561
583 561
584 560
585 559
586 559
587 558
588 558
589 557
590 556
591 556
592 555
593 554
594 553
595 553
596 552
597 551
598 550
599 550
600 549
601 548
602 547
603 547
604 546
605 545
606 544
607 543
608 542
609 542
610 541
611 540
612 539
613 538
614 537
615 536
616 535
617 534
618 533
619 532
620 531
621 530
622 529
623 528
624 527
625 526
626 525
627 524
628 523
628 522
629 521
630 520
631 519
632 518
632 517
633 516
634 515
635 514
635 513
636 512
637 511
637 510
638 509
639 508
639 507
640 506
641 505
641 504
642 503
643 502
643 501
644 500
644 499
645 498
645 497
646 496
646 495
647 494
648 493
648 492
649 491
649 490
650 489
650 488
651 487
651 486
651 485
652 484
652 483
653 482
653 481
654 480
654 479
655 478
655 477
656 476
656 475
656 474
657 473
657 472
657 471
658 470
658 469
659 468
659 467
659 466
660 465
660 464
660 463
661 462
661 461
661 460
662 459
662 458
662 457
663 456
663 455
663 454
664 453
664 452
664 451
664 450
665 449
665 448
665 447
665 446
666 445
666 444
666 443
666 442
667 441
667 440
667 439
667 438
667 437
668 436
668 435
668 434
668 433
668 432
669 431
669 430
669 429
669 428
669 427
669 426
670 425
670 424
670 423
670 422
670 421
670 420
670 419
670 418
670 417
671 416
671 415
671 414
671 413
671 412
671 411
671 410
671 409
671 408
671 407
671 406
671 405
671 404
671 403
671 402
671 401
671 400
671 399
671 398
671 397
671 396
671 395
671 394
671 393
671 392
671 391
671 390
670 389
670 388
670 387
670 386
670 385
670 384
670 383
670 382
670 381
669 380
669 379
669 378
669 377
669 376
669 375
668 374
668 373
668 372
668 371
668 370
667 369
667 368
667 367
667 366
667 365
666 364
666 363
666 362
666 361
665 360
665 359
665 358
665 357
664 356
664 355
664 354
663 353
663 352
663 351
663 350
662 349
662 348
662 347
661 346
661 345
661 344
660 343
660 342
660 341
659 340
659 339
658 338
658 337
658 336
657 335
657 334
657 333
656 332
656 331
655 330
655 329
654 328
654 327
654 326
653 325
653 324
652 323
652 322
651 321
651 320
650 319
650 318
649 317
649 316
648 315
648 314
647 313
647 312
646 311
646 310
645 309
644 308
644 307
643 306
643 305
642 304
641 303
641 302
640 301
640 300
639 299
638 298
638 297
637 296
636 295
636 294
635 293
634 292
633 291
633 290
632 289
631 288
630 287
630 286
629 285
628 284
627 283
626 282
625 281
625 280
624 279
623 278
622 277
621 276
620 275
619 274
618 273
617 272
616 271
615 270
614 269
613 268
612 267
611 266
610 265
609 264
608 264
607 263
606 262
605 261
604 260
603 259
602 258
601 258
600 257
599 256
598 255
597 254
596 254
595 253
594 252
593 251
592 250
591 250
590 249
589 248
588 248
587 247
586 246
585 246
584 245
583 245
582 244
581 244
580 243
579 242
578 242
577 241
576 241
575 240
574 240
573 239
572 239
571 238
570 238
569 237
568 237
567 236
566 236
565 235
564 234
563 234
562 233
561 233
560 232
559 232
558 231
557 231
556 230
555 230
554 230
553 229
552 229
551 228
550 228
549 228
548 227
547 227
546 226
545 226
544 226
543 225
542 225
541 225
540 224
539 224
538 224
537 223
536 223
535 223
534 222
533 222
532 222
531 221
530 221
529 221
528 221
527 220
526 220
525 220
524 220
523 219
522 219
521 219
520 219
519 219
518 218
517 218
516 218
515 218
514 218
513 218
512 217
511 217
510 217
509 217
508 217
507 217
506 217
505 217
504 217
503 217
502 217
501 217
500 217
499 217
498 217
497 217
496 217
495 217
494 217
493 217
492 217
491 217
490 217
489 217
488 217
487 217
486 217
485 217
484 217
483 217
482 217
481 217
480 217
479 217
478 217
477 217
476 217
475 217
474 217
473 217
472 217
471 217
470 217
469 217
468 217
467 217
466 217
465 217
464 217
