517 343
516 344
516 345
516 346
516 347
516 348
516 349
516 350
516 351
516 352
516 353
516 354
516 355
516 356
516 357
516 358
516 359
516 360
516 361
516 362
516 363
516 364
516 365
516 366
516 367
516 368
516 369
516 370
516 371
516 372
516 373
516 374
516 375
516 376
516 377
516 378
516 379
516 380
516 381
516 382
516 383
516 384
516 385
516 386
516 387
516 388
516 389
516 390
516 391
516 392
516 393
516 394
516 395
516 396
516 397
516 398
516 399
516 400
516 401
516 402
516 403
516 404
516 405
516 406
516 407
516 408
516 409
516 410
516 411
516 412
516 413
516 414
516 415
516 416
516 417
516 418
516 419
516 420
516 421
516 422
516 423
516 424
516 425
516 426
516 427
516 428
516 429
516 430
516 431
516 432
516 433
516 434
516 435
516 436
516 437
516 438
516 439
516 440
516 441
516 442
516 443
516 444
516 445
516 446
516 447
516 448
516 449
516 450
516 451
516 452
516 453
516 454
516 455
516 456
516 457
516 458
516 459
516 460
516 461
516 462
516 463
516 464
516 465
516 466
516 467
516 468
516 469
516 470
516 471
516 472
517 473
518 473
519 473
520 473
521 473
522 473
523 473
524 473
525 472
526 472
527 472
528 472
529 472
530 472
531 471
532 471
533 471
534 471
535 471
536 470
537 470
538 470
539 470
540 470
541 469
542 469
543 469
544 469
545 469
546 468
547 468
548 468
549 467
550 467
551 467
552 466
553 466
554 466
555 465
556 465
557 464
558 464
559 463
560 463
561 462
562 462
563 461
564 461
565 460
566 459
567 459
568 458
569 457
570 456
571 456
572 455
573 454
574 453
575 452
576 451
577 450
578 449
579 448
580 447
581 446
582 445
583 444
584 443
584 442
585 441
586 440
586 439
587 438
588 437
588 436
589 435
589 434
590 433
590 432
591 431
591 430
592 429
592 428
593 427
593 426
593 425
594 424
594 423
594 422
595 421
595 420
595 419
595 418
595 417
596 416
596 415
596 414
596 413
596 412
596 411
596 410
597 409
597 408
597 407
596 406
596 405
596 404
596 403
596 402
596 401
596 400
595 399
595 398
595 397
595 396
595 395
594 394
594 393
594 392
593 391
593 390
593 389
592 388
592 387
591 386
591 385
590 384
590 383
589 382
589 381
588 380
588 379
587 378
586 377
586 376
585 375
584 374
584 373
583 372
582 371
581 370
580 369
579 368
578 367
577 366
576 365
575 364
574 363
573 362
572 361
571 360
570 360
569 359
568 358
567 357
566 357
565 356
564 355
563 355
562 354
561 354
560 353
559 353
558 352
557 352
556 351
555 351
554 350
553 350
552 350
551 349
550 349
549 349
548 348
547 348
546 348
545 347
544 347
543 347
542 347
541 347
540 346
539 346
538 346
537 346
536 346
535 345
534 345
533 345
532 345
531 345
530 344
529 344
528 344
527 344
526 344
525 344
524 343
523 343
522 343
521 343
520 343
519 343
518 343
517 343
