561 362
560 363
559 363
558 363
557 363
556 363
555 363
554 363
553 363
552 363
551 363
550 363
549 363
548 363
547 364
546 364
545 364
544 364
543 364
542 364
541 364
540 364
539 364
538 364
537 364
536 364
535 364
534 364
533 364
532 364
531 365
530 365
529 365
528 365
527 365
526 365
525 366
524 367
524 368
523 369
523 370
523 371
523 372
523 373
523 374
523 375
523 376
523 377
523 378
523 379
523 380
523 381
523 382
523 383
523 384
523 385
523 386
523 387
523 388
523 389
523 390
523 391
523 392
523 393
523 394
523 395
523 396
523 397
523 398
523 399
523 400
523 401
523 402
523 403
523 404
523 405
523 406
523 407
523 408
523 409
523 410
523 411
523 412
523 413
523 414
523 415
523 416
523 417
523 418
523 419
523 420
523 421
523 422
523 423
523 424
523 425
523 426
523 427
523 428
523 429
523 430
523 431
523 432
523 433
523 434
523 435
523 436
523 437
523 438
523 439
523 440
523 441
523 442
523 443
523 444
523 445
523 446
523 447
523 448
523 449
523 450
524 451
524 452
524 453
525 454
526 454
527 455
528 455
529 455
530 455
531 455
532 455
533 455
534 455
535 455
536 455
537 455
538 456
539 456
540 456
541 456
542 456
543 456
544 456
545 456
546 456
547 456
548 456
549 456
550 456
551 456
552 456
553 457
554 457
555 457
556 457
557 457
558 457
559 457
560 457
561 457
562 457
563 457
564 457
565 458
566 458
567 458
568 458
569 458
570 458
571 458
572 458
573 458
574 458
575 457
576 457
577 457
578 457
579 456
580 456
581 456
582 455
583 455
584 454
585 453
586 453
587 452
588 451
589 451
590 450
591 449
592 448
592 447
593 446
594 445
595 444
595 443
596 442
597 441
597 440
598 439
598 438
599 437
599 436
600 435
600 434
601 433
601 432
601 431
602 430
602 429
602 428
603 427
603 426
603 425
603 424
604 423
604 422
604 421
604 420
605 419
605 418
605 417
605 416
605 415
605 414
605 413
605 412
606 411
606 410
606 409
606 408
605 407
605 406
605 405
605 404
605 403
605 402
605 401
604 400
604 399
604 398
604 397
604 396
603 395
603 394
603 393
602 392
602 391
602 390
601 389
601 388
601 387
600 386
600 385
599 384
599 383
598 382
598 381
597 380
597 379
596 378
596 377
595 376
594 375
593 374
593 373
592 372
591 371
590 370
589 369
588 368
587 367
586 367
585 366
584 366
583 365
582 365
581 364
580 364
579 363
578 363
577 363
576 362
575 362
574 362
573 362
572 362
571 362
570 362
569 362
568 362
567 362
566 362
565 362
564 362
563 362
562 362
561 362
