538 275
537 276
536 276
535 276
534 276
533 276
532 276
531 277
530 277
529 277
528 278
527 278
526 278
525 278
524 279
523 279
522 280
521 280
520 281
519 281
518 282
517 282
516 283
515 283
514 284
513 284
512 285
511 285
510 285
509 285
508 285
507 285
506 284
505 283
504 282
503 281
502 280
501 280
500 280
499 279
498 279
497 279
496 280
495 280
494 281
493 282
492 283
492 284
492 285
492 286
492 287
492 288
492 289
492 290
492 291
492 292
492 293
492 294
492 295
492 296
492 297
492 298
492 299
492 300
492 301
492 302
492 303
492 304
492 305
492 306
492 307
492 308
492 309
492 310
492 311
492 312
492 313
492 314
492 315
492 316
492 317
492 318
492 319
492 320
492 321
492 322
492 323
492 324
492 325
492 326
492 327
492 328
492 329
492 330
492 331
492 332
492 333
492 334
492 335
492 336
492 337
492 338
492 339
492 340
492 341
492 342
492 343
492 344
492 345
492 346
492 347
492 348
492 349
492 350
492 351
492 352
492 353
492 354
492 355
492 356
492 357
492 358
492 359
492 360
492 361
492 362
492 363
492 364
492 365
492 366
492 367
492 368
492 369
492 370
492 371
492 372
492 373
492 374
492 375
492 376
492 377
492 378
492 379
492 380
492 381
492 382
492 383
492 384
492 385
492 386
492 387
492 388
492 389
492 390
492 391
492 392
492 393
492 394
492 395
492 396
492 397
492 398
492 399
492 400
492 401
492 402
492 403
492 404
492 405
492 406
492 407
492 408
492 409
492 410
492 411
492 412
492 413
492 414
492 415
492 416
492 417
492 418
492 419
492 420
492 421
492 422
492 423
492 424
492 425
492 426
492 427
492 428
492 429
492 430
492 431
492 432
492 433
492 434
492 435
492 436
492 437
492 438
492 439
492 440
492 441
492 442
492 443
492 444
492 445
492 446
492 447
492 448
492 449
492 450
492 451
492 452
492 453
492 454
492 455
492 456
492 457
492 458
492 459
492 460
492 461
492 462
492 463
492 464
492 465
492 466
492 467
492 468
492 469
492 470
492 471
492 472
492 473
492 474
492 475
492 476
492 477
492 478
492 479
492 480
492 481
492 482
492 483
492 484
492 485
492 486
492 487
492 488
492 489
492 490
492 491
492 492
492 493
492 494
492 495
492 496
492 497
492 498
492 499
492 500
492 501
492 502
492 503
492 504
492 505
492 506
492 507
492 508
492 509
492 510
492 511
492 512
492 513
492 514
492 515
492 516
492 517
492 518
492 519
492 520
492 521
492 522
493 523
493 524
494 525
495 525
496 526
497 526
498 526
499 526
500 526
501 525
502 525
503 524
504 523
505 523
506 522
507 521
508 520
509 520
510 520
511 520
512 521
513 521
514 522
515 522
516 523
517 523
518 524
519 524
520 525
521 525
522 526
523 526
524 526
525 527
526 527
527 528
528 528
529 528
530 528
531 529
532 529
533 529
534 529
535 530
536 530
537 530
538 530
539 530
540 530
541 530
542 530
543 530
544 530
545 531
546 531
547 531
548 531
549 531
550 531
551 531
552 531
553 531
554 531
555 531
556 531
557 531
558 531
559 531
560 530
561 530
562 530
563 530
564 530
565 530
566 530
567 530
568 530
569 529
570 529
571 529
572 529
573 529
574 528
575 528
576 528
577 528
578 527
579 527
580 527
581 526
582 526
583 526
584 525
585 525
586 525
587 524
588 524
589 523
590 523
591 523
592 522
593 522
594 521
595 521
596 520
597 520
598 519
599 519
600 518
601 517
602 517
603 516
604 516
605 515
606 514
607 514
608 513
609 512
610 512
611 511
612 510
613 510
614 509
615 508
616 507
617 507
618 506
619 505
620 504
621 503
622 502
623 501
624 501
625 500
626 499
627 498
628 497
629 496
630 495
631 494
632 493
633 492
634 491
634 490
635 489
636 488
637 487
638 486
639 485
640 484
640 483
641 482
642 481
643 480
644 479
644 478
645 477
646 476
647 475
647 474
648 473
649 472
649 471
650 470
651 469
651 468
652 467
653 466
653 465
654 464
655 463
655 462
656 461
656 460
657 459
657 458
658 457
659 456
659 455
660 454
660 453
661 452
661 451
662 450
662 449
663 448
663 447
664 446
664 445
665 444
665 443
666 442
666 441
666 440
667 439
667 438
668 437
668 436
669 435
669 434
669 433
670 432
670 431
670 430
671 429
671 428
671 427
672 426
672 425
672 424
673 423
673 422
673 421
674 420
674 419
674 418
675 417
675 416
675 415
675 414
675 413
676 412
676 411
676 410
676 409
676 408
677 407
677 406
677 405
678 404
677 403
677 402
677 401
677 400
677 399
677 398
676 397
676 396
676 395
676 394
676 393
675 392
675 391
675 390
675 389
674 388
674 387
674 386
674 385
673 384
673 383
673 382
672 381
672 380
672 379
671 378
671 377
671 376
670 375
670 374
670 373
669 372
669 371
668 370
668 369
668 368
667 367
667 366
666 365
666 364
665 363
665 362
664 361
664 360
664 359
663 358
663 357
662 356
662 355
661 354
660 353
660 352
659 351
659 350
658 349
658 348
657 347
657 346
656 345
655 344
655 343
654 342
654 341
653 340
652 339
652 338
651 337
650 336
650 335
649 334
648 333
648 332
647 331
646 330
645 329
645 328
644 327
643 326
642 325
642 324
641 323
640 322
639 321
638 320
638 319
637 318
636 317
635 316
634 315
633 314
632 313
631 312
630 311
629 310
628 309
627 308
626 307
625 306
624 305
623 304
622 303
621 302
620 301
619 300
618 300
617 299
616 298
615 297
614 296
613 296
612 295
611 294
610 294
609 293
608 292
607 292
606 291
605 290
604 290
603 289
602 288
601 288
600 287
599 287
598 286
597 286
596 285
595 285
594 284
593 284
592 283
591 283
590 282
589 282
588 282
587 281
586 281
585 280
584 280
583 280
582 279
581 279
580 279
579 278
578 278
577 278
576 278
575 277
574 277
573 277
572 277
571 276
570 276
569 276
568 276
567 276
566 276
565 275
564 275
563 275
562 275
561 275
560 275
559 275
558 275
557 275
556 275
555 275
554 275
553 275
552 275
551 275
550 275
549 275
548 275
547 275
546 275
545 275
544 275
543 275
542 275
541 275
540 275
539 275
538 275
