582 323
581 324
580 324
579 324
578 325
577 325
576 325
575 326
574 326
573 326
572 327
571 327
570 328
569 328
568 329
567 329
566 330
565 330
564 331
563 332
562 332
561 333
560 333
559 334
558 335
557 335
556 336
555 337
554 337
553 338
552 339
551 339
550 340
549 341
548 341
547 342
546 343
545 344
544 344
543 345
542 345
541 346
540 346
539 346
538 345
537 344
537 343
536 342
535 342
534 341
533 341
532 340
532 339
531 339
530 338
529 338
528 338
527 337
526 336
525 336
524 336
523 335
522 334
522 333
521 333
520 332
519 332
518 331
517 330
516 330
515 330
514 329
513 328
512 327
511 327
510 327
509 326
508 325
507 324
506 324
505 324
504 324
503 325
502 325
502 326
501 327
501 328
501 329
501 330
501 331
501 332
501 333
501 334
501 335
501 336
501 337
501 338
501 339
501 340
501 341
501 342
501 343
501 344
501 345
501 346
501 347
501 348
501 349
501 350
501 351
501 352
501 353
501 354
501 355
501 356
501 357
501 358
501 359
501 360
501 361
501 362
501 363
501 364
501 365
501 366
501 367
501 368
501 369
501 370
501 371
501 372
501 373
501 374
501 375
501 376
501 377
501 378
501 379
501 380
501 381
501 382
501 383
501 384
501 385
501 386
501 387
501 388
501 389
501 390
501 391
501 392
501 393
501 394
501 395
501 396
501 397
501 398
501 399
501 400
501 401
501 402
501 403
501 404
501 405
501 406
501 407
501 408
501 409
501 410
501 411
501 412
501 413
501 414
501 415
501 416
501 417
501 418
501 419
501 420
501 421
501 422
501 423
501 424
501 425
501 426
501 427
501 428
501 429
501 430
501 431
501 432
501 433
501 434
501 435
501 436
501 437
501 438
501 439
501 440
501 441
501 442
501 443
501 444
501 445
501 446
501 447
501 448
501 449
501 450
501 451
501 452
501 453
501 454
501 455
501 456
501 457
501 458
501 459
501 460
501 461
501 462
502 463
502 464
503 464
504 465
505 465
506 465
507 465
508 464
509 463
510 462
511 462
512 462
513 461
514 460
515 459
516 459
517 458
518 458
519 457
520 456
521 456
522 456
522 455
523 454
524 453
525 453
526 453
527 452
528 451
529 451
530 451
531 450
532 449
533 448
534 448
535 447
536 447
537 446
537 445
538 444
539 443
540 443
541 443
542 444
543 444
544 445
545 445
546 446
547 447
548 448
549 448
550 449
551 450
552 450
553 451
554 452
555 452
556 453
557 454
558 454
559 455
560 456
561 456
562 457
563 457
564 458
565 459
566 459
567 460
568 460
569 461
570 461
571 462
572 462
573 462
574 463
575 463
576 464
577 464
578 464
579 465
580 465
581 465
582 466
583 466
584 466
585 466
586 466
587 466
588 466
589 466
590 466
591 466
592 466
593 466
594 465
595 465
596 464
597 463
598 462
599 462
600 461
601 460
602 459
603 458
604 457
605 456
606 455
607 454
608 453
609 452
609 451
610 450
611 449
612 448
612 447
613 446
614 445
615 444
615 443
616 442
617 441
617 440
618 439
619 438
619 437
620 436
621 435
621 434
622 433
623 432
623 431
624 430
624 429
625 428
625 427
625 426
626 425
626 424
627 423
627 422
627 421
628 420
628 419
628 418
628 417
629 416
629 415
629 414
629 413
629 412
630 411
630 410
630 409
630 408
630 407
630 406
630 405
631 404
631 403
631 402
631 401
631 400
631 399
631 398
631 397
631 396
631 395
631 394
631 393
631 392
631 391
631 390
631 389
631 388
631 387
631 386
631 385
630 384
630 383
630 382
630 381
630 380
630 379
630 378
629 377
629 376
629 375
629 374
629 373
628 372
628 371
628 370
628 369
627 368
627 367
627 366
626 365
626 364
625 363
625 362
625 361
624 360
624 359
623 358
623 357
622 356
621 355
621 354
620 353
619 352
619 351
618 350
617 349
617 348
616 347
615 346
615 345
614 344
613 343
612 342
612 341
611 340
610 339
609 338
608 337
608 336
607 335
606 334
605 333
604 332
603 331
602 330
601 329
600 328
599 327
598 326
597 326
596 325
595 324
594 324
593 323
592 323
591 323
590 323
589 323
588 323
587 323
586 323
585 323
584 323
583 323
582 323
