558 270
557 271
556 271
555 271
554 272
553 272
552 273
551 273
550 273
549 274
548 274
547 275
546 275
545 276
544 276
543 277
542 277
541 278
540 279
539 279
538 280
537 280
536 281
535 281
534 282
533 283
532 283
531 284
530 285
529 285
528 286
527 287
526 287
525 288
524 289
523 289
522 290
521 291
520 291
519 292
518 293
517 293
516 294
515 295
514 295
513 296
512 297
511 297
510 298
509 299
508 299
507 300
506 300
505 299
505 298
504 297
503 296
502 296
501 296
500 296
499 296
498 296
497 297
496 298
495 299
495 300
494 301
494 302
494 303
494 304
494 305
494 306
494 307
494 308
494 309
494 310
494 311
494 312
494 313
494 314
494 315
494 316
494 317
494 318
494 319
494 320
494 321
494 322
494 323
494 324
494 325
494 326
494 327
494 328
494 329
494 330
494 331
494 332
494 333
494 334
494 335
494 336
494 337
494 338
494 339
494 340
494 341
494 342
494 343
494 344
494 345
494 346
494 347
494 348
494 349
494 350
494 351
494 352
494 353
494 354
494 355
494 356
494 357
494 358
494 359
494 360
494 361
494 362
494 363
494 364
494 365
494 366
494 367
494 368
494 369
494 370
494 371
494 372
494 373
494 374
494 375
494 376
494 377
494 378
494 379
494 380
494 381
494 382
494 383
494 384
494 385
494 386
494 387
494 388
494 389
494 390
494 391
494 392
494 393
494 394
494 395
494 396
494 397
494 398
494 399
494 400
494 401
494 402
494 403
494 404
494 405
494 406
494 407
494 408
494 409
494 410
494 411
494 412
494 413
494 414
494 415
494 416
494 417
494 418
494 419
494 420
494 421
494 422
494 423
494 424
494 425
494 426
494 427
494 428
494 429
494 430
494 431
494 432
494 433
494 434
494 435
494 436
494 437
494 438
494 439
494 440
494 441
494 442
494 443
494 444
494 445
494 446
494 447
494 448
494 449
494 450
494 451
494 452
494 453
494 454
494 455
494 456
494 457
494 458
494 459
494 460
494 461
494 462
494 463
494 464
494 465
494 466
494 467
494 468
494 469
494 470
494 471
494 472
494 473
494 474
494 475
494 476
494 477
494 478
494 479
494 480
494 481
494 482
494 483
494 484
494 485
494 486
494 487
494 488
494 489
494 490
494 491
494 492
494 493
494 494
494 495
494 496
494 497
494 498
494 499
494 500
494 501
494 502
494 503
494 504
494 505
494 506
494 507
494 508
494 509
494 510
494 511
494 512
495 513
495 514
496 515
497 516
498 516
499 517
500 517
501 517
502 517
503 517
504 516
505 515
505 514
506 513
507 513
508 513
509 514
510 515
511 515
512 516
513 517
514 517
515 518
516 519
517 519
518 520
519 521
520 521
521 522
522 523
523 524
524 524
525 525
526 526
527 526
528 527
529 528
530 528
531 529
532 529
533 530
534 531
535 531
536 532
537 532
538 533
539 534
540 534
541 535
542 535
543 536
544 536
545 537
546 537
547 538
548 538
549 539
550 539
551 540
552 540
553 541
554 541
555 541
556 542
557 542
558 542
559 543
560 543
561 543
562 542
563 542
564 541
565 540
566 539
567 538
568 537
569 536
570 535
571 534
572 533
572 532
573 531
574 530
575 529
575 528
576 527
577 526
578 525
578 524
579 523
580 522
580 521
581 520
582 519
582 518
583 517
583 516
584 515
585 514
585 513
586 512
586 511
587 510
588 509
588 508
589 507
589 506
590 505
590 504
591 503
591 502
592 501
593 500
593 499
594 498
594 497
595 496
595 495
596 494
596 493
597 492
597 491
597 490
598 489
598 488
599 487
599 486
600 485
600 484
601 483
601 482
602 481
602 480
602 479
603 478
603 477
604 476
604 475
605 474
605 473
605 472
606 471
606 470
607 469
607 468
607 467
608 466
608 465
608 464
609 463
609 462
610 461
610 460
610 459
611 458
611 457
611 456
612 455
612 454
612 453
613 452
613 451
613 450
614 449
614 448
614 447
614 446
615 445
615 444
615 443
616 442
616 441
616 440
616 439
617 438
617 437
617 436
617 435
618 434
618 433
618 432
618 431
618 430
619 429
619 428
619 427
619 426
619 425
620 424
620 423
620 422
620 421
620 420
620 419
620 418
621 417
621 416
621 415
621 414
621 413
621 412
621 411
621 410
621 409
621 408
622 407
622 406
622 405
621 404
621 403
621 402
621 401
621 400
621 399
621 398
621 397
621 396
621 395
620 394
620 393
620 392
620 391
620 390
620 389
619 388
619 387
619 386
619 385
619 384
619 383
618 382
618 381
618 380
618 379
617 378
617 377
617 376
617 375
616 374
616 373
616 372
616 371
615 370
615 369
615 368
614 367
614 366
614 365
614 364
613 363
613 362
613 361
612 360
612 359
612 358
611 357
611 356
611 355
610 354
610 353
610 352
609 351
609 350
609 349
608 348
608 347
607 346
607 345
607 344
606 343
606 342
605 341
605 340
605 339
604 338
604 337
603 336
603 335
603 334
602 333
602 332
601 331
601 330
600 329
600 328
599 327
599 326
599 325
598 324
598 323
597 322
597 321
596 320
596 319
595 318
595 317
594 316
594 315
593 314
593 313
592 312
592 311
591 310
590 309
590 308
589 307
589 306
588 305
588 304
587 303
587 302
586 301
585 300
585 299
584 298
584 297
583 296
582 295
582 294
581 293
580 292
580 291
579 290
578 289
578 288
577 287
576 286
576 285
575 284
574 283
573 282
573 281
572 280
571 279
570 278
569 277
568 276
567 275
566 274
566 273
565 273
564 272
563 271
562 270
561 270
560 270
559 270
558 270
