584 313
583 314
582 314
581 314
580 315
579 316
578 316
577 317
576 317
575 318
574 318
573 319
572 320
571 320
570 321
569 322
568 322
567 323
566 324
565 324
564 325
563 326
562 327
561 328
560 328
559 329
558 330
557 331
556 332
555 333
554 333
553 334
552 335
551 336
550 337
549 338
548 339
547 340
546 340
545 340
544 340
543 339
542 338
541 337
540 337
539 336
538 335
537 335
536 335
535 334
534 334
533 333
532 333
531 332
530 332
529 331
528 331
527 330
527 329
526 329
525 328
524 328
523 328
522 328
521 327
520 326
519 326
518 326
517 326
516 326
515 325
514 324
513 324
512 324
511 325
510 324
509 324
508 323
507 323
506 323
505 323
504 323
503 324
502 324
501 325
500 326
500 327
500 328
500 329
500 330
500 331
500 332
500 333
500 334
500 335
500 336
500 337
500 338
500 339
500 340
500 341
500 342
500 343
500 344
500 345
500 346
500 347
500 348
500 349
500 350
500 351
500 352
500 353
500 354
500 355
500 356
500 357
500 358
500 359
500 360
500 361
500 362
500 363
500 364
500 365
500 366
500 367
500 368
500 369
500 370
500 371
500 372
500 373
500 374
500 375
500 376
500 377
500 378
500 379
500 380
500 381
500 382
500 383
500 384
500 385
500 386
500 387
500 388
500 389
500 390
500 391
500 392
500 393
500 394
500 395
500 396
500 397
500 398
500 399
500 400
500 401
500 402
500 403
500 404
500 405
500 406
500 407
500 408
500 409
500 410
500 411
500 412
500 413
500 414
500 415
500 416
500 417
500 418
500 419
500 420
500 421
500 422
500 423
500 424
500 425
500 426
500 427
500 428
500 429
500 430
500 431
500 432
500 433
500 434
500 435
500 436
500 437
500 438
500 439
500 440
500 441
500 442
500 443
500 444
500 445
500 446
500 447
500 448
500 449
500 450
500 451
500 452
500 453
500 454
500 455
500 456
500 457
500 458
500 459
500 460
500 461
500 462
500 463
500 464
501 465
502 466
503 466
504 467
505 467
506 467
507 467
508 466
509 466
510 465
511 465
512 465
513 466
514 465
515 465
516 464
517 464
518 464
519 464
520 464
521 463
522 462
523 462
524 462
525 462
526 461
527 460
528 459
529 459
530 458
531 457
532 457
533 457
534 456
535 455
536 455
537 455
538 455
539 454
540 453
541 452
542 452
543 451
544 450
545 450
546 449
547 450
548 451
549 452
550 453
551 454
552 455
553 456
554 456
555 457
556 458
557 459
558 460
559 461
560 462
561 462
562 463
563 464
564 465
565 465
566 466
567 467
568 468
569 468
570 469
571 470
572 470
573 471
574 471
575 472
576 473
577 473
578 474
579 474
580 475
581 475
582 476
583 476
584 477
585 477
586 477
587 477
588 476
589 475
590 475
591 474
592 473
593 472
594 471
595 470
596 469
597 468
598 467
599 466
600 465
601 464
602 463
603 462
603 461
604 460
605 459
606 458
606 457
607 456
608 455
608 454
609 453
609 452
610 451
611 450
611 449
612 448
612 447
612 446
613 445
613 444
614 443
614 442
615 441
615 440
615 439
616 438
616 437
616 436
617 435
617 434
617 433
617 432
618 431
618 430
618 429
618 428
618 427
619 426
619 425
619 424
619 423
619 422
619 421
620 420
620 419
620 418
620 417
620 416
620 415
620 414
620 413
620 412
621 411
621 410
621 409
621 408
621 407
621 406
621 405
621 404
621 403
621 402
621 401
621 400
621 399
621 398
621 397
621 396
621 395
621 394
621 393
621 392
621 391
621 390
621 389
621 388
621 387
621 386
621 385
621 384
621 383
621 382
621 381
621 380
621 379
620 378
620 377
620 376
620 375
620 374
620 373
620 372
620 371
620 370
619 369
619 368
619 367
619 366
619 365
619 364
618 363
618 362
618 361
618 360
618 359
617 358
617 357
617 356
617 355
616 354
616 353
616 352
615 351
615 350
615 349
614 348
614 347
613 346
613 345
613 344
612 343
612 342
611 341
611 340
610 339
610 338
609 337
608 336
608 335
607 334
606 333
606 332
605 331
604 330
603 329
603 328
602 327
601 326
600 325
599 324
598 323
597 322
596 321
595 320
594 319
593 318
592 317
591 316
590 315
589 314
588 314
587 313
586 313
585 313
584 313
