566 310
565 311
564 311
563 311
562 311
561 311
560 311
559 311
558 312
557 312
556 312
555 312
554 312
553 313
552 313
551 313
550 314
549 314
548 314
547 314
546 315
545 315
544 315
543 316
542 316
541 316
540 317
539 317
538 317
537 318
536 318
535 318
534 319
533 319
532 319
531 320
530 320
529 320
528 321
527 321
526 322
525 322
524 322
523 323
522 323
521 324
520 324
519 324
518 325
517 325
516 326
515 326
514 327
513 327
512 328
511 328
510 329
509 329
508 330
507 330
506 331
505 331
504 332
503 332
502 333
501 333
500 334
499 335
498 335
497 336
496 337
495 337
494 338
493 339
492 339
491 340
490 341
489 341
488 342
487 343
486 344
485 345
484 346
483 346
482 347
481 348
480 349
479 350
478 350
477 351
476 350
475 350
474 349
473 349
472 348
471 348
470 347
469 347
468 347
467 347
466 348
465 348
465 349
464 350
464 351
463 352
463 353
463 354
463 355
463 356
463 357
463 358
463 359
463 360
463 361
463 362
463 363
463 364
463 365
463 366
463 367
463 368
463 369
463 370
463 371
463 372
463 373
463 374
463 375
463 376
463 377
463 378
463 379
463 380
463 381
463 382
463 383
463 384
463 385
463 386
463 387
463 388
463 389
463 390
463 391
463 392
463 393
463 394
463 395
463 396
463 397
463 398
463 399
463 400
463 401
463 402
463 403
463 404
463 405
462 406
462 407
462 408
462 409
462 410
463 411
463 412
463 413
463 414
463 415
463 416
463 417
463 418
463 419
463 420
463 421
463 422
463 423
463 424
463 425
463 426
463 427
463 428
463 429
463 430
463 431
463 432
463 433
463 434
463 435
463 436
463 437
463 438
463 439
463 440
463 441
463 442
463 443
463 444
463 445
463 446
463 447
463 448
463 449
463 450
463 451
463 452
463 453
463 454
463 455
463 456
463 457
463 458
463 459
463 460
463 461
463 462
463 463
464 464
464 465
464 466
465 467
466 468
467 469
468 469
469 469
470 468
471 468
472 468
473 467
474 466
475 466
476 465
477 465
478 465
479 466
480 466
481 467
482 468
483 469
484 470
485 471
486 472
487 473
488 473
489 474
490 475
491 476
492 476
493 477
494 478
495 478
496 479
497 480
498 480
499 481
500 482
501 482
502 483
503 483
504 484
505 484
506 485
507 485
508 486
509 486
510 487
511 487
512 488
513 488
514 489
515 489
516 490
517 490
518 491
519 491
520 492
521 492
522 492
523 493
524 493
525 494
526 494
527 494
528 495
529 495
530 496
531 496
532 496
533 497
534 497
535 497
536 498
537 498
538 498
539 499
540 499
541 499
542 500
543 500
544 500
545 501
546 501
547 501
548 501
549 502
550 502
551 502
552 503
553 503
554 503
555 503
556 504
557 504
558 504
559 504
560 504
561 504
562 505
563 505
564 505
565 505
566 505
567 505
568 505
569 505
570 505
571 506
572 506
573 506
574 506
575 506
576 506
577 506
578 506
579 506
580 506
581 506
582 506
583 506
584 506
585 506
586 505
587 505
588 505
589 505
590 505
591 505
592 505
593 505
594 505
595 504
596 504
597 504
598 504
599 504
600 503
601 503
602 503
603 503
604 502
605 502
606 502
607 502
608 501
609 501
610 500
611 500
612 500
613 499
614 499
615 498
616 498
617 497
618 497
619 496
620 495
621 495
622 494
623 493
624 493
625 492
626 491
627 490
628 490
629 489
630 488
631 487
632 486
633 485
634 484
634 483
635 482
636 481
637 480
638 479
638 478
639 477
640 476
640 475
641 474
641 473
642 472
643 471
643 470
644 469
644 468
645 467
645 466
645 465
646 464
646 463
647 462
647 461
648 460
648 459
648 458
649 457
649 456
649 455
650 454
650 453
650 452
651 451
651 450
651 449
651 448
652 447
652 446
652 445
652 444
653 443
653 442
653 441
653 440
653 439
654 438
654 437
654 436
654 435
654 434
654 433
654 432
655 431
655 430
655 429
655 428
655 427
655 426
655 425
655 424
655 423
656 422
656 421
656 420
656 419
656 418
656 417
656 416
656 415
656 414
656 413
656 412
656 411
656 410
656 409
656 408
656 407
656 406
656 405
656 404
656 403
656 402
656 401
656 400
656 399
656 398
656 397
656 396
656 395
656 394
655 393
655 392
655 391
655 390
655 389
655 388
655 387
655 386
655 385
655 384
654 383
654 382
654 381
654 380
654 379
654 378
653 377
653 376
653 375
653 374
653 373
652 372
652 371
652 370
652 369
651 368
651 367
651 366
651 365
650 364
650 363
650 362
649 361
649 360
649 359
648 358
648 357
648 356
647 355
647 354
647 353
646 352
646 351
645 350
645 349
644 348
644 347
643 346
643 345
642 344
642 343
641 342
641 341
640 340
639 339
638 338
638 337
637 336
636 335
636 334
635 333
634 332
633 331
632 330
631 329
630 328
629 327
628 326
627 325
626 324
625 324
624 323
623 322
622 321
621 321
620 320
619 320
618 319
617 318
616 318
615 317
614 317
613 316
612 316
611 316
610 315
609 315
608 314
607 314
606 314
605 313
604 313
603 313
602 313
601 312
600 312
599 312
598 312
597 311
596 311
595 311
594 311
593 311
592 311
591 311
590 310
589 310
588 310
587 310
586 310
585 310
584 310
583 310
582 310
581 310
580 310
579 310
578 310
577 310
576 310
575 310
574 310
573 310
572 310
571 310
570 310
569 310
568 310
567 310
566 310
