542 265
541 266
540 266
539 266
538 266
537 266
536 266
535 266
534 266
533 267
532 267
531 267
530 267
529 267
528 267
527 268
526 268
525 268
524 268
523 268
522 269
521 269
520 269
519 269
518 270
517 270
516 270
515 271
514 271
513 271
512 271
511 272
510 272
509 272
508 273
507 273
506 273
505 274
504 274
503 274
502 275
501 275
500 275
499 276
498 276
497 276
496 277
495 277
494 278
493 278
492 278
491 279
490 279
489 280
488 280
487 281
486 281
485 282
484 282
483 282
482 283
481 283
480 284
479 284
478 285
477 285
476 286
475 286
474 287
473 287
472 288
471 288
470 289
469 289
468 290
467 291
466 291
465 292
464 292
463 293
462 293
461 294
460 295
459 295
458 296
457 296
456 297
455 298
454 298
453 299
452 299
451 300
450 301
449 301
448 302
447 303
446 303
445 304
444 305
443 305
442 306
441 307
440 307
439 308
438 309
437 309
436 310
435 310
434 311
433 311
432 312
431 312
430 312
429 312
428 313
427 313
426 313
425 313
424 312
423 312
422 312
421 312
420 311
419 311
418 310
417 309
416 308
415 308
414 307
413 307
412 307
411 307
410 307
409 307
408 307
407 307
406 308
405 309
404 309
403 310
402 311
401 312
400 312
399 313
398 313
397 313
396 314
395 314
394 314
393 314
392 315
392 316
392 317
392 318
392 319
392 320
392 321
392 322
392 323
392 324
392 325
392 326
392 327
392 328
392 329
392 330
392 331
392 332
392 333
392 334
392 335
392 336
392 337
392 338
392 339
392 340
392 341
392 342
392 343
392 344
392 345
392 346
392 347
392 348
392 349
392 350
392 351
392 352
392 353
392 354
392 355
392 356
392 357
392 358
392 359
392 360
392 361
392 362
392 363
392 364
392 365
392 366
392 367
392 368
392 369
392 370
392 371
392 372
392 373
392 374
392 375
392 376
392 377
392 378
392 379
392 380
392 381
392 382
392 383
392 384
392 385
392 386
392 387
392 388
392 389
392 390
392 391
392 392
392 393
392 394
392 395
392 396
392 397
392 398
392 399
392 400
392 401
391 402
391 403
391 404
391 405
391 406
392 407
392 408
392 409
392 410
392 411
392 412
392 413
392 414
392 415
392 416
392 417
392 418
392 419
392 420
392 421
392 422
392 423
392 424
392 425
392 426
392 427
392 428
392 429
392 430
392 431
392 432
392 433
392 434
392 435
392 436
392 437
392 438
392 439
392 440
392 441
392 442
392 443
392 444
392 445
392 446
392 447
392 448
392 449
392 450
392 451
392 452
392 453
392 454
392 455
392 456
392 457
392 458
392 459
392 460
392 461
392 462
392 463
392 464
392 465
392 466
392 467
392 468
392 469
392 470
392 471
392 472
392 473
392 474
392 475
392 476
392 477
392 478
392 479
392 480
392 481
392 482
392 483
392 484
392 485
392 486
392 487
392 488
392 489
392 490
392 491
392 492
393 493
394 494
395 494
396 494
397 494
398 494
399 495
400 495
401 496
402 496
403 497
404 498
405 499
406 499
407 500
408 500
409 501
410 501
411 501
412 501
413 500
414 500
415 500
416 499
417 498
418 498
419 497
420 496
421 496
422 495
423 495
424 495
425 495
426 495
427 495
428 495
429 495
430 495
431 495
432 496
433 496
434 496
435 497
436 497
437 498
438 499
439 499
440 500
441 501
442 502
443 502
444 503
445 504
446 504
447 505
448 505
449 506
450 507
451 507
452 508
453 509
454 509
455 510
456 510
457 511
458 512
459 512
460 513
461 513
462 514
463 515
464 515
465 516
466 516
467 517
468 517
469 518
470 518
471 519
472 520
473 520
474 521
475 521
476 522
477 522
478 523
479 523
480 524
481 524
482 524
483 525
484 525
485 526
486 526
487 527
488 527
489 528
490 528
491 528
492 529
493 529
494 530
495 530
496 531
497 531
498 531
499 532
500 532
501 532
502 533
503 533
504 533
505 534
506 534
507 534
508 535
509 535
510 535
511 536
512 536
513 536
514 537
515 537
516 537
517 537
518 538
519 538
520 538
521 538
522 539
523 539
524 539
525 539
526 540
527 540
528 540
529 540
530 540
531 540
532 541
533 541
534 541
535 541
536 541
537 541
538 542
539 542
540 542
541 542
542 542
543 542
544 542
545 542
546 542
547 542
548 542
549 542
550 542
551 542
552 543
553 543
554 543
555 543
556 543
557 543
558 542
559 542
560 542
561 542
562 542
563 542
564 542
565 542
566 542
567 542
568 542
569 542
570 542
571 541
572 541
573 541
574 541
575 541
576 541
577 541
578 540
579 540
580 540
581 540
582 539
583 539
584 539
585 539
586 538
587 538
588 538
589 537
590 537
591 537
592 536
593 536
594 536
595 535
596 535
597 534
598 534
599 533
600 533
601 532
602 532
603 531
604 531
605 530
606 529
607 529
608 528
609 527
610 527
611 526
612 525
613 524
614 523
615 523
616 522
617 521
618 520
619 519
620 518
621 517
622 516
623 515
623 514
624 513
625 512
626 511
626 510
627 509
628 508
629 507
629 506
630 505
631 504
631 503
632 502
632 501
633 500
633 499
634 498
635 497
635 496
636 495
636 494
637 493
637 492
637 491
638 490
638 489
639 488
639 487
640 486
640 485
640 484
641 483
641 482
642 481
642 480
642 479
643 478
643 477
643 476
644 475
644 474
644 473
645 472
645 471
645 470
645 469
646 468
646 467
646 466
647 465
647 464
647 463
647 462
648 461
648 460
648 459
648 458
648 457
649 456
649 455
649 454
649 453
649 452
650 451
650 450
650 449
650 448
650 447
650 446
651 445
651 444
651 443
651 442
651 441
651 440
651 439
651 438
651 437
651 436
652 435
652 434
652 433
652 432
652 431
652 430
652 429
652 428
652 427
652 426
652 425
652 424
652 423
652 422
652 421
652 420
652 419
652 418
652 417
652 416
652 415
652 414
652 413
652 412
652 411
652 410
652 409
652 408
652 407
652 406
653 405
653 404
653 403
653 402
652 401
652 400
652 399
652 398
652 397
652 396
652 395
652 394
652 393
652 392
652 391
652 390
652 389
652 388
652 387
652 386
652 385
652 384
652 383
652 382
652 381
652 380
652 379
652 378
652 377
652 376
652 375
652 374
652 373
652 372
651 371
651 370
651 369
651 368
651 367
651 366
651 365
651 364
651 363
650 362
650 361
650 360
650 359
650 358
650 357
650 356
649 355
649 354
649 353
649 352
649 351
648 350
648 349
648 348
648 347
648 346
647 345
647 344
647 343
646 342
646 341
646 340
646 339
645 338
645 337
645 336
644 335
644 334
644 333
644 332
643 331
643 330
642 329
642 328
642 327
641 326
641 325
641 324
640 323
640 322
639 321
639 320
639 319
638 318
638 317
637 316
637 315
636 314
636 313
635 312
635 311
634 310
634 309
633 308
633 307
632 306
631 305
631 304
630 303
630 302
629 301
628 300
628 299
627 298
626 297
625 296
625 295
624 294
623 293
622 292
621 291
620 290
619 289
618 288
617 287
616 286
615 285
614 284
613 283
612 282
611 282
610 281
609 280
608 279
607 279
606 278
605 277
604 277
603 276
602 276
601 275
600 275
599 274
598 274
597 273
596 273
595 272
594 272
593 271
592 271
591 271
590 270
589 270
588 270
587 269
586 269
585 269
584 268
583 268
582 268
581 268
580 268
579 267
578 267
577 267
576 267
575 266
574 266
573 266
572 266
571 266
570 266
569 266
568 266
567 265
566 265
565 265
564 265
563 265
562 265
561 265
560 265
559 265
558 265
557 265
556 265
555 265
554 265
553 265
552 265
551 265
550 265
549 265
548 265
547 265
546 265
545 265
544 265
543 265
542 265
