565 308
564 309
563 309
562 309
561 310
560 310
559 311
558 311
557 311
556 312
555 312
554 313
553 313
552 314
551 314
550 315
549 315
548 316
547 316
546 317
545 317
544 318
543 319
542 319
541 320
540 320
539 321
538 322
537 322
536 323
535 324
534 324
533 325
532 326
531 327
530 327
529 328
528 329
527 330
526 330
525 331
524 332
523 333
522 334
521 334
520 335
519 336
518 337
517 337
516 338
515 338
514 339
513 339
512 339
511 340
510 341
509 342
509 343
508 344
508 345
508 346
508 347
508 348
508 349
508 350
508 351
508 352
508 353
508 354
508 355
508 356
508 357
508 358
508 359
508 360
508 361
508 362
508 363
508 364
508 365
508 366
508 367
508 368
508 369
508 370
508 371
508 372
508 373
508 374
508 375
508 376
508 377
508 378
508 379
508 380
508 381
508 382
508 383
508 384
508 385
508 386
508 387
508 388
508 389
508 390
508 391
508 392
508 393
508 394
508 395
508 396
508 397
508 398
508 399
508 400
508 401
508 402
508 403
508 404
508 405
508 406
508 407
508 408
508 409
508 410
508 411
508 412
508 413
508 414
508 415
508 416
508 417
508 418
508 419
508 420
508 421
508 422
508 423
508 424
508 425
508 426
508 427
508 428
508 429
508 430
508 431
508 432
508 433
508 434
508 435
508 436
508 437
508 438
508 439
508 440
508 441
508 442
508 443
508 444
508 445
508 446
508 447
508 448
508 449
508 450
508 451
508 452
508 453
508 454
508 455
508 456
508 457
509 458
509 459
509 460
510 461
511 461
512 462
513 462
514 463
515 463
516 464
517 464
518 465
519 465
520 466
521 467
522 468
523 468
524 469
525 470
526 471
527 472
528 472
529 473
530 474
531 475
532 475
533 476
534 477
535 478
536 478
537 479
538 480
539 480
540 481
541 481
542 482
543 483
544 483
545 484
546 484
547 485
548 486
549 486
550 487
551 487
552 488
553 488
554 489
555 489
556 489
557 490
558 490
559 491
560 491
561 492
562 492
563 492
564 493
565 493
566 493
567 493
568 493
569 494
570 494
571 493
572 493
573 493
574 492
575 492
576 491
577 490
578 489
579 488
580 487
581 486
582 485
583 484
584 483
585 482
585 481
586 480
587 479
588 478
588 477
589 476
590 475
590 474
591 473
591 472
592 471
593 470
593 469
594 468
594 467
595 466
595 465
596 464
596 463
597 462
597 461
598 460
598 459
599 458
599 457
599 456
600 455
600 454
601 453
601 452
602 451
602 450
602 449
603 448
603 447
603 446
604 445
604 444
605 443
605 442
605 441
606 440
606 439
606 438
607 437
607 436
607 435
607 434
608 433
608 432
608 431
609 430
609 429
609 428
609 427
610 426
610 425
610 424
610 423
611 422
611 421
611 420
611 419
611 418
612 417
612 416
612 415
612 414
612 413
612 412
612 411
613 410
613 409
613 408
613 407
613 406
613 405
613 404
613 403
613 402
613 401
613 400
613 399
613 398
613 397
613 396
613 395
613 394
613 393
613 392
613 391
612 390
612 389
612 388
612 387
612 386
612 385
611 384
611 383
611 382
611 381
611 380
610 379
610 378
610 377
610 376
609 375
609 374
609 373
609 372
608 371
608 370
608 369
608 368
607 367
607 366
607 365
606 364
606 363
606 362
605 361
605 360
605 359
604 358
604 357
604 356
603 355
603 354
603 353
602 352
602 351
601 350
601 349
601 348
600 347
600 346
599 345
599 344
598 343
598 342
597 341
597 340
597 339
596 338
596 337
595 336
594 335
594 334
594 333
593 332
592 331
592 330
591 329
591 328
590 327
589 326
589 325
588 324
587 323
587 322
586 321
585 320
584 319
584 318
583 317
582 316
581 315
580 314
579 313
578 312
577 311
576 310
575 309
574 309
573 308
572 308
571 308
570 308
569 308
568 308
567 308
566 308
565 308
