560 298
559 299
558 299
557 299
556 299
555 300
554 300
553 301
552 301
551 301
550 302
549 302
548 302
547 303
546 303
545 304
544 304
543 305
542 305
541 306
540 306
539 307
538 307
537 308
536 308
535 309
534 309
533 310
532 310
531 311
530 311
529 312
528 312
527 313
526 314
525 314
524 315
523 315
522 316
521 317
520 317
519 318
518 319
517 319
516 320
515 321
514 320
513 319
512 319
511 318
510 318
509 317
508 317
507 317
506 318
505 318
504 319
504 320
504 321
504 322
504 323
504 324
504 325
504 326
504 327
504 328
504 329
504 330
504 331
504 332
504 333
504 334
504 335
504 336
504 337
504 338
504 339
504 340
504 341
504 342
504 343
504 344
504 345
504 346
504 347
504 348
504 349
504 350
504 351
504 352
504 353
504 354
504 355
504 356
504 357
504 358
504 359
504 360
504 361
504 362
504 363
504 364
504 365
504 366
504 367
504 368
504 369
504 370
504 371
504 372
504 373
504 374
504 375
504 376
504 377
504 378
504 379
504 380
504 381
504 382
504 383
504 384
504 385
504 386
504 387
504 388
504 389
504 390
504 391
504 392
504 393
504 394
504 395
504 396
504 397
504 398
504 399
504 400
504 401
504 402
504 403
504 404
504 405
504 406
504 407
504 408
504 409
504 410
504 411
504 412
504 413
504 414
504 415
504 416
504 417
504 418
504 419
504 420
504 421
504 422
504 423
504 424
504 425
504 426
504 427
504 428
504 429
504 430
504 431
504 432
504 433
504 434
504 435
504 436
504 437
504 438
504 439
504 440
504 441
504 442
504 443
504 444
504 445
504 446
504 447
504 448
504 449
504 450
504 451
504 452
504 453
504 454
504 455
504 456
504 457
504 458
505 459
506 460
507 460
508 460
509 460
510 460
511 459
512 459
513 458
514 457
515 457
516 457
517 458
518 459
519 459
520 460
521 461
522 461
523 462
524 462
525 463
526 464
527 464
528 465
529 465
530 466
531 466
532 467
533 467
534 468
535 469
536 469
537 470
538 470
539 471
540 471
541 471
542 472
543 472
544 473
545 473
546 474
547 474
548 475
549 475
550 475
551 476
552 476
553 477
554 477
555 477
556 478
557 478
558 478
559 478
560 479
561 479
562 479
563 479
564 479
565 479
566 479
567 479
568 479
569 478
570 477
571 477
572 476
573 475
574 474
575 473
576 472
577 471
578 470
579 469
580 468
580 467
581 466
582 465
583 464
583 463
584 462
585 461
585 460
586 459
587 458
587 457
588 456
589 455
589 454
590 453
590 452
591 451
592 450
592 449
593 448
593 447
594 446
595 445
595 444
596 443
596 442
597 441
597 440
598 439
599 438
599 437
600 436
600 435
601 434
601 433
602 432
602 431
603 430
603 429
603 428
604 427
604 426
605 425
605 424
605 423
606 422
606 421
607 420
607 419
607 418
608 417
608 416
608 415
609 414
609 413
609 412
610 411
610 410
610 409
610 408
611 407
611 406
611 405
611 404
611 403
612 402
612 401
612 400
612 399
612 398
612 397
612 396
613 395
613 394
613 393
613 392
613 391
613 390
613 389
613 388
613 387
613 386
613 385
613 384
613 383
613 382
612 381
612 380
612 379
612 378
612 377
612 376
612 375
611 374
611 373
611 372
611 371
611 370
610 369
610 368
610 367
610 366
609 365
609 364
609 363
608 362
608 361
608 360
607 359
607 358
607 357
606 356
606 355
605 354
605 353
605 352
604 351
604 350
603 349
603 348
602 347
602 346
602 345
601 344
600 343
600 342
599 341
599 340
599 339
598 338
597 337
597 336
596 335
596 334
595 333
594 332
594 331
593 330
593 329
592 328
591 327
591 326
590 325
590 324
589 323
588 322
588 321
587 320
586 319
586 318
585 317
585 316
584 315
583 314
582 313
582 312
581 311
580 310
579 309
579 308
578 307
577 306
576 305
575 304
574 303
573 302
572 301
571 300
570 300
569 299
568 299
567 298
566 298
565 298
564 298
563 298
562 298
561 298
560 298
