581 312
580 313
579 313
578 313
577 313
576 313
575 313
574 313
573 313
572 313
571 313
570 313
569 313
568 314
567 314
566 314
565 314
564 314
563 314
562 315
561 315
560 315
559 315
558 315
557 316
556 316
555 316
554 316
553 317
552 317
551 317
550 318
549 318
548 319
547 319
546 319
545 320
544 320
543 321
542 321
541 321
540 322
539 322
538 323
537 323
536 323
535 324
534 324
533 325
532 325
531 326
530 326
529 326
528 327
527 327
526 328
525 328
524 329
523 329
522 330
521 330
520 331
519 331
518 332
517 332
516 333
515 333
514 334
513 335
512 335
511 336
510 336
509 337
508 338
507 338
506 339
505 340
504 341
503 342
502 342
501 343
500 344
499 345
498 346
497 347
496 348
495 349
494 349
493 350
492 351
491 352
490 352
489 353
488 353
487 353
486 354
485 353
484 353
483 352
482 351
481 350
480 350
479 349
478 349
477 349
476 349
475 349
474 349
473 350
472 350
471 351
470 351
469 352
468 352
467 352
466 352
465 352
464 353
463 353
462 354
462 355
461 356
461 357
461 358
461 359
461 360
461 361
461 362
461 363
461 364
461 365
461 366
461 367
461 368
461 369
461 370
461 371
461 372
461 373
461 374
461 375
461 376
461 377
461 378
461 379
461 380
461 381
461 382
461 383
461 384
461 385
461 386
461 387
461 388
461 389
461 390
461 391
461 392
461 393
461 394
461 395
461 396
461 397
461 398
461 399
461 400
461 401
461 402
461 403
461 404
461 405
461 406
461 407
461 408
461 409
461 410
461 411
461 412
461 413
461 414
461 415
461 416
461 417
461 418
461 419
461 420
461 421
461 422
461 423
461 424
461 425
461 426
461 427
461 428
461 429
461 430
461 431
461 432
461 433
461 434
461 435
461 436
461 437
461 438
461 439
461 440
461 441
461 442
461 443
461 444
461 445
461 446
461 447
461 448
461 449
461 450
461 451
461 452
461 453
461 454
461 455
461 456
461 457
461 458
462 459
463 460
464 461
465 461
466 461
467 462
468 462
469 462
470 462
471 463
472 463
473 464
474 464
475 464
476 464
477 464
478 464
479 464
480 464
481 463
482 462
483 462
484 461
485 460
486 460
487 460
488 460
489 461
490 461
491 462
492 463
493 463
494 464
495 465
496 466
497 467
498 467
499 468
500 469
501 470
502 471
503 472
504 473
505 473
506 474
507 475
508 476
509 476
510 477
511 478
512 478
513 479
514 480
515 480
516 481
517 481
518 482
519 482
520 483
521 483
522 484
523 484
524 485
525 485
526 486
527 486
528 487
529 487
530 487
531 488
532 488
533 489
534 489
535 490
536 490
537 490
538 491
539 491
540 492
541 492
542 492
543 493
544 493
545 494
546 494
547 494
548 495
549 495
550 496
551 496
552 496
553 497
554 497
555 497
556 498
557 498
558 498
559 498
560 499
561 499
562 499
563 499
564 499
565 500
566 500
567 500
568 500
569 500
570 500
571 500
572 500
573 500
574 501
575 501
576 501
577 501
578 501
579 501
580 501
581 501
582 501
583 501
584 501
585 501
586 501
587 501
588 501
589 501
590 501
591 501
592 501
593 501
594 501
595 501
596 500
597 500
598 500
599 500
600 500
601 500
602 500
603 499
604 499
605 499
606 499
607 498
608 498
609 498
610 497
611 497
612 496
613 496
614 495
615 495
616 494
617 494
618 493
619 493
620 492
621 491
622 491
623 490
624 489
625 488
626 487
627 487
628 486
629 485
630 484
631 483
631 482
632 481
633 480
634 479
635 478
635 477
636 476
637 475
637 474
638 473
639 472
639 471
640 470
640 469
641 468
641 467
642 466
642 465
643 464
643 463
644 462
644 461
644 460
645 459
645 458
646 457
646 456
646 455
646 454
647 453
647 452
647 451
648 450
648 449
648 448
648 447
649 446
649 445
649 444
649 443
649 442
650 441
650 440
650 439
650 438
650 437
650 436
650 435
651 434
651 433
651 432
651 431
651 430
651 429
651 428
651 427
651 426
651 425
651 424
652 423
652 422
652 421
652 420
652 419
652 418
652 417
652 416
652 415
652 414
652 413
652 412
652 411
652 410
652 409
652 408
652 407
652 406
652 405
652 404
652 403
652 402
652 401
652 400
652 399
652 398
652 397
652 396
652 395
652 394
652 393
652 392
652 391
651 390
651 389
651 388
651 387
651 386
651 385
651 384
651 383
651 382
651 381
651 380
651 379
650 378
650 377
650 376
650 375
650 374
650 373
649 372
649 371
649 370
649 369
649 368
648 367
648 366
648 365
648 364
648 363
647 362
647 361
647 360
646 359
646 358
646 357
645 356
645 355
645 354
644 353
644 352
643 351
643 350
642 349
642 348
641 347
641 346
640 345
640 344
639 343
639 342
638 341
638 340
637 339
636 338
636 337
635 336
634 335
633 334
633 333
632 332
631 331
630 330
629 329
628 328
627 327
626 326
625 325
624 324
623 324
622 323
621 322
620 321
619 321
618 320
617 320
616 319
615 319
614 318
613 318
612 317
611 317
610 316
609 316
608 315
607 315
606 315
605 315
604 314
603 314
602 314
601 314
600 314
599 313
598 313
597 313
596 313
595 313
594 313
593 313
592 313
591 313
590 313
589 312
588 312
587 312
586 312
585 312
584 312
583 312
582 312
581 312
