572 317
571 318
570 318
569 318
568 318
567 318
566 319
565 319
564 320
563 320
562 320
561 321
560 321
559 322
558 322
557 323
556 323
555 324
554 325
553 325
552 326
551 326
550 327
549 327
548 328
547 329
546 330
545 330
544 331
543 332
542 332
541 333
540 334
539 335
538 335
537 336
536 337
535 338
534 339
533 340
532 341
531 342
530 342
529 343
528 344
527 345
527 346
526 347
525 348
524 349
523 350
522 351
521 352
520 353
519 354
519 355
518 356
517 357
516 358
515 359
515 360
514 361
513 362
512 363
512 364
511 365
510 366
509 367
508 367
507 368
506 368
505 369
504 369
503 369
502 368
501 368
500 367
499 367
498 366
497 365
496 364
495 363
494 362
493 362
492 361
491 361
490 361
489 361
488 361
488 362
487 363
487 364
487 365
487 366
487 367
487 368
487 369
487 370
487 371
487 372
487 373
487 374
487 375
487 376
487 377
487 378
487 379
487 380
487 381
487 382
487 383
487 384
487 385
487 386
487 387
487 388
487 389
487 390
487 391
487 392
487 393
487 394
487 395
487 396
487 397
487 398
487 399
487 400
487 401
487 402
487 403
487 404
487 405
487 406
487 407
487 408
487 409
487 410
487 411
487 412
487 413
487 414
487 415
487 416
487 417
487 418
487 419
487 420
487 421
487 422
487 423
487 424
487 425
487 426
487 427
487 428
487 429
487 430
487 431
487 432
487 433
487 434
487 435
487 436
487 437
487 438
487 439
487 440
487 441
487 442
487 443
487 444
487 445
487 446
487 447
487 448
487 449
487 450
488 451
489 452
490 452
491 452
492 452
493 451
494 451
495 450
496 449
497 448
498 447
499 446
500 445
501 445
502 444
503 444
504 444
505 444
506 444
507 445
508 445
509 446
510 447
511 448
512 449
513 450
513 451
514 452
515 453
516 454
516 455
517 456
518 457
519 458
520 459
520 460
521 461
522 462
523 463
524 464
525 465
526 466
527 467
528 468
529 469
530 470
531 471
532 472
533 473
534 474
535 475
536 476
537 477
538 477
539 478
540 479
541 480
542 480
543 481
544 482
545 483
546 483
547 484
548 485
549 485
550 486
551 486
552 487
553 488
554 488
555 489
556 489
557 490
558 490
559 491
560 491
561 492
562 492
563 493
564 493
565 494
566 494
567 494
568 495
569 495
570 495
571 495
572 495
573 496
574 496
575 496
576 496
577 496
578 496
579 496
580 496
581 496
582 496
583 496
584 496
585 496
586 496
587 496
588 495
589 495
590 495
591 495
592 494
593 494
594 494
595 493
596 493
597 492
598 492
599 491
600 490
601 490
602 489
603 488
604 488
605 487
606 486
607 485
608 484
609 483
610 482
611 481
612 480
613 479
614 478
614 477
615 476
616 475
617 474
617 473
618 472
619 471
619 470
620 469
621 468
621 467
622 466
622 465
623 464
624 463
624 462
625 461
625 460
626 459
626 458
627 457
627 456
627 455
628 454
628 453
629 452
629 451
629 450
630 449
630 448
630 447
631 446
631 445
631 444
632 443
632 442
632 441
632 440
633 439
633 438
633 437
633 436
634 435
634 434
634 433
634 432
634 431
635 430
635 429
635 428
635 427
635 426
635 425
636 424
636 423
636 422
636 421
636 420
636 419
636 418
636 417
636 416
637 415
637 414
637 413
637 412
637 411
637 410
637 409
637 408
637 407
637 406
637 405
637 404
637 403
637 402
637 401
637 400
637 399
637 398
637 397
636 396
636 395
636 394
636 393
636 392
636 391
636 390
636 389
635 388
635 387
635 386
635 385
635 384
635 383
634 382
634 381
634 380
634 379
634 378
633 377
633 376
633 375
633 374
632 373
632 372
632 371
632 370
631 369
631 368
631 367
630 366
630 365
630 364
630 363
629 362
629 361
628 360
628 359
628 358
627 357
627 356
626 355
626 354
625 353
625 352
624 351
624 350
623 349
622 348
622 347
621 346
621 345
620 344
619 343
619 342
618 341
617 340
617 339
616 338
615 337
615 336
614 335
613 334
612 333
611 332
610 331
609 330
609 329
608 328
607 328
606 327
605 326
604 325
603 324
602 324
601 323
600 322
599 322
598 321
597 321
596 320
595 320
594 319
593 319
592 318
591 318
590 318
589 318
588 317
587 317
586 317
585 317
584 317
583 317
582 317
581 317
580 317
579 317
578 317
577 317
576 317
575 317
574 317
573 317
572 317
