473 234
472 235
471 235
470 236
469 237
468 238
468 239
468 240
468 241
468 242
468 243
468 244
468 245
468 246
468 247
468 248
468 249
468 250
468 251
468 252
468 253
468 254
468 255
468 256
468 257
468 258
468 259
468 260
468 261
468 262
468 263
468 264
468 265
468 266
468 267
468 268
468 269
468 270
468 271
468 272
468 273
468 274
468 275
468 276
468 277
468 278
468 279
468 280
468 281
468 282
468 283
468 284
468 285
468 286
468 287
468 288
468 289
468 290
468 291
468 292
468 293
468 294
468 295
468 296
468 297
468 298
468 299
468 300
468 301
468 302
468 303
468 304
468 305
468 306
468 307
468 308
468 309
468 310
468 311
468 312
468 313
468 314
468 315
468 316
468 317
468 318
468 319
468 320
468 321
468 322
468 323
468 324
468 325
468 326
468 327
468 328
468 329
468 330
468 331
468 332
468 333
468 334
468 335
468 336
468 337
468 338
468 339
468 340
468 341
468 342
468 343
468 344
468 345
468 346
468 347
468 348
468 349
468 350
468 351
468 352
468 353
468 354
468 355
468 356
468 357
468 358
468 359
468 360
468 361
468 362
468 363
468 364
468 365
468 366
468 367
468 368
468 369
468 370
468 371
468 372
468 373
468 374
468 375
468 376
468 377
468 378
468 379
468 380
468 381
468 382
468 383
468 384
468 385
468 386
468 387
468 388
468 389
468 390
468 391
468 392
468 393
468 394
468 395
468 396
468 397
468 398
468 399
468 400
468 401
468 402
468 403
468 404
468 405
468 406
468 407
468 408
468 409
468 410
468 411
468 412
468 413
468 414
468 415
468 416
468 417
468 418
468 419
468 420
468 421
468 422
468 423
468 424
468 425
468 426
468 427
468 428
468 429
468 430
468 431
468 432
468 433
468 434
468 435
468 436
468 437
468 438
468 439
468 440
468 441
468 442
468 443
468 444
468 445
468 446
468 447
468 448
468 449
468 450
468 451
468 452
468 453
468 454
468 455
468 456
468 457
468 458
468 459
468 460
468 461
468 462
468 463
468 464
468 465
468 466
468 467
468 468
468 469
468 470
468 471
468 472
468 473
468 474
468 475
468 476
468 477
468 478
468 479
468 480
468 481
468 482
468 483
468 484
468 485
468 486
468 487
468 488
468 489
468 490
468 491
468 492
468 493
468 494
468 495
468 496
468 497
468 498
468 499
468 500
468 501
468 502
468 503
468 504
468 505
468 506
468 507
468 508
468 509
468 510
468 511
468 512
468 513
468 514
468 515
468 516
468 517
468 518
468 519
468 520
468 521
468 522
468 523
468 524
468 525
468 526
468 527
468 528
468 529
468 530
468 531
469 532
470 533
471 534
472 534
473 535
474 535
475 535
476 535
477 535
478 535
479 535
480 535
481 535
482 535
483 535
484 535
485 535
486 534
487 534
488 534
489 534
490 534
491 534
492 534
493 534
494 534
495 534
496 534
497 534
498 534
499 533
500 533
501 533
502 533
503 533
504 533
505 533
506 533
507 532
508 532
509 532
510 532
511 532
512 532
513 531
514 531
515 531
516 531
517 531
518 530
519 530
520 530
521 530
522 529
523 529
524 529
525 529
526 528
527 528
528 528
529 528
530 527
531 527
532 527
533 526
534 526
535 526
536 525
537 525
538 525
539 524
540 524
541 524
542 523
543 523
544 523
545 522
546 522
547 521
548 521
549 520
550 520
551 520
552 519
553 519
554 518
555 518
556 517
557 517
558 516
559 516
560 515
561 515
562 514
563 514
564 513
565 512
566 512
567 511
568 511
569 510
570 509
571 509
572 508
573 507
574 507
575 506
576 505
577 505
578 504
579 503
580 502
581 502
582 501
583 500
584 499
585 498
586 498
587 497
588 496
589 495
590 494
591 493
592 492
593 491
594 490
595 489
596 488
597 487
598 486
599 485
600 484
601 483
602 482
603 481
604 480
604 479
605 478
606 477
607 476
608 475
608 474
609 473
610 472
611 471
611 470
612 469
613 468
613 467
614 466
615 465
615 464
616 463
617 462
617 461
618 460
619 459
619 458
620 457
620 456
621 455
621 454
622 453
622 452
623 451
623 450
624 449
624 448
625 447
625 446
626 445
626 444
627 443
627 442
628 441
628 440
629 439
629 438
629 437
630 436
630 435
631 434
631 433
631 432
632 431
632 430
632 429
633 428
633 427
634 426
634 425
634 424
634 423
635 422
635 421
635 420
636 419
636 418
636 417
636 416
637 415
637 414
637 413
637 412
638 411
638 410
638 409
638 408
638 407
639 406
639 405
639 404
639 403
639 402
639 401
640 400
640 399
640 398
640 397
640 396
640 395
640 394
640 393
640 392
641 391
641 390
641 389
641 388
641 387
641 386
641 385
641 384
641 383
641 382
641 381
641 380
641 379
641 378
640 377
640 376
640 375
640 374
640 373
640 372
640 371
640 370
640 369
639 368
639 367
639 366
639 365
639 364
639 363
638 362
638 361
638 360
638 359
638 358
637 357
637 356
637 355
637 354
636 353
636 352
636 351
636 350
635 349
635 348
635 347
634 346
634 345
634 344
633 343
633 342
633 341
632 340
632 339
632 338
631 337
631 336
631 335
630 334
630 333
629 332
629 331
629 330
628 329
628 328
627 327
627 326
626 325
626 324
625 323
625 322
624 321
624 320
623 319
623 318
622 317
622 316
621 315
621 314
620 313
620 312
619 311
619 310
618 309
617 308
617 307
616 306
615 305
615 304
614 303
613 302
613 301
612 300
611 299
611 298
610 297
609 296
608 295
608 294
607 293
606 292
605 291
604 290
604 289
603 288
602 287
601 286
600 285
599 284
598 283
597 282
596 281
595 280
594 279
593 278
592 277
591 276
590 275
589 274
588 273
587 272
586 271
585 271
584 270
583 269
582 268
581 267
580 267
579 266
578 265
577 264
576 264
575 263
574 262
573 262
572 261
571 260
570 260
569 259
568 258
567 258
566 257
565 257
564 256
563 255
562 255
561 254
560 254
559 253
558 253
557 252
556 252
555 251
554 251
553 250
552 250
551 249
550 249
549 249
548 248
547 248
546 247
545 247
544 246
543 246
542 246
541 245
540 245
539 245
538 244
537 244
536 244
535 243
534 243
533 243
532 242
531 242
530 242
529 241
528 241
527 241
526 241
525 240
524 240
523 240
522 240
521 239
520 239
519 239
518 239
517 238
516 238
515 238
514 238
513 238
512 237
511 237
510 237
509 237
508 237
507 237
506 236
505 236
504 236
503 236
502 236
501 236
500 236
499 236
498 235
497 235
496 235
495 235
494 235
493 235
492 235
491 235
490 235
489 235
488 235
487 235
486 234
485 234
484 234
483 234
482 234
481 234
480 234
479 234
478 234
477 234
476 234
475 234
474 234
473 234
