563 353
562 354
561 354
560 354
559 355
558 355
557 356
556 357
555 357
554 358
553 359
552 359
551 360
550 361
549 362
548 362
547 363
546 364
545 365
544 366
543 366
542 367
541 368
540 369
539 370
538 370
537 371
536 372
535 373
534 373
533 372
532 371
531 371
530 370
529 369
528 368
527 368
526 367
525 366
524 365
523 365
522 365
521 365
520 366
520 367
520 368
520 369
520 370
520 371
520 372
520 373
520 374
520 375
520 376
520 377
520 378
520 379
520 380
520 381
520 382
520 383
520 384
520 385
520 386
520 387
520 388
520 389
520 390
520 391
520 392
520 393
520 394
520 395
520 396
520 397
520 398
520 399
520 400
520 401
520 402
520 403
520 404
520 405
520 406
520 407
520 408
520 409
520 410
520 411
521 412
522 412
523 412
524 412
525 411
526 410
527 409
528 409
529 408
530 407
531 406
532 406
533 405
534 404
535 404
536 405
537 406
538 407
539 407
540 408
541 409
542 410
543 411
544 411
545 412
546 413
547 414
548 415
549 415
550 416
551 417
552 418
553 418
554 419
555 420
556 420
557 421
558 422
559 422
560 423
561 423
562 423
563 424
564 424
565 424
566 424
567 424
568 424
569 424
570 424
571 424
572 423
573 423
574 423
575 422
576 422
577 422
578 421
579 421
580 420
581 420
582 419
583 418
584 418
585 417
586 416
587 416
588 415
589 414
590 413
591 412
592 411
592 410
593 409
594 408
595 407
595 406
596 405
597 404
597 403
598 402
598 401
598 400
599 399
599 398
600 397
600 396
600 395
600 394
600 393
601 392
601 391
601 390
601 389
601 388
601 387
601 386
601 385
600 384
600 383
600 382
600 381
600 380
599 379
599 378
598 377
598 376
598 375
597 374
597 373
596 372
595 371
595 370
594 369
593 368
592 367
592 366
591 365
590 364
589 363
588 362
587 362
586 361
585 360
584 359
583 359
582 358
581 357
580 357
579 356
578 356
577 355
576 355
575 355
574 354
573 354
572 354
571 353
570 353
569 353
568 353
567 353
566 353
565 353
564 353
563 353
