583 314
582 315
581 315
580 315
579 315
578 315
577 315
576 316
575 316
574 316
573 316
572 317
571 317
570 317
569 318
568 318
567 319
566 319
565 320
564 320
563 321
562 321
561 322
560 322
559 323
558 323
557 324
556 325
555 325
554 326
553 327
552 328
551 328
550 329
549 330
548 331
547 332
546 333
545 334
544 335
543 335
543 336
542 337
541 338
540 339
539 340
538 341
537 342
536 343
535 344
534 345
534 346
533 347
532 348
531 349
531 350
530 351
529 352
528 353
528 354
527 355
526 356
526 357
525 358
524 359
523 360
522 361
522 362
521 363
520 364
519 364
518 365
517 366
516 367
515 367
514 368
513 369
512 369
511 369
510 368
509 368
508 368
507 367
506 367
505 367
504 366
503 366
502 366
501 365
500 365
499 365
498 365
497 364
496 364
495 364
494 363
493 363
492 363
491 362
490 362
489 362
488 361
487 361
486 361
485 360
484 360
483 359
482 359
481 359
480 358
479 358
478 357
477 357
476 357
475 356
474 356
473 356
472 356
471 356
470 356
469 357
469 358
469 359
469 360
469 361
469 362
469 363
469 364
469 365
469 366
469 367
469 368
469 369
469 370
469 371
469 372
469 373
469 374
469 375
469 376
469 377
469 378
469 379
469 380
469 381
469 382
469 383
469 384
469 385
469 386
469 387
469 388
469 389
469 390
469 391
469 392
469 393
469 394
469 395
469 396
469 397
469 398
469 399
469 400
469 401
469 402
469 403
469 404
469 405
469 406
469 407
469 408
469 409
469 410
469 411
469 412
469 413
469 414
469 415
469 416
469 417
469 418
469 419
469 420
469 421
469 422
469 423
469 424
469 425
469 426
469 427
469 428
469 429
469 430
469 431
469 432
469 433
469 434
469 435
469 436
469 437
469 438
469 439
469 440
469 441
469 442
469 443
469 444
469 445
469 446
469 447
469 448
469 449
469 450
469 451
469 452
469 453
469 454
469 455
470 456
470 457
471 457
472 458
473 458
474 457
475 457
476 457
477 456
478 456
479 455
480 455
481 455
482 454
483 454
484 453
485 453
486 453
487 452
488 452
489 452
490 451
491 451
492 451
493 450
494 450
495 450
496 449
497 449
498 449
499 448
500 448
501 448
502 447
503 447
504 447
505 447
506 446
507 446
508 446
509 445
510 445
511 445
512 445
513 445
514 445
515 446
516 446
517 447
518 448
519 449
520 450
521 451
522 452
523 453
524 454
525 455
526 456
526 457
527 458
528 459
528 460
529 461
530 462
530 463
531 464
532 465
533 466
533 467
534 468
535 469
536 470
537 471
538 472
539 473
539 474
540 475
541 476
542 477
543 478
544 479
545 480
546 481
547 481
548 482
549 483
550 484
551 485
552 486
553 486
554 487
555 488
556 489
557 489
558 490
559 490
560 491
561 492
562 492
563 493
564 493
565 494
566 494
567 495
568 495
569 495
570 496
571 496
572 496
573 497
574 497
575 497
576 498
577 498
578 498
579 498
580 498
581 499
582 499
583 499
584 499
585 499
586 499
587 499
588 499
589 499
590 499
591 499
592 499
593 499
594 499
595 499
596 499
597 499
598 499
599 498
600 498
601 498
602 498
603 498
604 498
605 497
606 497
607 497
608 497
609 496
610 496
611 496
612 496
613 495
614 495
615 495
616 494
617 494
618 494
619 493
620 493
621 492
622 492
623 492
624 491
625 491
626 490
627 490
628 489
629 489
630 488
631 487
632 487
633 486
634 485
635 485
636 484
637 483
638 483
639 482
640 481
641 480
642 479
643 478
644 477
645 476
646 475
647 474
648 473
649 472
650 471
651 470
651 469
652 468
653 467
654 466
654 465
655 464
656 463
656 462
657 461
658 460
658 459
659 458
659 457
660 456
660 455
661 454
661 453
662 452
662 451
663 450
663 449
663 448
664 447
664 446
665 445
665 444
665 443
666 442
666 441
666 440
667 439
667 438
667 437
668 436
668 435
668 434
668 433
669 432
669 431
669 430
669 429
669 428
670 427
670 426
670 425
670 424
670 423
670 422
671 421
671 420
671 419
671 418
671 417
671 416
671 415
671 414
671 413
671 412
671 411
671 410
672 409
672 408
672 407
672 406
672 405
672 404
672 403
672 402
672 401
672 400
671 399
671 398
671 397
671 396
671 395
671 394
671 393
671 392
671 391
670 390
670 389
670 388
670 387
670 386
670 385
669 384
669 383
669 382
669 381
668 380
668 379
668 378
668 377
667 376
667 375
667 374
666 373
666 372
666 371
665 370
665 369
665 368
664 367
664 366
663 365
663 364
663 363
662 362
662 361
661 360
661 359
660 358
660 357
659 356
659 355
658 354
657 353
657 352
656 351
656 350
655 349
654 348
654 347
653 346
652 345
651 344
651 343
650 342
649 341
648 340
647 339
646 338
645 337
644 336
643 335
642 334
641 333
640 332
639 331
638 331
637 330
636 329
635 329
634 328
633 327
632 326
631 326
630 325
629 325
628 324
627 324
626 323
625 323
624 322
623 322
622 321
621 321
620 320
619 320
618 320
617 319
616 319
615 319
614 318
613 318
612 318
611 317
610 317
609 317
608 317
607 316
606 316
605 316
604 316
603 316
602 315
601 315
600 315
599 315
598 315
597 315
596 314
595 314
594 314
593 314
592 314
591 314
590 314
589 314
588 314
587 314
586 314
585 314
584 314
583 314
