398 1
397 2
396 2
395 2
394 2
393 2
392 2
391 2
390 2
389 2
388 2
387 2
386 2
385 2
384 2
383 2
382 2
381 3
380 3
379 3
378 3
377 3
376 3
375 3
374 3
373 3
372 3
371 3
370 3
369 4
368 4
367 4
366 4
365 4
364 4
363 4
362 4
361 4
360 5
359 5
358 5
357 5
356 5
355 5
354 5
353 5
352 6
351 6
350 6
349 6
348 6
347 6
346 6
345 7
344 7
343 7
342 7
341 7
340 7
339 8
338 8
337 8
336 8
335 8
334 8
333 9
332 9
331 9
330 9
329 9
328 10
327 10
326 10
325 10
324 10
323 10
322 11
321 11
320 11
319 11
318 11
317 12
316 12
315 12
314 12
313 13
312 13
311 13
310 13
309 13
308 14
307 14
306 14
305 14
304 15
303 15
302 15
301 15
300 16
299 16
298 16
297 16
296 17
295 17
294 17
293 17
292 18
291 18
290 18
289 18
288 19
287 19
286 19
285 20
284 20
283 20
282 20
281 21
280 21
279 21
278 22
277 22
276 22
275 22
274 23
273 23
272 23
271 24
270 24
269 24
268 25
267 25
266 25
265 26
264 26
263 26
262 27
261 27
260 27
259 28
258 28
257 28
256 29
255 29
254 29
253 30
252 30
251 30
250 31
249 31
248 31
247 32
246 32
245 33
244 33
243 33
242 34
241 34
240 34
239 35
238 35
237 36
236 36
235 36
234 37
233 37
232 38
231 38
230 38
229 39
228 39
227 40
226 40
225 41
224 41
223 41
222 42
221 42
220 43
219 43
218 44
217 44
216 44
215 45
214 45
213 46
212 46
211 47
210 47
209 48
208 48
207 49
206 49
205 50
204 50
203 50
202 51
201 51
200 52
199 52
198 53
197 53
196 54
195 54
194 55
193 55
192 56
191 56
190 57
189 58
188 58
187 59
186 59
185 60
184 60
183 61
182 61
181 62
180 62
179 63
178 63
177 64
176 65
175 65
174 66
173 66
172 67
171 67
170 68
169 69
168 69
167 70
166 70
165 71
164 72
163 72
162 73
161 73
160 74
159 75
158 75
157 76
156 76
155 77
154 78
153 78
152 79
151 80
150 80
149 81
148 82
147 82
146 83
145 84
144 84
143 85
142 86
141 86
140 87
139 88
138 88
137 89
136 90
135 90
134 91
133 92
132 92
131 93
130 94
129 95
128 95
127 96
127 97
127 98
127 99
127 100
127 101
127 102
127 103
127 104
127 105
127 106
127 107
127 108
127 109
127 110
127 111
127 112
127 113
127 114
127 115
127 116
127 117
127 118
127 119
127 120
127 121
127 122
127 123
127 124
127 125
127 126
127 127
127 128
127 129
127 130
127 131
127 132
127 133
127 134
127 135
127 136
127 137
127 138
127 139
127 140
127 141
127 142
127 143
127 144
127 145
127 146
127 147
127 148
127 149
127 150
127 151
127 152
127 153
127 154
127 155
127 156
127 157
127 158
127 159
127 160
127 161
127 162
127 163
127 164
127 165
127 166
127 167
127 168
127 169
127 170
127 171
127 172
127 173
127 174
127 175
127 176
127 177
127 178
127 179
127 180
127 181
127 182
127 183
127 184
127 185
127 186
127 187
127 188
127 189
127 190
127 191
127 192
127 193
127 194
127 195
127 196
127 197
127 198
127 199
127 200
127 201
127 202
127 203
127 204
127 205
127 206
127 207
127 208
127 209
127 210
127 211
127 212
127 213
127 214
127 215
127 216
127 217
127 218
127 219
127 220
127 221
127 222
127 223
127 224
127 225
127 226
127 227
127 228
127 229
127 230
127 231
127 232
127 233
127 234
127 235
127 236
127 237
127 238
127 239
127 240
127 241
127 242
127 243
127 244
127 245
127 246
127 247
127 248
127 249
127 250
127 251
127 252
127 253
127 254
127 255
127 256
127 257
127 258
127 259
127 260
127 261
127 262
127 263
127 264
127 265
127 266
127 267
127 268
127 269
127 270
127 271
127 272
127 273
127 274
127 275
127 276
127 277
127 278
127 279
127 280
127 281
127 282
127 283
127 284
127 285
127 286
127 287
127 288
127 289
127 290
127 291
127 292
127 293
127 294
127 295
127 296
127 297
127 298
127 299
127 300
127 301
127 302
127 303
127 304
127 305
127 306
127 307
127 308
127 309
127 310
127 311
127 312
127 313
127 314
127 315
127 316
127 317
127 318
127 319
127 320
127 321
127 322
127 323
127 324
127 325
127 326
127 327
127 328
127 329
127 330
127 331
127 332
127 333
127 334
127 335
127 336
127 337
127 338
127 339
127 340
127 341
127 342
127 343
127 344
127 345
127 346
127 347
127 348
127 349
127 350
127 351
127 352
127 353
127 354
127 355
127 356
127 357
127 358
127 359
127 360
127 361
127 362
127 363
127 364
127 365
127 366
127 367
127 368
127 369
127 370
127 371
127 372
127 373
127 374
127 375
127 376
127 377
127 378
127 379
127 380
127 381
127 382
127 383
127 384
127 385
127 386
127 387
127 388
127 389
127 390
127 391
127 392
127 393
127 394
127 395
127 396
127 397
127 398
127 399
127 400
127 401
127 402
127 403
127 404
127 405
127 406
127 407
127 408
127 409
127 410
127 411
127 412
127 413
127 414
127 415
127 416
127 417
127 418
127 419
127 420
127 421
127 422
127 423
127 424
127 425
127 426
127 427
127 428
127 429
127 430
127 431
127 432
127 433
127 434
127 435
127 436
127 437
127 438
127 439
127 440
127 441
127 442
127 443
127 444
127 445
127 446
127 447
127 448
127 449
127 450
127 451
127 452
127 453
127 454
127 455
127 456
127 457
127 458
127 459
127 460
127 461
127 462
127 463
127 464
127 465
127 466
127 467
127 468
127 469
127 470
127 471
127 472
127 473
127 474
127 475
127 476
127 477
127 478
127 479
127 480
127 481
127 482
127 483
127 484
127 485
127 486
127 487
127 488
127 489
127 490
127 491
127 492
127 493
127 494
127 495
127 496
127 497
127 498
127 499
127 500
127 501
127 502
127 503
127 504
127 505
127 506
127 507
127 508
127 509
127 510
127 511
127 512
127 513
127 514
127 515
127 516
127 517
127 518
127 519
127 520
127 521
127 522
127 523
127 524
127 525
127 526
127 527
127 528
127 529
127 530
127 531
127 532
127 533
127 534
127 535
127 536
127 537
127 538
127 539
127 540
127 541
127 542
127 543
127 544
127 545
127 546
127 547
127 548
127 549
127 550
127 551
127 552
127 553
127 554
127 555
127 556
127 557
127 558
127 559
127 560
127 561
127 562
127 563
127 564
127 565
127 566
127 567
127 568
127 569
127 570
127 571
127 572
127 573
127 574
127 575
127 576
127 577
127 578
127 579
127 580
127 581
127 582
127 583
127 584
127 585
127 586
127 587
127 588
127 589
127 590
127 591
127 592
127 593
127 594
127 595
127 596
127 597
127 598
127 599
127 600
127 601
127 602
127 603
127 604
127 605
127 606
127 607
127 608
127 609
127 610
127 611
127 612
127 613
127 614
127 615
127 616
127 617
127 618
127 619
127 620
127 621
127 622
127 623
127 624
127 625
127 626
127 627
127 628
127 629
127 630
127 631
127 632
127 633
127 634
127 635
127 636
127 637
127 638
127 639
127 640
127 641
127 642
127 643
127 644
127 645
127 646
127 647
127 648
127 649
127 650
127 651
127 652
127 653
127 654
127 655
127 656
127 657
127 658
127 659
127 660
127 661
127 662
127 663
127 664
127 665
127 666
127 667
127 668
127 669
127 670
127 671
127 672
127 673
127 674
127 675
127 676
127 677
127 678
127 679
127 680
127 681
127 682
127 683
127 684
127 685
127 686
127 687
127 688
127 689
127 690
127 691
127 692
127 693
127 694
127 695
127 696
127 697
127 698
127 699
127 700
127 701
127 702
127 703
127 704
127 705
127 706
127 707
127 708
127 709
127 710
127 711
127 712
127 713
127 714
127 715
127 716
127 717
127 718
127 719
127 720
127 721
127 722
127 723
127 724
127 725
127 726
127 727
127 728
127 729
127 730
127 731
127 732
127 733
127 734
127 735
127 736
127 737
127 738
127 739
127 740
127 741
127 742
127 743
127 744
127 745
127 746
127 747
127 748
127 749
127 750
127 751
127 752
127 753
127 754
127 755
127 756
127 757
127 758
127 759
127 760
127 761
127 762
127 763
127 764
127 765
127 766
127 767
127 768
127 769
127 770
127 771
127 772
127 773
127 774
127 775
127 776
127 777
127 778
127 779
127 780
127 781
127 782
127 783
127 784
127 785
127 786
127 787
127 788
127 789
127 790
127 791
127 792
127 793
127 794
127 795
127 796
127 797
127 798
127 799
127 800
127 801
127 802
127 803
127 804
127 805
127 806
127 807
127 808
127 809
127 810
127 811
127 812
127 813
127 814
127 815
127 816
127 817
127 818
127 819
127 820
127 821
127 822
127 823
127 824
127 825
127 826
127 827
127 828
127 829
127 830
127 831
127 832
127 833
127 834
127 835
127 836
127 837
127 838
127 839
127 840
127 841
127 842
127 843
127 844
127 845
127 846
127 847
127 848
127 849
128 850
129 850
130 851
131 852
132 853
133 853
134 854
135 855
136 855
137 856
138 857
139 857
140 858
141 859
142 859
143 860
144 861
145 861
146 862
147 863
148 863
149 864
150 865
151 865
152 866
153 867
154 867
155 868
156 869
157 869
158 870
159 870
160 871
161 872
162 872
163 873
164 873
165 874
166 875
167 875
168 876
169 876
170 877
171 878
172 878
173 879
174 879
175 880
176 880
177 881
178 882
179 882
180 883
181 883
182 884
183 884
184 885
185 885
186 886
187 886
188 887
189 887
190 888
191 888
192 889
193 890
194 890
195 891
196 891
197 892
198 892
199 893
200 893
201 894
202 894
203 895
204 895
205 895
206 896
207 896
208 897
209 897
210 898
211 898
212 899
213 899
214 900
215 900
216 901
217 901
218 901
219 902
220 902
221 903
222 903
223 904
224 904
225 904
226 905
227 905
228 906
229 906
230 907
231 907
232 907
233 908
234 908
235 909
236 909
237 909
238 910
239 910
240 911
241 911
242 911
243 912
244 912
245 912
246 913
247 913
248 914
249 914
250 914
251 915
252 915
253 915
254 916
255 916
256 916
257 917
258 917
259 917
260 918
261 918
262 918
263 919
264 919
265 919
266 920
267 920
268 920
269 921
270 921
271 921
272 922
273 922
274 922
275 923
276 923
277 923
278 923
279 924
280 924
281 924
282 925
283 925
284 925
285 925
286 926
287 926
288 926
289 927
290 927
291 927
292 927
293 928
294 928
295 928
296 928
297 929
298 929
299 929
300 929
301 930
302 930
303 930
304 930
305 931
306 931
307 931
308 931
309 932
310 932
311 932
312 932
313 932
314 933
315 933
316 933
317 933
318 933
319 934
320 934
321 934
322 934
323 935
324 935
325 935
326 935
327 935
328 935
329 936
330 936
331 936
332 936
333 936
334 937
335 937
336 937
337 937
338 937
339 937
340 938
341 938
342 938
343 938
344 938
345 938
346 938
347 939
348 939
349 939
350 939
351 939
352 939
353 939
354 940
355 940
356 940
357 940
358 940
359 940
360 940
361 941
362 941
363 941
364 941
365 941
366 941
367 941
368 941
369 941
370 942
371 942
372 942
373 942
374 942
375 942
376 942
377 942
378 942
379 942
380 942
381 942
382 943
383 943
384 943
385 943
386 943
387 943
388 943
389 943
390 943
391 943
392 943
393 943
394 943
395 943
396 943
397 943
398 944
399 944
400 944
401 944
402 944
403 944
404 944
405 944
406 944
407 944
408 944
409 944
410 944
411 944
412 944
413 944
414 944
415 944
416 944
417 944
418 944
419 944
420 944
421 944
422 944
423 944
424 944
425 944
426 944
427 944
428 944
429 944
430 944
431 944
432 944
433 944
434 944
435 944
436 944
437 944
438 944
439 944
440 944
441 944
442 944
443 943
444 943
445 943
446 943
447 943
448 943
449 943
450 943
451 943
452 943
453 943
454 943
455 943
456 943
457 943
458 943
459 943
460 942
461 942
462 942
463 942
464 942
465 942
466 942
467 942
468 942
469 942
470 942
471 941
472 941
473 941
474 941
475 941
476 941
477 941
478 941
479 941
480 940
481 940
482 940
483 940
484 940
485 940
486 940
487 940
488 939
489 939
490 939
491 939
492 939
493 939
494 939
495 938
496 938
497 938
498 938
499 938
500 938
501 937
502 937
503 937
504 937
505 937
506 937
507 936
508 936
509 936
510 936
511 936
512 936
513 935
514 935
515 935
516 935
517 935
518 934
519 934
520 934
521 934
522 934
523 933
524 933
525 933
526 933
527 933
528 932
529 932
530 932
531 932
532 931
533 931
534 931
535 931
536 930
537 930
538 930
539 930
540 930
541 929
542 929
543 929
544 929
545 928
546 928
547 928
548 927
549 927
550 927
551 927
552 926
553 926
554 926
555 926
556 925
557 925
558 925
559 924
560 924
561 924
562 924
563 923
564 923
565 923
566 922
567 922
568 922
569 921
570 921
571 921
572 921
573 920
574 920
575 920
576 919
577 919
578 919
579 918
580 918
581 918
582 917
583 917
584 917
585 916
586 916
587 916
588 915
589 915
590 914
591 914
592 914
593 913
594 913
595 913
596 912
597 912
598 911
599 911
600 911
601 910
602 910
603 910
604 909
605 909
606 908
607 908
608 908
609 907
610 907
611 906
612 906
613 905
614 905
615 905
616 904
617 904
618 903
619 903
620 903
621 902
622 902
623 901
624 901
625 900
626 900
627 899
628 899
629 899
630 898
631 898
632 897
633 897
634 896
635 896
636 895
637 895
638 894
639 894
640 893
641 893
642 892
643 892
644 891
645 891
646 890
647 890
648 889
649 889
650 888
651 888
652 887
653 887
654 886
655 886
656 885
657 885
658 884
659 883
660 883
661 882
662 882
663 881
664 881
665 880
666 880
667 879
668 878
669 878
670 877
671 877
672 876
673 876
674 875
675 874
676 874
677 873
678 873
679 872
680 871
681 871
682 870
683 869
684 869
685 868
686 868
687 867
688 866
689 866
690 865
691 864
692 864
693 863
694 862
695 862
696 861
697 860
698 860
699 859
700 858
701 858
702 857
703 856
704 856
705 855
706 854
707 854
708 853
709 852
710 852
711 851
712 850
713 849
714 849
715 848
716 847
717 846
718 846
719 845
720 844
721 843
722 843
723 842
724 841
725 840
726 840
727 839
728 838
729 837
730 836
731 836
732 835
733 834
734 833
735 832
736 831
737 831
738 830
739 829
740 828
741 827
742 826
743 826
744 825
745 824
746 823
747 822
748 821
749 820
750 819
751 819
752 818
753 817
754 816
755 815
756 814
757 813
758 812
759 811
760 810
761 809
762 808
763 808
764 807
765 806
766 805
767 804
768 803
769 802
770 801
771 800
772 799
773 798
774 797
775 796
776 795
776 794
777 793
778 792
779 791
780 790
781 789
782 788
783 787
784 786
785 785
786 784
787 783
788 782
789 781
789 780
790 779
791 778
792 777
793 776
794 775
795 774
796 773
796 772
797 771
798 770
799 769
800 768
801 767
801 766
802 765
803 764
804 763
805 762
805 761
806 760
807 759
808 758
809 757
809 756
810 755
811 754
812 753
812 752
813 751
814 750
815 749
815 748
816 747
817 746
818 745
818 744
819 743
820 742
821 741
821 740
822 739
823 738
823 737
824 736
825 735
825 734
826 733
827 732
827 731
828 730
829 729
829 728
830 727
831 726
831 725
832 724
833 723
833 722
834 721
835 720
835 719
836 718
837 717
837 716
838 715
838 714
839 713
840 712
840 711
841 710
841 709
842 708
843 707
843 706
844 705
844 704
845 703
846 702
846 701
847 700
847 699
848 698
848 697
849 696
850 695
850 694
851 693
851 692
852 691
852 690
853 689
853 688
854 687
854 686
855 685
855 684
856 683
856 682
857 681
857 680
858 679
858 678
859 677
859 676
860 675
860 674
861 673
861 672
862 671
862 670
863 669
863 668
864 667
864 666
865 665
865 664
866 663
866 662
866 661
867 660
867 659
868 658
868 657
869 656
869 655
870 654
870 653
870 652
871 651
871 650
872 649
872 648
873 647
873 646
873 645
874 644
874 643
875 642
875 641
875 640
876 639
876 638
876 637
877 636
877 635
878 634
878 633
878 632
879 631
879 630
879 629
880 628
880 627
881 626
881 625
881 624
882 623
882 622
882 621
883 620
883 619
883 618
884 617
884 616
884 615
885 614
885 613
885 612
886 611
886 610
886 609
887 608
887 607
887 606
887 605
888 604
888 603
888 602
889 601
889 600
889 599
889 598
890 597
890 596
890 595
891 594
891 593
891 592
891 591
892 590
892 589
892 588
892 587
893 586
893 585
893 584
893 583
894 582
894 581
894 580
894 579
895 578
895 577
895 576
895 575
896 574
896 573
896 572
896 571
897 570
897 569
897 568
897 567
897 566
898 565
898 564
898 563
898 562
898 561
899 560
899 559
899 558
899 557
899 556
900 555
900 554
900 553
900 552
900 551
900 550
901 549
901 548
901 547
901 546
901 545
901 544
902 543
902 542
902 541
902 540
902 539
902 538
902 537
903 536
903 535
903 534
903 533
903 532
903 531
903 530
904 529
904 528
904 527
904 526
904 525
904 524
904 523
904 522
904 521
905 520
905 519
905 518
905 517
905 516
905 515
905 514
905 513
905 512
905 511
905 510
906 509
906 508
906 507
906 506
906 505
906 504
906 503
906 502
906 501
906 500
906 499
906 498
906 497
906 496
906 495
907 494
907 493
907 492
907 491
907 490
907 489
907 488
907 487
907 486
907 485
907 484
907 483
907 482
907 481
907 480
907 479
907 478
907 477
907 476
907 475
907 474
907 473
907 472
907 471
907 470
907 469
907 468
907 467
907 466
907 465
907 464
907 463
907 462
907 461
907 460
907 459
907 458
907 457
907 456
907 455
907 454
907 453
907 452
907 451
906 450
906 449
906 448
906 447
906 446
906 445
906 444
906 443
906 442
906 441
906 440
906 439
906 438
906 437
906 436
905 435
905 434
905 433
905 432
905 431
905 430
905 429
905 428
905 427
905 426
905 425
904 424
904 423
904 422
904 421
904 420
904 419
904 418
904 417
904 416
903 415
903 414
903 413
903 412
903 411
903 410
903 409
902 408
902 407
902 406
902 405
902 404
902 403
902 402
901 401
901 400
901 399
901 398
901 397
901 396
900 395
900 394
900 393
900 392
900 391
900 390
899 389
899 388
899 387
899 386
899 385
898 384
898 383
898 382
898 381
898 380
897 379
897 378
897 377
897 376
897 375
896 374
896 373
896 372
896 371
895 370
895 369
895 368
895 367
894 366
894 365
894 364
894 363
893 362
893 361
893 360
893 359
892 358
892 357
892 356
892 355
891 354
891 353
891 352
891 351
890 350
890 349
890 348
890 347
889 346
889 345
889 344
888 343
888 342
888 341
887 340
887 339
887 338
886 337
886 336
886 335
886 334
885 333
885 332
885 331
884 330
884 329
884 328
883 327
883 326
883 325
882 324
882 323
882 322
881 321
881 320
880 319
880 318
880 317
879 316
879 315
879 314
878 313
878 312
878 311
877 310
877 309
876 308
876 307
876 306
875 305
875 304
875 303
874 302
874 301
873 300
873 299
872 298
872 297
872 296
871 295
871 294
870 293
870 292
870 291
869 290
869 289
868 288
868 287
867 286
867 285
866 284
866 283
866 282
865 281
865 280
864 279
864 278
863 277
863 276
862 275
862 274
861 273
861 272
860 271
860 270
859 269
859 268
858 267
858 266
857 265
857 264
856 263
856 262
855 261
855 260
854 259
854 258
853 257
853 256
852 255
852 254
851 253
851 252
850 251
850 250
849 249
848 248
848 247
847 246
847 245
846 244
846 243
845 242
844 241
844 240
843 239
843 238
842 237
841 236
841 235
840 234
840 233
839 232
838 231
838 230
837 229
837 228
836 227
835 226
835 225
834 224
833 223
833 222
832 221
831 220
831 219
830 218
829 217
829 216
828 215
827 214
827 213
826 212
825 211
825 210
824 209
823 208
823 207
822 206
821 205
820 204
820 203
819 202
818 201
818 200
817 199
816 198
815 197
815 196
814 195
813 194
812 193
812 192
811 191
810 190
809 189
809 188
808 187
807 186
806 185
805 184
805 183
804 182
803 181
802 180
801 179
800 178
800 177
799 176
798 175
797 174
796 173
795 172
795 171
794 170
793 169
792 168
791 167
790 166
789 165
789 164
788 163
787 162
786 161
785 160
784 159
783 158
782 157
781 156
780 155
779 154
778 153
777 152
776 151
775 150
775 149
774 148
773 147
772 146
771 145
770 144
769 143
768 142
767 141
766 140
765 139
764 138
763 138
762 137
761 136
760 135
759 134
758 133
757 132
756 131
755 130
754 129
753 128
752 127
751 126
750 125
749 125
748 124
747 123
746 122
745 121
744 120
743 119
742 119
741 118
740 117
739 116
738 115
737 114
736 113
735 113
734 112
733 111
732 110
731 109
730 109
729 108
728 107
727 106
726 105
725 105
724 104
723 103
722 102
721 102
720 101
719 100
718 99
717 99
716 98
715 97
714 96
713 96
712 95
711 94
710 93
709 93
708 92
707 91
706 91
705 90
704 89
703 89
702 88
701 87
700 87
699 86
698 85
697 85
696 84
695 83
694 83
693 82
692 81
691 81
690 80
689 79
688 79
687 78
686 77
685 77
684 76
683 75
682 75
681 74
680 74
679 73
678 72
677 72
676 71
675 71
674 70
673 69
672 69
671 68
670 68
669 67
668 67
667 66
666 65
665 65
664 64
663 64
662 63
661 63
660 62
659 62
658 61
657 60
656 60
655 59
654 59
653 58
652 58
651 57
650 57
649 56
648 56
647 55
646 55
645 54
644 54
643 53
642 53
641 52
640 52
639 51
638 51
637 50
636 50
635 49
634 49
633 48
632 48
631 47
630 47
629 46
628 46
627 46
626 45
625 45
624 44
623 44
622 43
621 43
620 42
619 42
618 42
617 41
616 41
615 40
614 40
613 39
612 39
611 39
610 38
609 38
608 37
607 37
606 37
605 36
604 36
603 35
602 35
601 35
600 34
599 34
598 34
597 33
596 33
595 32
594 32
593 32
592 31
591 31
590 31
589 30
588 30
587 29
586 29
585 29
584 28
583 28
582 28
581 27
580 27
579 27
578 26
577 26
576 26
575 25
574 25
573 25
572 24
571 24
570 24
569 24
568 23
567 23
566 23
565 22
564 22
563 22
562 21
561 21
560 21
559 21
558 20
557 20
556 20
555 19
554 19
553 19
552 19
551 18
550 18
549 18
548 17
547 17
546 17
545 17
544 16
543 16
542 16
541 16
540 15
539 15
538 15
537 15
536 14
535 14
534 14
533 14
532 14
531 13
530 13
529 13
528 13
527 12
526 12
525 12
524 12
523 12
522 11
521 11
520 11
519 11
518 11
517 10
516 10
515 10
514 10
513 10
512 9
511 9
510 9
509 9
508 9
507 9
506 8
505 8
504 8
503 8
502 8
501 8
500 7
499 7
498 7
497 7
496 7
495 7
494 6
493 6
492 6
491 6
490 6
489 6
488 6
487 5
486 5
485 5
484 5
483 5
482 5
481 5
480 5
479 4
478 4
477 4
476 4
475 4
474 4
473 4
472 4
471 4
470 3
469 3
468 3
467 3
466 3
465 3
464 3
463 3
462 3
461 3
460 3
459 2
458 2
457 2
456 2
455 2
454 2
453 2
452 2
451 2
450 2
449 2
448 2
447 2
446 2
445 2
444 2
443 1
442 1
441 1
440 1
439 1
438 1
437 1
436 1
435 1
434 1
433 1
432 1
431 1
430 1
429 1
428 1
427 1
426 1
425 1
424 1
423 1
422 1
421 1
420 1
419 1
418 1
417 1
416 1
415 1
414 1
413 1
412 1
411 1
410 1
409 1
408 1
407 1
406 1
405 1
404 1
403 1
402 1
401 1
400 1
399 1
398 1
