466 218
465 219
464 219
463 219
462 220
461 221
460 222
460 223
459 224
458 225
457 226
456 227
455 228
454 228
453 229
452 230
451 231
450 232
449 233
448 234
447 235
446 236
445 237
444 238
444 239
443 240
442 241
441 242
440 243
439 244
439 245
438 246
437 247
437 248
436 249
435 250
434 251
434 252
433 253
433 254
432 255
432 256
432 257
432 258
432 259
432 260
432 261
432 262
432 263
432 264
432 265
432 266
432 267
432 268
432 269
432 270
432 271
432 272
432 273
432 274
432 275
432 276
432 277
432 278
432 279
432 280
432 281
432 282
432 283
432 284
432 285
432 286
432 287
432 288
432 289
432 290
432 291
432 292
432 293
432 294
432 295
432 296
432 297
432 298
432 299
432 300
432 301
432 302
432 303
432 304
432 305
432 306
432 307
432 308
432 309
432 310
432 311
432 312
432 313
432 314
432 315
432 316
432 317
432 318
432 319
432 320
432 321
432 322
432 323
432 324
432 325
432 326
432 327
432 328
432 329
432 330
432 331
432 332
432 333
432 334
432 335
432 336
432 337
432 338
432 339
432 340
432 341
432 342
432 343
432 344
432 345
432 346
432 347
432 348
432 349
432 350
432 351
432 352
432 353
432 354
432 355
432 356
432 357
432 358
432 359
432 360
432 361
432 362
432 363
432 364
432 365
432 366
432 367
432 368
432 369
432 370
432 371
432 372
432 373
432 374
432 375
432 376
432 377
432 378
432 379
432 380
432 381
432 382
432 383
432 384
432 385
432 386
432 387
432 388
432 389
432 390
432 391
432 392
432 393
432 394
432 395
432 396
432 397
432 398
432 399
432 400
432 401
432 402
432 403
432 404
432 405
432 406
432 407
432 408
432 409
432 410
432 411
432 412
432 413
432 414
432 415
432 416
432 417
432 418
432 419
432 420
432 421
432 422
432 423
432 424
432 425
432 426
432 427
432 428
432 429
432 430
432 431
432 432
432 433
432 434
432 435
432 436
432 437
432 438
432 439
432 440
432 441
432 442
432 443
432 444
432 445
432 446
432 447
432 448
432 449
432 450
432 451
432 452
432 453
432 454
432 455
432 456
432 457
432 458
432 459
432 460
432 461
432 462
432 463
432 464
432 465
432 466
432 467
432 468
432 469
432 470
432 471
432 472
432 473
432 474
432 475
432 476
432 477
432 478
432 479
432 480
432 481
432 482
432 483
432 484
432 485
432 486
432 487
432 488
432 489
432 490
432 491
432 492
432 493
432 494
432 495
432 496
432 497
432 498
432 499
432 500
432 501
432 502
432 503
432 504
432 505
432 506
432 507
432 508
432 509
432 510
432 511
432 512
432 513
432 514
432 515
432 516
432 517
432 518
432 519
432 520
432 521
432 522
432 523
432 524
432 525
432 526
432 527
432 528
432 529
432 530
432 531
432 532
432 533
432 534
432 535
432 536
432 537
432 538
432 539
433 540
434 541
434 542
435 543
436 544
436 545
437 546
438 547
438 548
439 549
440 550
441 551
442 552
442 553
443 554
444 555
445 556
446 557
447 558
448 559
449 560
450 561
451 562
452 563
453 564
454 565
455 566
456 567
457 567
458 568
459 569
460 570
460 571
461 572
462 573
463 574
464 574
465 575
466 575
467 575
468 575
469 575
470 574
471 574
472 574
473 574
474 574
475 575
476 575
477 575
478 575
479 575
480 575
481 575
482 575
483 575
484 575
485 575
486 575
487 575
488 575
489 575
490 575
491 575
492 575
493 575
494 575
495 575
496 575
497 574
498 574
499 574
500 574
501 573
502 573
503 573
504 573
505 572
506 572
507 572
508 571
509 571
510 570
511 570
512 570
513 569
514 569
515 568
516 568
517 568
518 567
519 567
520 566
521 566
522 565
523 565
524 564
525 564
526 563
527 563
528 562
529 562
530 561
531 561
532 560
533 560
534 559
535 558
536 558
537 557
538 557
539 556
540 555
541 555
542 554
543 553
544 553
545 552
546 551
547 551
548 550
549 549
550 548
551 548
552 547
553 546
554 545
555 544
556 544
557 543
558 542
559 541
560 540
561 539
562 538
563 537
564 536
565 536
566 535
567 534
568 533
569 532
570 531
570 530
571 529
572 528
573 527
574 526
575 525
576 524
577 523
578 522
579 521
579 520
580 519
581 518
582 517
583 516
583 515
584 514
585 513
586 512
586 511
587 510
588 509
588 508
589 507
590 506
591 505
591 504
592 503
592 502
593 501
594 500
594 499
595 498
596 497
596 496
597 495
597 494
598 493
598 492
599 491
600 490
600 489
601 488
601 487
602 486
602 485
603 484
603 483
604 482
604 481
605 480
605 479
606 478
606 477
607 476
607 475
607 474
608 473
608 472
609 471
609 470
610 469
610 468
610 467
611 466
611 465
612 464
612 463
612 462
613 461
613 460
613 459
614 458
614 457
614 456
615 455
615 454
615 453
616 452
616 451
616 450
617 449
617 448
617 447
617 446
618 445
618 444
618 443
618 442
619 441
619 440
619 439
619 438
620 437
620 436
620 435
620 434
621 433
621 432
621 431
621 430
621 429
622 428
622 427
622 426
622 425
622 424
622 423
622 422
623 421
623 420
623 419
623 418
623 417
623 416
623 415
623 414
624 413
624 412
624 411
624 410
624 409
624 408
624 407
624 406
624 405
624 404
624 403
624 402
624 401
624 400
624 399
624 398
625 397
624 396
624 395
624 394
624 393
624 392
624 391
624 390
624 389
624 388
624 387
624 386
624 385
624 384
624 383
624 382
624 381
623 380
623 379
623 378
623 377
623 376
623 375
623 374
623 373
623 372
622 371
622 370
622 369
622 368
622 367
622 366
621 365
621 364
621 363
621 362
621 361
620 360
620 359
620 358
620 357
620 356
619 355
619 354
619 353
619 352
618 351
618 350
618 349
618 348
617 347
617 346
617 345
616 344
616 343
616 342
616 341
615 340
615 339
615 338
614 337
614 336
614 335
613 334
613 333
613 332
612 331
612 330
611 329
611 328
611 327
610 326
610 325
609 324
609 323
609 322
608 321
608 320
607 319
607 318
606 317
606 316
606 315
605 314
605 313
604 312
604 311
603 310
603 309
602 308
602 307
601 306
600 305
600 304
599 303
599 302
598 301
598 300
597 299
597 298
596 297
595 296
595 295
594 294
593 293
593 292
592 291
592 290
591 289
590 288
590 287
589 286
588 285
588 284
587 283
586 282
585 281
585 280
584 279
583 278
582 277
582 276
581 275
580 274
579 273
578 272
577 271
577 270
576 269
575 268
574 267
573 266
572 265
571 264
570 263
569 262
568 261
567 260
566 259
565 258
564 257
563 256
562 255
561 254
560 253
559 252
558 251
557 251
556 250
555 249
554 248
553 247
552 246
551 246
550 245
549 244
548 243
547 243
546 242
545 241
544 241
543 240
542 239
541 239
540 238
539 237
538 237
537 236
536 235
535 235
534 234
533 234
532 233
531 233
530 232
529 231
528 231
527 230
526 230
525 229
524 229
523 228
522 228
521 227
520 227
519 227
518 226
517 226
516 225
515 225
514 224
513 224
512 224
511 223
510 223
509 222
508 222
507 222
506 221
505 221
504 221
503 220
502 220
501 220
500 219
499 219
498 219
497 219
496 219
495 218
494 218
493 218
492 218
491 218
490 218
489 218
488 218
487 218
486 218
485 218
484 218
483 218
482 218
481 218
480 218
479 218
478 218
477 218
476 219
475 219
474 219
473 219
472 219
471 219
470 219
469 219
468 219
467 218
466 218
