440 78
439 79
439 80
439 81
439 82
439 83
439 84
439 85
439 86
439 87
439 88
439 89
439 90
439 91
439 92
439 93
439 94
439 95
439 96
439 97
439 98
439 99
439 100
439 101
439 102
439 103
439 104
439 105
439 106
439 107
439 108
439 109
439 110
439 111
439 112
439 113
439 114
439 115
439 116
439 117
439 118
439 119
439 120
439 121
439 122
439 123
439 124
439 125
439 126
439 127
439 128
439 129
439 130
439 131
439 132
439 133
439 134
439 135
439 136
439 137
439 138
439 139
439 140
439 141
439 142
439 143
439 144
439 145
439 146
439 147
439 148
439 149
439 150
439 151
439 152
439 153
439 154
439 155
439 156
439 157
439 158
439 159
439 160
439 161
439 162
439 163
439 164
439 165
439 166
439 167
439 168
439 169
439 170
439 171
439 172
439 173
439 174
439 175
439 176
439 177
439 178
439 179
439 180
439 181
439 182
439 183
439 184
439 185
439 186
439 187
439 188
439 189
439 190
439 191
439 192
439 193
439 194
439 195
439 196
439 197
439 198
439 199
439 200
439 201
439 202
439 203
439 204
439 205
439 206
439 207
439 208
439 209
439 210
439 211
439 212
439 213
439 214
439 215
439 216
439 217
439 218
439 219
439 220
439 221
439 222
439 223
439 224
439 225
439 226
439 227
439 228
439 229
439 230
439 231
439 232
439 233
439 234
439 235
439 236
439 237
439 238
439 239
439 240
439 241
439 242
439 243
439 244
439 245
439 246
439 247
439 248
439 249
439 250
439 251
439 252
439 253
439 254
439 255
439 256
439 257
439 258
439 259
439 260
439 261
439 262
439 263
439 264
439 265
439 266
439 267
439 268
439 269
439 270
439 271
439 272
439 273
439 274
439 275
439 276
439 277
439 278
439 279
439 280
439 281
439 282
439 283
439 284
439 285
439 286
439 287
439 288
439 289
439 290
439 291
439 292
439 293
439 294
439 295
439 296
439 297
439 298
439 299
439 300
439 301
439 302
439 303
439 304
439 305
439 306
439 307
439 308
439 309
439 310
439 311
439 312
439 313
439 314
439 315
439 316
439 317
439 318
439 319
439 320
439 321
439 322
439 323
439 324
439 325
439 326
439 327
439 328
439 329
439 330
439 331
439 332
439 333
439 334
439 335
439 336
439 337
439 338
439 339
439 340
439 341
439 342
439 343
439 344
439 345
439 346
439 347
439 348
439 349
439 350
439 351
439 352
439 353
439 354
439 355
439 356
439 357
439 358
439 359
439 360
439 361
439 362
439 363
439 364
439 365
439 366
439 367
439 368
439 369
439 370
439 371
439 372
439 373
439 374
439 375
439 376
439 377
439 378
439 379
439 380
439 381
439 382
439 383
439 384
439 385
439 386
439 387
439 388
439 389
439 390
439 391
439 392
439 393
439 394
439 395
439 396
439 397
439 398
439 399
439 400
439 401
439 402
439 403
439 404
439 405
439 406
439 407
439 408
439 409
439 410
439 411
439 412
439 413
439 414
439 415
439 416
439 417
439 418
439 419
439 420
439 421
439 422
439 423
439 424
439 425
439 426
439 427
439 428
439 429
439 430
439 431
439 432
439 433
439 434
439 435
439 436
439 437
439 438
439 439
439 440
439 441
439 442
439 443
439 444
439 445
439 446
439 447
439 448
439 449
439 450
439 451
439 452
439 453
439 454
439 455
439 456
439 457
439 458
439 459
439 460
439 461
439 462
439 463
439 464
439 465
439 466
439 467
439 468
439 469
439 470
439 471
439 472
439 473
439 474
439 475
439 476
439 477
439 478
439 479
439 480
439 481
439 482
439 483
439 484
439 485
439 486
439 487
439 488
439 489
439 490
439 491
439 492
439 493
439 494
439 495
439 496
439 497
439 498
439 499
439 500
439 501
439 502
439 503
439 504
439 505
439 506
439 507
439 508
439 509
439 510
439 511
439 512
439 513
439 514
439 515
439 516
439 517
439 518
439 519
439 520
439 521
439 522
439 523
439 524
439 525
439 526
439 527
439 528
439 529
439 530
439 531
439 532
439 533
439 534
439 535
439 536
439 537
439 538
439 539
439 540
439 541
439 542
439 543
439 544
439 545
439 546
439 547
439 548
439 549
439 550
439 551
439 552
439 553
439 554
439 555
439 556
439 557
439 558
439 559
439 560
439 561
439 562
439 563
439 564
439 565
439 566
439 567
439 568
439 569
439 570
439 571
439 572
439 573
439 574
439 575
439 576
439 577
439 578
439 579
439 580
439 581
439 582
439 583
439 584
439 585
439 586
439 587
439 588
439 589
439 590
439 591
439 592
439 593
439 594
439 595
439 596
439 597
439 598
439 599
439 600
439 601
439 602
439 603
439 604
439 605
439 606
439 607
439 608
439 609
439 610
439 611
439 612
439 613
439 614
439 615
439 616
439 617
439 618
439 619
439 620
439 621
439 622
439 623
439 624
439 625
439 626
439 627
439 628
439 629
439 630
439 631
439 632
439 633
439 634
439 635
439 636
439 637
439 638
439 639
439 640
439 641
439 642
439 643
439 644
439 645
439 646
439 647
439 648
439 649
439 650
439 651
439 652
439 653
439 654
439 655
439 656
439 657
439 658
439 659
439 660
439 661
439 662
439 663
439 664
439 665
439 666
439 667
439 668
439 669
439 670
439 671
439 672
439 673
439 674
439 675
439 676
439 677
439 678
439 679
439 680
439 681
439 682
439 683
439 684
439 685
439 686
439 687
439 688
439 689
439 690
439 691
439 692
439 693
439 694
439 695
439 696
439 697
439 698
439 699
439 700
439 701
439 702
439 703
439 704
439 705
439 706
439 707
439 708
439 709
439 710
439 711
439 712
439 713
439 714
439 715
439 716
439 717
439 718
439 719
439 720
439 721
439 722
439 723
439 724
439 725
439 726
439 727
439 728
439 729
439 730
439 731
440 732
441 732
442 732
443 732
444 732
445 732
446 732
447 732
448 732
449 732
450 732
451 732
452 732
453 732
454 732
455 732
456 732
457 732
458 732
459 732
460 732
461 731
462 731
463 731
464 731
465 731
466 731
467 731
468 731
469 731
470 731
471 731
472 730
473 730
474 730
475 730
476 730
477 730
478 730
479 730
480 729
481 729
482 729
483 729
484 729
485 729
486 728
487 728
488 728
489 728
490 728
491 728
492 727
493 727
494 727
495 727
496 726
497 726
498 726
499 726
500 726
501 725
502 725
503 725
504 725
505 724
506 724
507 724
508 724
509 723
510 723
511 723
512 722
513 722
514 722
515 721
516 721
517 721
518 720
519 720
520 720
521 719
522 719
523 719
524 718
525 718
526 718
527 717
528 717
529 717
530 716
531 716
532 715
533 715
534 715
535 714
536 714
537 713
538 713
539 712
540 712
541 712
542 711
543 711
544 710
545 710
546 709
547 709
548 708
549 708
550 707
551 707
552 706
553 706
554 705
555 705
556 704
557 704
558 703
559 703
560 702
561 702
562 701
563 700
564 700
565 699
566 699
567 698
568 697
569 697
570 696
571 696
572 695
573 694
574 694
575 693
576 692
577 692
578 691
579 690
580 690
581 689
582 688
583 688
584 687
585 686
586 686
587 685
588 684
589 683
590 683
591 682
592 681
593 680
594 680
595 679
596 678
597 677
598 676
599 676
600 675
601 674
602 673
603 672
604 671
605 670
606 670
607 669
608 668
609 667
610 666
611 665
612 664
613 663
614 662
615 661
616 660
617 659
618 658
619 658
619 657
620 656
621 655
622 654
623 653
624 652
625 651
626 650
627 649
628 648
629 647
630 646
631 645
632 644
633 643
633 642
634 641
635 640
636 639
637 638
638 637
639 636
639 635
640 634
641 633
642 632
643 631
643 630
644 629
645 628
646 627
647 626
647 625
648 624
649 623
649 622
650 621
651 620
652 619
652 618
653 617
654 616
655 615
655 614
656 613
657 612
657 611
658 610
659 609
659 608
660 607
661 606
661 605
662 604
662 603
663 602
664 601
664 600
665 599
666 598
666 597
667 596
667 595
668 594
669 593
669 592
670 591
670 590
671 589
671 588
672 587
673 586
673 585
674 584
674 583
675 582
675 581
676 580
676 579
677 578
677 577
678 576
678 575
679 574
679 573
680 572
680 571
681 570
681 569
682 568
682 567
683 566
683 565
684 564
684 563
685 562
685 561
685 560
686 559
686 558
687 557
687 556
688 555
688 554
688 553
689 552
689 551
690 550
690 549
691 548
691 547
691 546
692 545
692 544
692 543
693 542
693 541
694 540
694 539
694 538
695 537
695 536
695 535
696 534
696 533
697 532
697 531
697 530
698 529
698 528
698 527
699 526
699 525
699 524
700 523
700 522
700 521
701 520
701 519
701 518
701 517
702 516
702 515
702 514
703 513
703 512
703 511
703 510
704 509
704 508
704 507
705 506
705 505
705 504
705 503
706 502
706 501
706 500
706 499
707 498
707 497
707 496
707 495
708 494
708 493
708 492
708 491
709 490
709 489
709 488
709 487
709 486
710 485
710 484
710 483
710 482
710 481
711 480
711 479
711 478
711 477
711 476
712 475
712 474
712 473
712 472
712 471
712 470
713 469
713 468
713 467
713 466
713 465
713 464
714 463
714 462
714 461
714 460
714 459
714 458
714 457
715 456
715 455
715 454
715 453
715 452
715 451
715 450
715 449
715 448
716 447
716 446
716 445
716 444
716 443
716 442
716 441
716 440
716 439
716 438
717 437
717 436
717 435
717 434
717 433
717 432
717 431
717 430
717 429
717 428
717 427
717 426
717 425
717 424
717 423
717 422
718 421
718 420
718 419
718 418
718 417
718 416
718 415
718 414
718 413
718 412
718 411
718 410
718 409
718 408
718 407
718 406
718 405
718 404
718 403
718 402
718 401
718 400
718 399
718 398
718 397
718 396
718 395
718 394
718 393
718 392
718 391
718 390
718 389
717 388
717 387
717 386
717 385
717 384
717 383
717 382
717 381
717 380
717 379
717 378
717 377
717 376
717 375
717 374
717 373
716 372
716 371
716 370
716 369
716 368
716 367
716 366
716 365
716 364
716 363
716 362
715 361
715 360
715 359
715 358
715 357
715 356
715 355
715 354
714 353
714 352
714 351
714 350
714 349
714 348
714 347
713 346
713 345
713 344
713 343
713 342
713 341
713 340
712 339
712 338
712 337
712 336
712 335
711 334
711 333
711 332
711 331
711 330
711 329
710 328
710 327
710 326
710 325
710 324
709 323
709 322
709 321
709 320
708 319
708 318
708 317
708 316
708 315
707 314
707 313
707 312
707 311
706 310
706 309
706 308
706 307
705 306
705 305
705 304
704 303
704 302
704 301
704 300
703 299
703 298
703 297
702 296
702 295
702 294
702 293
701 292
701 291
701 290
700 289
700 288
700 287
699 286
699 285
699 284
698 283
698 282
698 281
697 280
697 279
697 278
696 277
696 276
696 275
695 274
695 273
695 272
694 271
694 270
693 269
693 268
693 267
692 266
692 265
692 264
691 263
691 262
690 261
690 260
690 259
689 258
689 257
688 256
688 255
687 254
687 253
687 252
686 251
686 250
685 249
685 248
684 247
684 246
683 245
683 244
682 243
682 242
682 241
681 240
681 239
680 238
680 237
679 236
679 235
678 234
678 233
677 232
677 231
676 230
675 229
675 228
674 227
674 226
673 225
673 224
672 223
672 222
671 221
671 220
670 219
669 218
669 217
668 216
668 215
667 214
666 213
666 212
665 211
665 210
664 209
663 208
663 207
662 206
662 205
661 204
660 203
660 202
659 201
658 200
658 199
657 198
656 197
656 196
655 195
654 194
653 193
653 192
652 191
651 190
651 189
650 188
649 187
648 186
648 185
647 184
646 183
645 182
645 181
644 180
643 179
642 178
641 177
641 176
640 175
639 174
638 173
637 172
637 171
636 170
635 169
634 168
633 167
632 166
631 165
630 164
630 163
629 162
628 161
627 160
626 159
625 158
624 157
623 156
622 155
621 154
620 153
619 152
618 151
617 150
616 149
615 148
614 147
613 146
612 145
611 144
610 143
609 142
608 142
607 141
606 140
605 139
604 138
603 137
602 136
601 136
600 135
599 134
598 133
597 132
596 131
595 131
594 130
593 129
592 128
591 128
590 127
589 126
588 125
587 125
586 124
585 123
584 122
583 122
582 121
581 120
580 120
579 119
578 118
577 118
576 117
575 116
574 116
573 115
572 114
571 114
570 113
569 113
568 112
567 111
566 111
565 110
564 110
563 109
562 108
561 108
560 107
559 107
558 106
557 106
556 105
555 105
554 104
553 104
552 103
551 103
550 102
549 102
548 101
547 101
546 100
545 100
544 99
543 99
542 98
541 98
540 97
539 97
538 97
537 96
536 96
535 95
534 95
533 94
532 94
531 94
530 93
529 93
528 92
527 92
526 92
525 91
524 91
523 91
522 90
521 90
520 90
519 89
518 89
517 89
516 88
515 88
514 88
513 87
512 87
511 87
510 86
509 86
508 86
507 86
506 85
505 85
504 85
503 85
502 84
501 84
500 84
499 84
498 83
497 83
496 83
495 83
494 82
493 82
492 82
491 82
490 82
489 81
488 81
487 81
486 81
485 81
484 81
483 80
482 80
481 80
480 80
479 80
478 80
477 80
476 79
475 79
474 79
473 79
472 79
471 79
470 79
469 79
468 79
467 78
466 78
465 78
464 78
463 78
462 78
461 78
460 78
459 78
458 78
457 78
456 78
455 78
454 78
453 78
452 78
451 78
450 78
449 78
448 78
447 78
446 78
445 78
444 78
443 78
442 78
441 78
440 78
