435 178
434 179
433 179
432 179
431 179
430 179
429 179
428 179
427 179
426 179
425 179
424 179
423 179
422 179
421 179
420 179
419 179
418 179
417 179
416 179
415 180
414 180
413 180
412 180
411 180
410 180
409 180
408 180
407 180
406 180
405 180
404 180
403 181
402 181
401 181
400 181
399 181
398 181
397 181
396 181
395 181
394 181
393 182
392 182
391 182
390 182
389 183
388 184
387 185
387 186
386 187
386 188
386 189
386 190
386 191
386 192
386 193
386 194
386 195
386 196
386 197
386 198
386 199
386 200
386 201
386 202
386 203
386 204
386 205
386 206
386 207
386 208
386 209
386 210
386 211
386 212
386 213
386 214
386 215
386 216
386 217
386 218
386 219
386 220
386 221
386 222
386 223
386 224
386 225
386 226
386 227
386 228
386 229
386 230
386 231
386 232
386 233
386 234
386 235
386 236
386 237
386 238
386 239
386 240
386 241
386 242
386 243
386 244
386 245
386 246
386 247
386 248
386 249
386 250
386 251
386 252
386 253
386 254
386 255
386 256
386 257
386 258
386 259
386 260
386 261
386 262
386 263
386 264
386 265
386 266
386 267
386 268
386 269
386 270
386 271
386 272
386 273
386 274
386 275
386 276
386 277
386 278
386 279
386 280
386 281
386 282
386 283
386 284
386 285
386 286
386 287
386 288
386 289
386 290
386 291
386 292
386 293
386 294
386 295
386 296
386 297
386 298
386 299
386 300
386 301
386 302
386 303
386 304
386 305
386 306
386 307
386 308
386 309
386 310
386 311
386 312
386 313
386 314
386 315
386 316
386 317
386 318
386 319
386 320
386 321
386 322
386 323
386 324
386 325
386 326
386 327
386 328
386 329
386 330
386 331
386 332
386 333
386 334
386 335
386 336
386 337
386 338
386 339
386 340
386 341
386 342
386 343
386 344
386 345
386 346
386 347
386 348
386 349
386 350
386 351
386 352
386 353
386 354
386 355
386 356
386 357
386 358
386 359
386 360
386 361
386 362
386 363
386 364
386 365
386 366
386 367
386 368
386 369
386 370
386 371
386 372
386 373
386 374
386 375
386 376
386 377
386 378
386 379
386 380
386 381
386 382
386 383
386 384
386 385
386 386
386 387
386 388
386 389
386 390
386 391
386 392
386 393
386 394
386 395
386 396
386 397
386 398
386 399
386 400
386 401
386 402
386 403
386 404
386 405
386 406
386 407
386 408
386 409
386 410
386 411
386 412
386 413
386 414
386 415
386 416
386 417
386 418
386 419
386 420
386 421
386 422
386 423
386 424
386 425
386 426
386 427
386 428
386 429
386 430
386 431
386 432
386 433
386 434
386 435
386 436
386 437
386 438
386 439
386 440
386 441
386 442
386 443
386 444
386 445
386 446
386 447
386 448
386 449
386 450
386 451
386 452
386 453
386 454
386 455
386 456
386 457
386 458
386 459
386 460
386 461
386 462
386 463
386 464
386 465
386 466
386 467
386 468
386 469
386 470
386 471
386 472
386 473
386 474
386 475
386 476
386 477
386 478
386 479
386 480
386 481
386 482
386 483
386 484
386 485
386 486
386 487
386 488
386 489
386 490
386 491
386 492
386 493
386 494
386 495
386 496
386 497
386 498
386 499
386 500
386 501
386 502
386 503
386 504
386 505
386 506
386 507
386 508
386 509
386 510
386 511
386 512
386 513
386 514
386 515
386 516
386 517
386 518
386 519
386 520
386 521
386 522
386 523
386 524
386 525
386 526
386 527
386 528
386 529
386 530
386 531
386 532
386 533
386 534
386 535
386 536
386 537
386 538
386 539
386 540
386 541
386 542
386 543
386 544
386 545
386 546
386 547
386 548
386 549
386 550
386 551
386 552
386 553
386 554
386 555
386 556
386 557
386 558
386 559
386 560
386 561
386 562
386 563
386 564
386 565
386 566
386 567
386 568
386 569
386 570
386 571
386 572
386 573
386 574
386 575
386 576
386 577
386 578
386 579
386 580
386 581
386 582
386 583
386 584
386 585
386 586
386 587
386 588
386 589
386 590
386 591
386 592
386 593
386 594
386 595
386 596
386 597
386 598
386 599
386 600
386 601
386 602
386 603
386 604
386 605
387 606
387 607
388 608
389 608
390 609
391 609
392 609
393 610
394 610
395 610
396 610
397 610
398 610
399 610
400 610
401 610
402 611
403 611
404 611
405 611
406 611
407 611
408 611
409 611
410 611
411 611
412 611
413 612
414 612
415 612
416 612
417 612
418 612
419 612
420 612
421 612
422 612
423 612
424 612
425 612
426 612
427 612
428 612
429 613
430 613
431 613
432 613
433 613
434 613
435 613
436 613
437 613
438 613
439 613
440 613
441 613
442 613
443 613
444 613
445 613
446 613
447 613
448 613
449 613
450 613
451 613
452 613
453 613
454 613
455 613
456 613
457 613
458 613
459 613
460 613
461 613
462 613
463 613
464 613
465 613
466 613
467 613
468 613
469 612
470 612
471 612
472 612
473 612
474 612
475 612
476 612
477 612
478 612
479 612
480 612
481 612
482 612
483 612
484 611
485 611
486 611
487 611
488 611
489 611
490 611
491 611
492 611
493 611
494 610
495 610
496 610
497 610
498 610
499 610
500 610
501 610
502 610
503 609
504 609
505 609
506 609
507 609
508 609
509 608
510 608
511 608
512 608
513 608
514 608
515 608
516 607
517 607
518 607
519 607
520 607
521 606
522 606
523 606
524 606
525 606
526 605
527 605
528 605
529 605
530 605
531 604
532 604
533 604
534 604
535 603
536 603
537 603
538 603
539 603
540 602
541 602
542 602
543 601
544 601
545 601
546 601
547 600
548 600
549 600
550 600
551 599
552 599
553 599
554 598
555 598
556 598
557 597
558 597
559 597
560 597
561 596
562 596
563 596
564 595
565 595
566 595
567 594
568 594
569 594
570 593
571 593
572 592
573 592
574 592
575 591
576 591
577 591
578 590
579 590
580 589
581 589
582 589
583 588
584 588
585 588
586 587
587 587
588 586
589 586
590 585
591 585
592 584
593 584
594 583
595 583
596 582
597 582
598 581
599 581
600 580
601 580
602 579
603 579
604 578
605 578
606 577
607 577
608 576
609 576
610 575
611 574
612 574
613 573
614 573
615 572
616 571
617 571
618 570
619 570
620 569
621 568
622 568
623 567
624 566
625 566
626 565
627 564
628 564
629 563
630 562
631 561
632 561
633 560
634 559
635 559
636 558
637 557
638 556
639 555
640 555
641 554
642 553
643 552
644 551
645 550
646 549
647 549
648 548
649 547
650 546
651 545
652 544
653 543
654 542
655 541
656 540
657 539
658 538
659 537
659 536
660 535
661 534
662 533
663 532
664 531
665 530
665 529
666 528
667 527
668 526
668 525
669 524
670 523
671 522
671 521
672 520
673 519
673 518
674 517
675 516
675 515
676 514
677 513
677 512
678 511
678 510
679 509
680 508
680 507
681 506
681 505
682 504
682 503
683 502
683 501
684 500
684 499
685 498
685 497
686 496
686 495
687 494
687 493
688 492
688 491
688 490
689 489
689 488
690 487
690 486
690 485
691 484
691 483
692 482
692 481
692 480
693 479
693 478
693 477
694 476
694 475
694 474
694 473
695 472
695 471
695 470
696 469
696 468
696 467
696 466
697 465
697 464
697 463
697 462
698 461
698 460
698 459
698 458
699 457
699 456
699 455
699 454
699 453
700 452
700 451
700 450
700 449
700 448
700 447
701 446
701 445
701 444
701 443
701 442
701 441
702 440
702 439
702 438
702 437
702 436
702 435
702 434
702 433
702 432
703 431
703 430
703 429
703 428
703 427
703 426
703 425
703 424
703 423
703 422
703 421
703 420
704 419
704 418
704 417
704 416
704 415
704 414
704 413
704 412
704 411
704 410
704 409
704 408
704 407
704 406
704 405
704 404
704 403
704 402
704 401
704 400
704 399
704 398
704 397
704 396
704 395
704 394
704 393
704 392
704 391
704 390
704 389
704 388
704 387
704 386
704 385
704 384
704 383
704 382
704 381
704 380
704 379
704 378
704 377
704 376
704 375
704 374
704 373
704 372
703 371
703 370
703 369
703 368
703 367
703 366
703 365
703 364
703 363
703 362
703 361
703 360
702 359
702 358
702 357
702 356
702 355
702 354
702 353
702 352
702 351
701 350
701 349
701 348
701 347
701 346
701 345
700 344
700 343
700 342
700 341
700 340
700 339
699 338
699 337
699 336
699 335
699 334
698 333
698 332
698 331
698 330
697 329
697 328
697 327
697 326
696 325
696 324
696 323
696 322
695 321
695 320
695 319
694 318
694 317
694 316
693 315
693 314
693 313
692 312
692 311
692 310
691 309
691 308
691 307
690 306
690 305
690 304
689 303
689 302
688 301
688 300
687 299
687 298
687 297
686 296
686 295
685 294
685 293
684 292
684 291
683 290
683 289
682 288
682 287
681 286
681 285
680 284
679 283
679 282
678 281
678 280
677 279
677 278
676 277
675 276
675 275
674 274
673 273
673 272
672 271
671 270
670 269
670 268
669 267
668 266
667 265
667 264
666 263
665 262
664 261
664 260
663 259
662 258
661 257
660 256
659 255
658 254
657 253
656 252
655 251
654 250
654 249
653 248
652 247
651 246
650 246
649 245
648 244
647 243
646 242
645 241
644 240
643 239
642 238
641 238
640 237
639 236
638 235
637 234
636 234
635 233
634 232
633 231
632 231
631 230
630 229
629 228
628 228
627 227
626 226
625 226
624 225
623 224
622 224
621 223
620 222
619 222
618 221
617 220
616 220
615 219
614 219
613 218
612 217
611 217
610 216
609 216
608 215
607 215
606 214
605 213
604 213
603 212
602 212
601 211
600 211
599 210
598 210
597 209
596 209
595 208
594 208
593 207
592 207
591 206
590 206
589 206
588 205
587 205
586 204
585 204
584 203
583 203
582 203
581 202
580 202
579 201
578 201
577 201
576 200
575 200
574 199
573 199
572 199
571 198
570 198
569 198
568 197
567 197
566 197
565 196
564 196
563 196
562 195
561 195
560 195
559 194
558 194
557 194
556 193
555 193
554 193
553 193
552 192
551 192
550 192
549 191
548 191
547 191
546 191
545 190
544 190
543 190
542 189
541 189
540 189
539 189
538 188
537 188
536 188
535 188
534 188
533 187
532 187
531 187
530 187
529 186
528 186
527 186
526 186
525 186
524 185
523 185
522 185
521 185
520 185
519 184
518 184
517 184
516 184
515 184
514 184
513 183
512 183
511 183
510 183
509 183
508 183
507 182
506 182
505 182
504 182
503 182
502 182
501 182
500 181
499 181
498 181
497 181
496 181
495 181
494 181
493 181
492 180
491 180
490 180
489 180
488 180
487 180
486 180
485 180
484 180
483 180
482 180
481 179
480 179
479 179
478 179
477 179
476 179
475 179
474 179
473 179
472 179
471 179
470 179
469 179
468 179
467 179
466 179
465 179
464 179
463 178
462 178
461 178
460 178
459 178
458 178
457 178
456 178
455 178
454 178
453 178
452 178
451 178
450 178
449 178
448 178
447 178
446 178
445 178
444 178
443 178
442 178
441 178
440 178
439 178
438 178
437 178
436 178
435 178
