523 69
522 70
521 70
520 70
519 70
518 70
517 70
516 70
515 70
514 70
513 70
512 70
511 70
510 71
509 71
508 71
507 71
506 71
505 71
504 71
503 72
502 72
501 72
500 72
499 72
498 72
497 73
496 73
495 73
494 73
493 73
492 74
491 74
490 74
489 74
488 74
487 75
486 75
485 75
484 75
483 76
482 76
481 76
480 76
479 77
478 77
477 77
476 77
475 78
474 78
473 78
472 79
471 79
470 79
469 79
468 80
467 80
466 80
465 81
464 81
463 81
462 82
461 82
460 82
459 83
458 83
457 84
456 84
455 84
454 85
453 85
452 85
451 86
450 86
449 87
448 87
447 88
446 88
445 88
444 89
443 89
442 90
441 90
440 91
439 91
438 91
437 92
436 92
435 93
434 93
433 94
432 94
431 95
430 95
429 96
428 96
427 97
426 97
425 98
424 99
423 99
422 100
421 100
420 101
419 101
418 102
417 102
416 103
415 104
414 104
413 105
412 105
411 106
410 107
409 107
408 108
407 109
406 109
405 110
404 111
403 111
402 112
401 113
400 113
399 114
398 115
397 115
396 116
395 117
394 118
393 118
392 119
391 120
390 121
389 121
388 122
387 123
386 124
385 125
384 125
383 126
382 127
381 128
380 129
379 130
378 130
377 131
376 132
375 133
374 134
373 135
372 136
371 137
370 138
369 139
368 140
367 141
366 142
365 143
364 144
363 145
362 146
361 147
360 148
359 149
358 150
357 151
357 152
356 153
355 154
354 155
353 156
352 157
352 158
351 159
350 160
349 161
348 162
348 163
347 164
346 165
345 166
345 167
344 168
343 169
343 170
342 171
341 172
341 173
340 174
339 175
338 176
338 177
337 178
337 179
336 180
335 181
335 182
334 183
333 184
333 185
332 186
332 187
331 188
331 189
330 190
330 191
329 192
329 193
328 194
327 195
327 196
327 197
326 198
325 199
325 200
324 201
323 202
322 203
321 203
320 203
319 204
318 204
317 204
316 204
315 204
314 203
313 203
312 202
312 201
312 200
312 199
313 198
314 197
315 197
316 196
316 195
317 194
317 193
317 192
317 191
317 190
317 189
317 188
316 187
316 186
315 185
314 184
313 184
312 183
311 183
310 183
309 183
308 184
307 184
306 185
305 186
304 187
303 188
302 189
302 190
301 191
301 192
300 193
300 194
300 195
299 196
299 197
299 198
299 199
299 200
299 201
299 202
299 203
299 204
299 205
299 206
299 207
299 208
299 209
299 210
299 211
299 212
299 213
299 214
299 215
299 216
299 217
299 218
299 219
299 220
299 221
299 222
299 223
299 224
299 225
299 226
299 227
299 228
299 229
299 230
299 231
299 232
299 233
299 234
299 235
299 236
299 237
299 238
299 239
299 240
299 241
299 242
299 243
299 244
299 245
299 246
299 247
299 248
299 249
299 250
299 251
299 252
299 253
299 254
299 255
299 256
299 257
299 258
299 259
299 260
299 261
299 262
299 263
299 264
299 265
299 266
299 267
299 268
299 269
299 270
299 271
299 272
299 273
299 274
299 275
299 276
299 277
299 278
299 279
299 280
299 281
299 282
299 283
299 284
299 285
299 286
299 287
299 288
299 289
299 290
299 291
299 292
299 293
299 294
299 295
299 296
299 297
299 298
299 299
299 300
299 301
299 302
299 303
299 304
299 305
299 306
299 307
299 308
299 309
299 310
299 311
299 312
299 313
299 314
299 315
299 316
299 317
299 318
299 319
299 320
299 321
299 322
299 323
299 324
299 325
299 326
299 327
299 328
299 329
299 330
299 331
299 332
299 333
299 334
299 335
299 336
299 337
299 338
299 339
299 340
299 341
299 342
299 343
299 344
299 345
299 346
299 347
299 348
299 349
299 350
299 351
299 352
299 353
299 354
299 355
299 356
299 357
299 358
299 359
299 360
299 361
299 362
299 363
299 364
299 365
299 366
299 367
299 368
299 369
299 370
299 371
299 372
299 373
299 374
299 375
299 376
299 377
299 378
299 379
299 380
299 381
299 382
299 383
299 384
299 385
299 386
299 387
299 388
299 389
299 390
299 391
299 392
299 393
299 394
299 395
299 396
299 397
299 398
299 399
299 400
299 401
299 402
299 403
299 404
299 405
299 406
299 407
299 408
299 409
299 410
299 411
299 412
299 413
299 414
299 415
299 416
299 417
299 418
299 419
299 420
299 421
299 422
299 423
299 424
299 425
299 426
299 427
299 428
299 429
299 430
299 431
299 432
299 433
299 434
299 435
299 436
299 437
299 438
299 439
299 440
299 441
299 442
299 443
299 444
299 445
299 446
299 447
299 448
299 449
299 450
299 451
299 452
299 453
299 454
299 455
299 456
299 457
299 458
299 459
299 460
299 461
299 462
299 463
299 464
299 465
299 466
299 467
299 468
299 469
299 470
299 471
299 472
299 473
299 474
299 475
299 476
299 477
299 478
299 479
299 480
299 481
299 482
299 483
299 484
299 485
299 486
299 487
299 488
299 489
299 490
299 491
299 492
299 493
299 494
299 495
299 496
299 497
299 498
299 499
299 500
299 501
299 502
299 503
299 504
299 505
299 506
299 507
299 508
299 509
299 510
299 511
299 512
299 513
299 514
299 515
299 516
299 517
299 518
299 519
299 520
299 521
299 522
299 523
299 524
299 525
299 526
299 527
299 528
299 529
299 530
299 531
299 532
299 533
299 534
299 535
299 536
299 537
299 538
299 539
299 540
299 541
299 542
299 543
299 544
299 545
299 546
299 547
299 548
299 549
299 550
299 551
299 552
299 553
299 554
299 555
299 556
299 557
299 558
299 559
299 560
299 561
299 562
299 563
299 564
299 565
299 566
299 567
299 568
299 569
299 570
299 571
299 572
299 573
299 574
299 575
299 576
299 577
299 578
299 579
299 580
299 581
299 582
299 583
299 584
299 585
299 586
299 587
299 588
299 589
299 590
299 591
299 592
299 593
299 594
299 595
299 596
299 597
299 598
299 599
299 600
299 601
299 602
299 603
300 604
300 605
300 606
301 607
301 608
302 609
303 610
303 611
304 612
305 613
306 614
307 614
308 615
309 615
310 615
311 615
312 615
313 615
314 614
315 613
316 612
317 611
317 610
317 609
317 608
317 607
317 606
317 605
317 604
316 603
315 602
314 601
313 600
312 599
312 598
312 597
313 596
314 595
315 595
316 595
317 595
318 595
319 595
320 595
321 595
322 596
323 597
324 598
325 599
326 600
326 601
327 602
327 603
328 604
328 605
329 606
329 607
330 608
330 609
331 610
332 611
332 612
333 613
333 614
334 615
334 616
335 617
336 618
336 619
337 620
337 621
338 622
339 623
339 624
340 625
341 626
342 627
342 628
343 629
344 630
344 631
345 632
346 633
347 634
347 635
348 636
349 637
350 638
350 639
351 640
352 641
353 642
354 643
354 644
355 645
356 646
357 647
358 648
359 649
360 650
361 651
362 652
363 653
363 654
364 655
365 656
366 657
367 658
368 659
369 660
370 661
371 662
372 662
373 663
374 664
375 665
376 666
377 667
378 668
379 669
380 670
381 671
382 671
383 672
384 673
385 674
386 675
387 675
388 676
389 677
390 678
391 679
392 679
393 680
394 681
395 682
396 682
397 683
398 684
399 684
400 685
401 686
402 687
403 687
404 688
405 689
406 689
407 690
408 691
409 691
410 692
411 692
412 693
413 694
414 694
415 695
416 695
417 696
418 697
419 697
420 698
421 698
422 699
423 699
424 700
425 700
426 701
427 701
428 702
429 703
430 703
431 704
432 704
433 705
434 705
435 706
436 706
437 706
438 707
439 707
440 708
441 708
442 709
443 709
444 710
445 710
446 710
447 711
448 711
449 712
450 712
451 713
452 713
453 713
454 714
455 714
456 714
457 715
458 715
459 716
460 716
461 716
462 717
463 717
464 717
465 718
466 718
467 718
468 719
469 719
470 719
471 720
472 720
473 720
474 720
475 721
476 721
477 721
478 722
479 722
480 722
481 722
482 723
483 723
484 723
485 723
486 724
487 724
488 724
489 724
490 724
491 725
492 725
493 725
494 725
495 725
496 726
497 726
498 726
499 726
500 726
501 727
502 727
503 727
504 727
505 727
506 727
507 727
508 728
509 728
510 728
511 728
512 728
513 728
514 728
515 728
516 728
517 729
518 729
519 729
520 729
521 729
522 729
523 729
524 729
525 729
526 729
527 729
528 729
529 729
530 729
531 729
532 729
533 729
534 729
535 729
536 729
537 729
538 729
539 729
540 729
541 729
542 729
543 729
544 729
545 729
546 729
547 729
548 729
549 728
550 728
551 728
552 728
553 728
554 728
555 728
556 728
557 728
558 728
559 727
560 727
561 727
562 727
563 727
564 727
565 727
566 727
567 726
568 726
569 726
570 726
571 726
572 726
573 726
574 725
575 725
576 725
577 725
578 725
579 724
580 724
581 724
582 724
583 724
584 724
585 723
586 723
587 723
588 723
589 722
590 722
591 722
592 722
593 721
594 721
595 721
596 721
597 721
598 720
599 720
600 720
601 719
602 719
603 719
604 719
605 718
606 718
607 718
608 717
609 717
610 717
611 716
612 716
613 716
614 716
615 715
616 715
617 714
618 714
619 714
620 713
621 713
622 713
623 712
624 712
625 712
626 711
627 711
628 710
629 710
630 710
631 709
632 709
633 708
634 708
635 707
636 707
637 707
638 706
639 706
640 705
641 705
642 704
643 704
644 703
645 703
646 702
647 702
648 701
649 701
650 700
651 700
652 699
653 699
654 698
655 698
656 697
657 697
658 696
659 696
660 695
661 694
662 694
663 693
664 693
665 692
666 692
667 691
668 690
669 690
670 689
671 688
672 688
673 687
674 686
675 686
676 685
677 684
678 684
679 683
680 682
681 682
682 681
683 680
684 680
685 679
686 678
687 677
688 677
689 676
690 675
691 674
692 674
693 673
694 672
695 671
696 670
697 670
698 669
699 668
700 667
701 666
702 665
703 664
704 664
705 663
706 662
707 661
708 660
709 659
710 658
711 657
712 656
713 655
714 654
715 653
716 652
717 651
718 650
719 649
720 648
721 647
722 646
723 645
724 644
725 643
726 642
727 641
728 640
729 639
730 638
730 637
731 636
732 635
733 634
734 633
735 632
736 631
736 630
737 629
738 628
739 627
740 626
740 625
741 624
742 623
743 622
744 621
744 620
745 619
746 618
747 617
747 616
748 615
749 614
749 613
750 612
751 611
752 610
752 609
753 608
754 607
754 606
755 605
756 604
756 603
757 602
758 601
758 600
759 599
760 598
760 597
761 596
761 595
762 594
763 593
763 592
764 591
765 590
765 589
766 588
766 587
767 586
768 585
768 584
769 583
769 582
770 581
770 580
771 579
771 578
772 577
773 576
773 575
774 574
774 573
775 572
775 571
776 570
776 569
777 568
777 567
778 566
778 565
779 564
779 563
780 562
780 561
781 560
781 559
782 558
782 557
783 556
783 555
784 554
784 553
785 552
785 551
785 550
786 549
786 548
787 547
787 546
788 545
788 544
789 543
789 542
789 541
790 540
790 539
791 538
791 537
791 536
792 535
792 534
793 533
793 532
793 531
794 530
794 529
795 528
795 527
795 526
796 525
796 524
797 523
797 522
797 521
798 520
798 519
798 518
799 517
799 516
799 515
800 514
800 513
800 512
801 511
801 510
801 509
802 508
802 507
802 506
803 505
803 504
803 503
804 502
804 501
804 500
804 499
805 498
805 497
805 496
806 495
806 494
806 493
806 492
807 491
807 490
807 489
808 488
808 487
808 486
808 485
809 484
809 483
809 482
809 481
810 480
810 479
810 478
810 477
811 476
811 475
811 474
811 473
812 472
812 471
812 470
812 469
812 468
813 467
813 466
813 465
813 464
813 463
814 462
814 461
814 460
814 459
814 458
815 457
815 456
815 455
815 454
815 453
816 452
816 451
816 450
816 449
816 448
816 447
817 446
817 445
817 444
817 443
817 442
817 441
817 440
818 439
818 438
818 437
818 436
818 435
818 434
818 433
818 432
819 431
819 430
819 429
819 428
819 427
819 426
819 425
819 424
819 423
819 422
820 421
820 420
820 419
820 418
820 417
820 416
820 415
820 414
820 413
820 412
820 411
820 410
820 409
820 408
820 407
820 406
820 405
820 404
820 403
820 402
821 401
821 400
821 399
821 398
820 397
820 396
820 395
820 394
820 393
820 392
820 391
820 390
820 389
820 388
820 387
820 386
820 385
820 384
820 383
820 382
820 381
820 380
820 379
820 378
820 377
819 376
819 375
819 374
819 373
819 372
819 371
819 370
819 369
819 368
819 367
818 366
818 365
818 364
818 363
818 362
818 361
818 360
817 359
817 358
817 357
817 356
817 355
817 354
817 353
816 352
816 351
816 350
816 349
816 348
816 347
815 346
815 345
815 344
815 343
815 342
815 341
814 340
814 339
814 338
814 337
814 336
813 335
813 334
813 333
813 332
813 331
812 330
812 329
812 328
812 327
811 326
811 325
811 324
811 323
810 322
810 321
810 320
810 319
810 318
809 317
809 316
809 315
809 314
808 313
808 312
808 311
807 310
807 309
807 308
807 307
806 306
806 305
806 304
806 303
805 302
805 301
805 300
804 299
804 298
804 297
803 296
803 295
803 294
802 293
802 292
802 291
802 290
801 289
801 288
800 287
800 286
800 285
799 284
799 283
799 282
798 281
798 280
798 279
797 278
797 277
797 276
796 275
796 274
796 273
795 272
795 271
794 270
794 269
794 268
793 267
793 266
792 265
792 264
792 263
791 262
791 261
790 260
790 259
790 258
789 257
789 256
788 255
788 254
787 253
787 252
787 251
786 250
786 249
785 248
785 247
784 246
784 245
783 244
783 243
782 242
782 241
781 240
781 239
781 238
780 237
780 236
779 235
779 234
778 233
778 232
777 231
776 230
776 229
775 228
775 227
774 226
774 225
773 224
773 223
772 222
772 221
771 220
771 219
770 218
770 217
769 216
768 215
768 214
767 213
767 212
766 211
765 210
765 209
764 208
764 207
763 206
762 205
762 204
761 203
761 202
760 201
759 200
759 199
758 198
757 197
757 196
756 195
755 194
755 193
754 192
753 191
753 190
752 189
751 188
750 187
750 186
749 185
748 184
748 183
747 182
746 181
745 180
745 179
744 178
743 177
742 176
742 175
741 174
740 173
739 172
738 171
738 170
737 169
736 168
735 167
734 166
734 165
733 164
732 163
731 162
730 161
729 160
728 159
727 158
726 157
726 156
725 155
724 154
723 153
722 152
721 151
720 150
719 149
718 148
717 147
716 146
715 145
714 144
713 143
712 142
711 141
710 140
709 139
708 138
707 138
706 137
705 136
704 135
703 134
702 133
701 132
700 131
699 131
698 130
697 129
696 128
695 127
694 126
693 126
692 125
691 124
690 123
689 123
688 122
687 121
686 120
685 120
684 119
683 118
682 117
681 117
680 116
679 115
678 115
677 114
676 113
675 113
674 112
673 111
672 111
671 110
670 109
669 109
668 108
667 108
666 107
665 106
664 106
663 105
662 105
661 104
660 103
659 103
658 102
657 102
656 101
655 101
654 100
653 100
652 99
651 99
650 98
649 97
648 97
647 96
646 96
645 95
644 95
643 95
642 94
641 94
640 93
639 93
638 92
637 92
636 91
635 91
634 90
633 90
632 90
631 89
630 89
629 88
628 88
627 88
626 87
625 87
624 86
623 86
622 86
621 85
620 85
619 85
618 84
617 84
616 84
615 83
614 83
613 83
612 82
611 82
610 82
609 81
608 81
607 81
606 80
605 80
604 80
603 80
602 79
601 79
600 79
599 78
598 78
597 78
596 78
595 77
594 77
593 77
592 77
591 76
590 76
589 76
588 76
587 76
586 75
585 75
584 75
583 75
582 74
581 74
580 74
579 74
578 74
577 74
576 73
575 73
574 73
573 73
572 73
571 73
570 72
569 72
568 72
567 72
566 72
565 72
564 72
563 71
562 71
561 71
560 71
559 71
558 71
557 71
556 71
555 70
554 70
553 70
552 70
551 70
550 70
549 70
548 70
547 70
546 70
545 70
544 70
543 70
542 69
541 69
540 69
539 69
538 69
537 69
536 69
535 69
534 69
533 69
532 69
531 69
530 69
529 69
528 69
527 69
526 69
525 69
524 69
523 69
