515 250
514 251
513 251
512 251
511 251
510 251
509 251
508 251
507 251
506 252
505 252
504 252
503 252
502 253
501 253
500 253
499 253
498 254
497 254
496 254
495 255
494 255
493 255
492 256
491 256
490 256
489 257
488 257
487 258
486 258
485 259
484 259
483 259
482 260
481 260
480 261
479 261
478 262
477 262
476 263
475 263
474 264
473 265
472 265
471 266
470 266
469 267
468 267
467 268
466 269
465 269
464 270
463 270
462 271
461 272
460 272
459 273
458 274
457 274
456 275
455 276
454 277
453 277
452 278
451 279
450 280
449 280
448 281
447 282
446 283
445 284
444 284
443 285
442 286
441 287
440 288
439 289
438 290
437 290
436 291
435 292
434 293
433 294
432 295
431 296
430 297
429 298
428 299
427 300
426 301
425 302
425 303
424 304
423 305
422 306
421 307
420 308
419 309
418 310
418 311
417 312
416 313
415 314
414 315
413 315
412 315
411 315
410 315
409 315
408 315
407 315
406 315
405 315
404 316
403 317
403 318
402 319
402 320
402 321
402 322
402 323
402 324
402 325
402 326
402 327
402 328
402 329
402 330
402 331
402 332
402 333
402 334
402 335
402 336
402 337
402 338
402 339
402 340
402 341
402 342
402 343
402 344
402 345
402 346
402 347
402 348
402 349
402 350
402 351
402 352
402 353
402 354
402 355
402 356
402 357
402 358
402 359
402 360
402 361
402 362
402 363
402 364
402 365
402 366
402 367
402 368
402 369
402 370
402 371
402 372
402 373
402 374
402 375
402 376
402 377
402 378
402 379
402 380
402 381
402 382
402 383
402 384
402 385
402 386
402 387
402 388
402 389
402 390
402 391
402 392
402 393
402 394
402 395
402 396
402 397
402 398
402 399
402 400
402 401
402 402
402 403
402 404
402 405
402 406
402 407
402 408
402 409
402 410
402 411
402 412
402 413
402 414
402 415
402 416
402 417
402 418
402 419
402 420
402 421
402 422
402 423
402 424
402 425
402 426
402 427
402 428
402 429
402 430
402 431
402 432
402 433
402 434
402 435
402 436
402 437
402 438
402 439
402 440
402 441
402 442
402 443
402 444
402 445
402 446
402 447
402 448
402 449
402 450
402 451
402 452
402 453
402 454
402 455
402 456
402 457
402 458
402 459
402 460
402 461
402 462
402 463
402 464
402 465
402 466
402 467
402 468
402 469
402 470
402 471
402 472
402 473
402 474
402 475
402 476
402 477
402 478
402 479
402 480
402 481
402 482
402 483
402 484
402 485
402 486
403 487
403 488
403 489
404 490
405 490
406 490
407 490
408 491
409 490
410 490
411 490
412 490
413 490
414 490
415 491
416 492
416 493
417 494
418 495
419 496
420 497
421 498
422 499
422 500
423 501
424 502
425 503
426 504
427 505
428 506
429 507
430 508
431 509
432 510
433 511
434 512
435 513
436 514
437 515
438 516
439 517
440 517
441 518
442 519
443 520
444 521
445 522
446 523
447 523
448 524
449 525
450 526
451 526
452 527
453 528
454 529
455 529
456 530
457 531
458 531
459 532
460 533
461 534
462 534
463 535
464 535
465 536
466 537
467 537
468 538
469 538
470 539
471 540
472 540
473 541
474 541
475 542
476 542
477 543
478 543
479 544
480 544
481 545
482 545
483 546
484 546
485 547
486 547
487 548
488 548
489 548
490 549
491 549
492 550
493 550
494 550
495 551
496 551
497 551
498 552
499 552
500 552
501 553
502 553
503 553
504 553
505 553
506 554
507 554
508 554
509 554
510 554
511 554
512 555
513 555
514 555
515 555
516 555
517 555
518 555
519 555
520 555
521 555
522 555
523 555
524 555
525 555
526 555
527 555
528 555
529 555
530 555
531 554
532 554
533 554
534 554
535 554
536 554
537 554
538 553
539 553
540 553
541 553
542 552
543 552
544 552
545 552
546 551
547 551
548 551
549 551
550 550
551 550
552 550
553 549
554 549
555 549
556 548
557 548
558 547
559 547
560 547
561 546
562 546
563 545
564 545
565 544
566 544
567 543
568 543
569 542
570 542
571 541
572 541
573 540
574 540
575 539
576 539
577 538
578 537
579 537
580 536
581 536
582 535
583 534
584 534
585 533
586 532
587 531
588 531
589 530
590 529
591 528
592 528
593 527
594 526
595 525
596 524
597 524
598 523
599 522
600 521
601 520
602 519
603 518
604 517
605 516
606 515
607 514
608 513
609 512
610 511
611 510
612 509
612 508
613 507
614 506
615 505
616 504
617 503
617 502
618 501
619 500
620 499
620 498
621 497
622 496
623 495
623 494
624 493
625 492
625 491
626 490
627 489
627 488
628 487
629 486
629 485
630 484
631 483
631 482
632 481
632 480
633 479
633 478
634 477
634 476
635 475
636 474
636 473
637 472
637 471
638 470
638 469
639 468
639 467
640 466
640 465
640 464
641 463
641 462
642 461
642 460
643 459
643 458
644 457
644 456
644 455
645 454
645 453
645 452
646 451
646 450
647 449
647 448
647 447
648 446
648 445
648 444
649 443
649 442
649 441
650 440
650 439
650 438
650 437
651 436
651 435
651 434
651 433
652 432
652 431
652 430
652 429
653 428
653 427
653 426
653 425
653 424
654 423
654 422
654 421
654 420
654 419
654 418
655 417
655 416
655 415
655 414
655 413
655 412
655 411
655 410
655 409
655 408
655 407
655 406
656 405
656 404
656 403
656 402
656 401
656 400
655 399
655 398
655 397
655 396
655 395
655 394
655 393
655 392
655 391
655 390
655 389
655 388
654 387
654 386
654 385
654 384
654 383
654 382
653 381
653 380
653 379
653 378
653 377
652 376
652 375
652 374
652 373
651 372
651 371
651 370
651 369
650 368
650 367
650 366
649 365
649 364
649 363
648 362
648 361
648 360
648 359
647 358
647 357
646 356
646 355
646 354
645 353
645 352
645 351
644 350
644 349
643 348
643 347
642 346
642 345
642 344
641 343
641 342
640 341
640 340
639 339
639 338
638 337
638 336
637 335
637 334
636 333
636 332
635 331
635 330
634 329
634 328
633 327
633 326
632 325
631 324
631 323
630 322
630 321
629 320
628 319
628 318
627 317
627 316
626 315
625 314
624 313
624 312
623 311
622 310
622 309
621 308
620 307
619 306
619 305
618 304
617 303
616 302
616 301
615 300
614 299
613 298
612 297
611 296
610 295
609 294
608 293
608 292
607 291
606 290
605 289
604 288
603 287
602 286
601 285
600 284
599 284
598 283
597 282
596 281
595 280
594 279
593 278
592 278
591 277
590 276
589 275
588 275
587 274
586 273
585 272
584 272
583 271
582 270
581 270
580 269
579 268
578 268
577 267
576 267
575 266
574 266
573 265
572 264
571 264
570 263
569 263
568 262
567 262
566 261
565 261
564 260
563 260
562 260
561 259
560 259
559 258
558 258
557 257
556 257
555 257
554 256
553 256
552 256
551 255
550 255
549 255
548 254
547 254
546 254
545 254
544 253
543 253
542 253
541 253
540 252
539 252
538 252
537 252
536 252
535 251
534 251
533 251
532 251
531 251
530 251
529 251
528 250
527 250
526 250
525 250
524 250
523 250
522 250
521 250
520 250
519 250
518 250
517 250
516 250
515 250
