516 60
515 61
514 61
513 61
512 61
511 61
510 61
509 61
508 61
507 61
506 61
505 61
504 61
503 61
502 62
501 62
500 62
499 62
498 62
497 62
496 62
495 62
494 63
493 63
492 63
491 63
490 63
489 63
488 64
487 64
486 64
485 64
484 64
483 64
482 65
481 65
480 65
479 65
478 66
477 66
476 66
475 66
474 66
473 67
472 67
471 67
470 67
469 68
468 68
467 68
466 69
465 69
464 69
463 69
462 70
461 70
460 70
459 71
458 71
457 71
456 72
455 72
454 72
453 73
452 73
451 73
450 74
449 74
448 75
447 75
446 75
445 76
444 76
443 77
442 77
441 77
440 78
439 78
438 79
437 79
436 79
435 80
434 80
433 81
432 81
431 82
430 82
429 83
428 83
427 84
426 84
425 85
424 85
423 86
422 86
421 87
420 87
419 88
418 88
417 89
416 90
415 90
414 91
413 91
412 92
411 93
410 93
409 94
408 94
407 95
406 96
405 96
404 97
403 98
402 98
401 99
400 100
399 100
398 101
397 102
396 102
395 103
394 104
393 104
392 105
391 106
390 107
389 107
388 108
387 109
386 110
385 111
384 111
383 112
382 113
381 114
380 115
379 116
378 116
377 117
376 118
375 119
374 120
373 121
372 122
371 123
370 123
369 124
368 125
367 126
366 127
365 128
364 129
363 130
362 131
361 132
360 133
359 134
358 135
357 136
356 137
356 138
355 139
354 140
353 141
352 142
351 143
350 144
349 145
348 146
348 147
347 148
346 149
345 150
344 151
343 152
343 153
342 154
341 155
340 156
340 157
339 158
338 159
337 160
336 161
335 162
334 163
333 164
332 164
331 165
330 166
329 166
328 167
327 167
326 168
325 168
324 168
323 169
322 169
321 169
320 169
319 170
318 170
317 170
316 170
315 170
314 170
313 170
312 170
311 169
310 169
309 169
308 169
307 169
306 168
305 168
304 168
303 168
302 167
301 167
300 167
299 166
298 166
297 166
296 166
295 165
294 165
293 165
292 165
291 165
290 165
289 165
288 165
287 165
286 165
285 166
284 166
283 167
282 168
281 169
280 170
280 171
280 172
280 173
279 174
279 175
279 176
279 177
279 178
279 179
279 180
279 181
279 182
279 183
279 184
279 185
279 186
279 187
279 188
279 189
279 190
279 191
279 192
279 193
279 194
279 195
279 196
279 197
279 198
279 199
279 200
279 201
279 202
279 203
279 204
279 205
279 206
279 207
279 208
279 209
279 210
279 211
279 212
279 213
279 214
279 215
279 216
279 217
279 218
279 219
279 220
279 221
279 222
279 223
279 224
279 225
279 226
279 227
279 228
279 229
279 230
279 231
279 232
279 233
279 234
279 235
279 236
279 237
279 238
279 239
279 240
279 241
279 242
279 243
279 244
279 245
279 246
279 247
279 248
279 249
279 250
279 251
279 252
279 253
279 254
279 255
279 256
279 257
279 258
279 259
279 260
279 261
279 262
279 263
279 264
279 265
279 266
279 267
279 268
279 269
279 270
279 271
279 272
279 273
279 274
279 275
279 276
279 277
279 278
279 279
279 280
279 281
279 282
279 283
279 284
279 285
279 286
279 287
279 288
279 289
279 290
279 291
279 292
279 293
279 294
279 295
279 296
279 297
279 298
279 299
279 300
279 301
279 302
279 303
279 304
279 305
279 306
279 307
279 308
279 309
279 310
279 311
279 312
279 313
279 314
279 315
279 316
279 317
279 318
279 319
279 320
279 321
279 322
279 323
279 324
279 325
279 326
279 327
279 328
279 329
279 330
279 331
279 332
279 333
279 334
279 335
279 336
279 337
279 338
279 339
279 340
279 341
279 342
279 343
279 344
279 345
279 346
279 347
279 348
279 349
279 350
279 351
279 352
279 353
279 354
279 355
279 356
279 357
279 358
279 359
279 360
279 361
279 362
279 363
279 364
279 365
279 366
279 367
279 368
279 369
279 370
279 371
279 372
279 373
279 374
279 375
279 376
279 377
279 378
279 379
279 380
279 381
279 382
279 383
279 384
279 385
279 386
279 387
279 388
279 389
279 390
279 391
279 392
279 393
279 394
279 395
279 396
279 397
279 398
279 399
279 400
279 401
279 402
279 403
279 404
279 405
279 406
279 407
279 408
279 409
279 410
279 411
279 412
279 413
279 414
279 415
279 416
279 417
279 418
279 419
279 420
279 421
279 422
279 423
279 424
279 425
279 426
279 427
279 428
279 429
279 430
279 431
279 432
279 433
279 434
279 435
279 436
279 437
279 438
279 439
279 440
279 441
279 442
279 443
279 444
279 445
279 446
279 447
279 448
279 449
279 450
279 451
279 452
279 453
279 454
279 455
279 456
279 457
279 458
279 459
279 460
279 461
279 462
279 463
279 464
279 465
279 466
279 467
279 468
279 469
279 470
279 471
279 472
279 473
279 474
279 475
279 476
279 477
279 478
279 479
279 480
279 481
279 482
279 483
279 484
279 485
279 486
279 487
279 488
279 489
279 490
279 491
279 492
279 493
279 494
279 495
279 496
279 497
279 498
279 499
279 500
279 501
279 502
279 503
279 504
279 505
279 506
279 507
279 508
279 509
279 510
279 511
279 512
279 513
279 514
279 515
279 516
279 517
279 518
279 519
279 520
279 521
279 522
279 523
279 524
279 525
279 526
279 527
279 528
279 529
279 530
279 531
279 532
279 533
279 534
279 535
279 536
279 537
279 538
279 539
279 540
279 541
279 542
279 543
279 544
279 545
279 546
279 547
279 548
279 549
279 550
279 551
279 552
279 553
279 554
279 555
279 556
279 557
279 558
279 559
279 560
279 561
279 562
279 563
279 564
279 565
279 566
279 567
279 568
279 569
279 570
279 571
279 572
279 573
279 574
279 575
279 576
279 577
279 578
279 579
279 580
279 581
279 582
279 583
279 584
279 585
279 586
279 587
279 588
279 589
279 590
279 591
279 592
279 593
279 594
279 595
279 596
279 597
279 598
279 599
279 600
279 601
279 602
279 603
279 604
279 605
279 606
279 607
279 608
280 609
280 610
280 611
281 612
282 613
282 614
283 614
284 615
285 615
286 616
287 616
288 616
289 616
290 616
291 616
292 616
293 616
294 616
295 616
296 616
297 615
298 615
299 615
300 615
301 614
302 614
303 614
304 613
305 613
306 613
307 613
308 612
309 612
310 612
311 612
312 612
313 612
314 611
315 611
316 611
317 611
318 612
319 612
320 612
321 612
322 612
323 613
324 613
325 613
326 614
327 614
328 615
329 615
330 616
331 616
332 617
333 618
334 618
335 619
336 620
337 621
338 622
339 623
339 624
340 625
341 626
342 627
342 628
343 629
344 630
345 631
346 632
347 633
347 634
348 635
349 636
350 637
351 638
352 639
353 640
353 641
354 642
355 643
356 644
357 645
358 646
359 647
360 648
361 649
362 650
363 651
364 652
365 653
366 654
367 655
368 656
369 657
370 658
371 659
372 660
373 661
374 661
375 662
376 663
377 664
378 665
379 666
380 667
381 667
382 668
383 669
384 670
385 671
386 671
387 672
388 673
389 674
390 675
391 675
392 676
393 677
394 678
395 678
396 679
397 680
398 680
399 681
400 682
401 682
402 683
403 684
404 684
405 685
406 686
407 686
408 687
409 688
410 688
411 689
412 689
413 690
414 691
415 691
416 692
417 692
418 693
419 693
420 694
421 694
422 695
423 695
424 696
425 697
426 697
427 698
428 698
429 699
430 699
431 699
432 700
433 700
434 701
435 701
436 702
437 702
438 703
439 703
440 704
441 704
442 704
443 705
444 705
445 706
446 706
447 706
448 707
449 707
450 707
451 708
452 708
453 709
454 709
455 709
456 710
457 710
458 710
459 711
460 711
461 711
462 712
463 712
464 712
465 712
466 713
467 713
468 713
469 714
470 714
471 714
472 714
473 715
474 715
475 715
476 715
477 716
478 716
479 716
480 716
481 716
482 717
483 717
484 717
485 717
486 717
487 718
488 718
489 718
490 718
491 718
492 718
493 719
494 719
495 719
496 719
497 719
498 719
499 719
500 720
501 720
502 720
503 720
504 720
505 720
506 720
507 720
508 720
509 720
510 720
511 721
512 721
513 721
514 721
515 721
516 721
517 721
518 721
519 721
520 721
521 721
522 721
523 721
524 721
525 721
526 721
527 721
528 721
529 721
530 721
531 721
532 721
533 721
534 721
535 721
536 721
537 721
538 721
539 720
540 720
541 720
542 720
543 720
544 720
545 720
546 720
547 720
548 720
549 719
550 719
551 719
552 719
553 719
554 719
555 719
556 719
557 718
558 718
559 718
560 718
561 718
562 718
563 717
564 717
565 717
566 717
567 717
568 717
569 716
570 716
571 716
572 716
573 716
574 715
575 715
576 715
577 715
578 715
579 714
580 714
581 714
582 714
583 713
584 713
585 713
586 713
587 712
588 712
589 712
590 712
591 711
592 711
593 711
594 711
595 710
596 710
597 710
598 709
599 709
600 709
601 708
602 708
603 708
604 708
605 707
606 707
607 707
608 706
609 706
610 705
611 705
612 705
613 704
614 704
615 704
616 703
617 703
618 703
619 702
620 702
621 701
622 701
623 701
624 700
625 700
626 699
627 699
628 698
629 698
630 698
631 697
632 697
633 696
634 696
635 695
636 695
637 694
638 694
639 693
640 693
641 692
642 692
643 691
644 691
645 690
646 690
647 689
648 689
649 688
650 688
651 687
652 687
653 686
654 686
655 685
656 684
657 684
658 683
659 683
660 682
661 681
662 681
663 680
664 680
665 679
666 678
667 678
668 677
669 676
670 676
671 675
672 674
673 674
674 673
675 672
676 672
677 671
678 670
679 670
680 669
681 668
682 667
683 667
684 666
685 665
686 664
687 664
688 663
689 662
690 661
691 661
692 660
693 659
694 658
695 657
696 656
697 656
698 655
699 654
700 653
701 652
702 651
703 650
704 650
705 649
706 648
707 647
708 646
709 645
710 644
711 643
712 642
713 641
714 640
715 639
716 638
717 637
718 636
719 635
720 634
721 633
722 632
723 631
724 630
725 629
726 628
727 627
728 626
728 625
729 624
730 623
731 622
732 621
733 620
734 619
735 618
735 617
736 616
737 615
738 614
739 613
739 612
740 611
741 610
742 609
743 608
743 607
744 606
745 605
746 604
746 603
747 602
748 601
749 600
749 599
750 598
751 597
752 596
752 595
753 594
754 593
754 592
755 591
756 590
756 589
757 588
758 587
758 586
759 585
760 584
760 583
761 582
762 581
762 580
763 579
763 578
764 577
765 576
765 575
766 574
767 573
767 572
768 571
768 570
769 569
770 568
770 567
771 566
771 565
772 564
772 563
773 562
773 561
774 560
775 559
775 558
776 557
776 556
777 555
777 554
778 553
778 552
779 551
779 550
780 549
780 548
781 547
781 546
782 545
782 544
783 543
783 542
784 541
784 540
785 539
785 538
786 537
786 536
787 535
787 534
787 533
788 532
788 531
789 530
789 529
790 528
790 527
791 526
791 525
791 524
792 523
792 522
793 521
793 520
793 519
794 518
794 517
795 516
795 515
795 514
796 513
796 512
797 511
797 510
797 509
798 508
798 507
798 506
799 505
799 504
800 503
800 502
800 501
801 500
801 499
801 498
802 497
802 496
802 495
803 494
803 493
803 492
804 491
804 490
804 489
805 488
805 487
805 486
806 485
806 484
806 483
806 482
807 481
807 480
807 479
808 478
808 477
808 476
808 475
809 474
809 473
809 472
809 471
810 470
810 469
810 468
811 467
811 466
811 465
811 464
812 463
812 462
812 461
812 460
812 459
813 458
813 457
813 456
813 455
814 454
814 453
814 452
814 451
814 450
815 449
815 448
815 447
815 446
815 445
816 444
816 443
816 442
816 441
816 440
816 439
817 438
817 437
817 436
817 435
817 434
817 433
818 432
818 431
818 430
818 429
818 428
818 427
818 426
819 425
819 424
819 423
819 422
819 421
819 420
819 419
819 418
819 417
820 416
820 415
820 414
820 413
820 412
820 411
820 410
820 409
820 408
820 407
820 406
820 405
820 404
820 403
821 402
821 401
821 400
821 399
821 398
821 397
821 396
821 395
821 394
821 393
821 392
821 391
821 390
821 389
821 388
821 387
821 386
821 385
821 384
821 383
821 382
821 381
821 380
821 379
820 378
820 377
820 376
820 375
820 374
820 373
820 372
820 371
820 370
820 369
820 368
820 367
820 366
819 365
819 364
819 363
819 362
819 361
819 360
819 359
819 358
819 357
819 356
818 355
818 354
818 353
818 352
818 351
818 350
817 349
817 348
817 347
817 346
817 345
817 344
817 343
816 342
816 341
816 340
816 339
816 338
815 337
815 336
815 335
815 334
815 333
815 332
814 331
814 330
814 329
814 328
813 327
813 326
813 325
813 324
813 323
812 322
812 321
812 320
812 319
811 318
811 317
811 316
811 315
810 314
810 313
810 312
810 311
809 310
809 309
809 308
809 307
808 306
808 305
808 304
808 303
807 302
807 301
807 300
806 299
806 298
806 297
805 296
805 295
805 294
805 293
804 292
804 291
804 290
803 289
803 288
803 287
802 286
802 285
802 284
801 283
801 282
801 281
800 280
800 279
799 278
799 277
799 276
798 275
798 274
798 273
797 272
797 271
796 270
796 269
796 268
795 267
795 266
795 265
794 264
794 263
793 262
793 261
792 260
792 259
792 258
791 257
791 256
790 255
790 254
790 253
789 252
789 251
788 250
788 249
787 248
787 247
786 246
786 245
785 244
785 243
785 242
784 241
784 240
783 239
783 238
782 237
782 236
781 235
781 234
780 233
780 232
779 231
779 230
778 229
778 228
777 227
777 226
776 225
775 224
775 223
774 222
774 221
773 220
773 219
772 218
772 217
771 216
770 215
770 214
769 213
769 212
768 211
768 210
767 209
766 208
766 207
765 206
765 205
764 204
763 203
763 202
762 201
761 200
761 199
760 198
759 197
759 196
758 195
758 194
757 193
756 192
755 191
755 190
754 189
753 188
753 187
752 186
751 185
751 184
750 183
749 182
748 181
748 180
747 179
746 178
745 177
745 176
744 175
743 174
742 173
742 172
741 171
740 170
739 169
738 168
738 167
737 166
736 165
735 164
734 163
733 162
733 161
732 160
731 159
730 158
729 157
728 156
727 155
726 154
725 153
725 152
724 151
723 150
722 149
721 148
720 147
719 146
718 145
717 144
716 143
715 142
714 141
713 140
712 139
711 138
710 137
709 136
708 135
707 134
706 134
705 133
704 132
703 131
702 130
701 129
700 128
699 127
698 126
697 126
696 125
695 124
694 123
693 122
692 122
691 121
690 120
689 119
688 118
687 118
686 117
685 116
684 115
683 115
682 114
681 113
680 112
679 112
678 111
677 110
676 110
675 109
674 108
673 107
672 107
671 106
670 105
669 105
668 104
667 104
666 103
665 102
664 102
663 101
662 100
661 100
660 99
659 99
658 98
657 97
656 97
655 96
654 96
653 95
652 95
651 94
650 93
649 93
648 92
647 92
646 91
645 91
644 90
643 90
642 89
641 89
640 88
639 88
638 87
637 87
636 86
635 86
634 85
633 85
632 85
631 84
630 84
629 83
628 83
627 82
626 82
625 82
624 81
623 81
622 80
621 80
620 79
619 79
618 79
617 78
616 78
615 78
614 77
613 77
612 76
611 76
610 76
609 75
608 75
607 75
606 74
605 74
604 74
603 73
602 73
601 73
600 73
599 72
598 72
597 72
596 71
595 71
594 71
593 70
592 70
591 70
590 70
589 69
588 69
587 69
586 69
585 68
584 68
583 68
582 68
581 67
580 67
579 67
578 67
577 66
576 66
575 66
574 66
573 66
572 65
571 65
570 65
569 65
568 65
567 65
566 64
565 64
564 64
563 64
562 64
561 63
560 63
559 63
558 63
557 63
556 63
555 63
554 62
553 62
552 62
551 62
550 62
549 62
548 62
547 62
546 62
545 61
544 61
543 61
542 61
541 61
540 61
539 61
538 61
537 61
536 61
535 61
534 60
533 60
532 60
531 60
530 60
529 60
528 60
527 60
526 60
525 60
524 60
523 60
522 60
521 60
520 60
519 60
518 60
517 60
516 60
