484 199
484 200
484 201
484 202
484 203
484 204
484 205
484 206
484 207
484 208
484 209
484 210
484 211
484 212
484 213
484 214
484 215
484 216
484 217
484 218
484 219
484 220
484 221
484 222
484 223
484 224
484 225
484 226
484 227
484 228
484 229
484 230
484 231
484 232
484 233
484 234
484 235
484 236
484 237
484 238
484 239
484 240
484 241
484 242
484 243
484 244
484 245
484 246
484 247
484 248
484 249
484 250
484 251
484 252
484 253
484 254
484 255
484 256
484 257
484 258
484 259
484 260
484 261
484 262
484 263
484 264
484 265
484 266
484 267
484 268
484 269
484 270
484 271
484 272
484 273
484 274
484 275
484 276
484 277
484 278
484 279
484 280
484 281
484 282
484 283
484 284
484 285
484 286
484 287
484 288
484 289
484 290
484 291
484 292
484 293
484 294
484 295
484 296
484 297
484 298
484 299
484 300
484 301
484 302
484 303
484 304
484 305
484 306
484 307
484 308
484 309
484 310
484 311
484 312
484 313
484 314
484 315
484 316
484 317
484 318
484 319
484 320
484 321
484 322
484 323
484 324
484 325
484 326
484 327
484 328
484 329
484 330
484 331
484 332
484 333
484 334
484 335
484 336
484 337
484 338
484 339
484 340
484 341
484 342
484 343
484 344
484 345
484 346
484 347
484 348
484 349
484 350
484 351
484 352
484 353
484 354
484 355
484 356
484 357
484 358
484 359
484 360
484 361
484 362
484 363
484 364
484 365
484 366
484 367
484 368
484 369
484 370
484 371
484 372
484 373
484 374
484 375
484 376
484 377
484 378
484 379
484 380
484 381
484 382
484 383
484 384
484 385
484 386
484 387
484 388
484 389
484 390
484 391
484 392
484 393
484 394
484 395
484 396
484 397
484 398
484 399
484 400
484 401
484 402
484 403
484 404
484 405
484 406
484 407
484 408
484 409
484 410
484 411
484 412
484 413
484 414
484 415
484 416
484 417
484 418
484 419
484 420
484 421
484 422
484 423
484 424
484 425
484 426
484 427
484 428
484 429
484 430
484 431
484 432
484 433
484 434
484 435
484 436
484 437
484 438
484 439
484 440
484 441
484 442
484 443
484 444
484 445
484 446
484 447
484 448
484 449
484 450
484 451
484 452
484 453
484 454
484 455
484 456
484 457
484 458
484 459
484 460
484 461
484 462
484 463
484 464
484 465
484 466
484 467
484 468
484 469
484 470
484 471
484 472
484 473
484 474
484 475
484 476
484 477
484 478
484 479
484 480
484 481
484 482
484 483
484 484
484 485
484 486
484 487
484 488
484 489
484 490
484 491
484 492
484 493
484 494
484 495
484 496
484 497
484 498
484 499
484 500
484 501
484 502
484 503
484 504
484 505
484 506
484 507
484 508
484 509
484 510
484 511
484 512
484 513
484 514
484 515
484 516
484 517
484 518
484 519
484 520
484 521
484 522
484 523
484 524
484 525
484 526
484 527
484 528
484 529
484 530
484 531
484 532
484 533
484 534
484 535
484 536
484 537
484 538
484 539
484 540
484 541
484 542
484 543
484 544
484 545
484 546
484 547
484 548
484 549
484 550
484 551
484 552
484 553
484 554
484 555
484 556
484 557
484 558
484 559
484 560
484 561
484 562
484 563
484 564
484 565
484 566
484 567
484 568
484 569
484 570
484 571
484 572
484 573
484 574
484 575
484 576
484 577
484 578
484 579
484 580
484 581
484 582
484 583
484 584
484 585
484 586
484 587
484 588
484 589
484 590
484 591
484 592
484 593
484 594
484 595
484 596
484 597
484 598
484 599
484 600
485 600
486 600
487 600
488 600
489 599
490 599
491 599
492 598
493 598
494 597
495 597
496 597
497 596
498 596
499 595
500 595
501 595
502 594
503 594
504 593
505 593
506 592
507 592
508 592
509 591
510 591
511 590
512 590
513 589
514 589
515 589
516 588
517 588
518 587
519 587
520 586
521 586
522 585
523 585
524 584
525 584
526 583
527 583
528 582
529 582
530 581
531 581
532 580
533 580
534 579
535 579
536 578
537 578
538 577
539 577
540 576
541 576
542 575
543 575
544 574
545 573
546 573
547 572
548 572
549 571
550 571
551 570
552 569
553 569
554 568
555 568
556 567
557 566
558 566
559 565
560 564
561 564
562 563
563 563
564 562
565 561
566 561
567 560
568 559
569 559
570 558
571 557
572 556
573 556
574 555
575 554
576 554
577 553
578 552
579 551
580 551
581 550
582 549
583 548
584 547
585 547
586 546
587 545
588 544
589 543
590 543
591 542
592 541
593 540
594 539
595 538
596 537
597 536
598 536
599 535
600 534
601 533
602 532
603 531
604 530
605 529
606 528
607 527
608 526
609 525
610 524
611 523
611 522
612 521
613 520
614 519
615 518
616 517
617 516
617 515
618 514
619 513
620 512
621 511
621 510
622 509
623 508
624 507
624 506
625 505
626 504
627 503
627 502
628 501
629 500
629 499
630 498
631 497
631 496
632 495
632 494
633 493
634 492
634 491
635 490
635 489
636 488
636 487
637 486
638 485
638 484
639 483
639 482
640 481
640 480
641 479
641 478
642 477
642 476
642 475
643 474
643 473
644 472
644 471
645 470
645 469
645 468
646 467
646 466
646 465
647 464
647 463
647 462
648 461
648 460
648 459
649 458
649 457
649 456
650 455
650 454
650 453
651 452
651 451
651 450
651 449
652 448
652 447
652 446
652 445
652 444
653 443
653 442
653 441
653 440
653 439
654 438
654 437
654 436
654 435
654 434
654 433
655 432
655 431
655 430
655 429
655 428
655 427
655 426
655 425
655 424
656 423
656 422
656 421
656 420
656 419
656 418
656 417
656 416
656 415
656 414
656 413
656 412
656 411
656 410
656 409
656 408
656 407
656 406
656 405
656 404
656 403
656 402
656 401
656 400
656 399
656 398
656 397
656 396
656 395
656 394
655 393
655 392
655 391
655 390
655 389
655 388
655 387
655 386
655 385
655 384
654 383
654 382
654 381
654 380
654 379
654 378
654 377
653 376
653 375
653 374
653 373
653 372
652 371
652 370
652 369
652 368
651 367
651 366
651 365
651 364
650 363
650 362
650 361
650 360
649 359
649 358
649 357
649 356
648 355
648 354
648 353
647 352
647 351
647 350
646 349
646 348
646 347
645 346
645 345
644 344
644 343
644 342
643 341
643 340
643 339
642 338
642 337
641 336
641 335
640 334
640 333
639 332
639 331
639 330
638 329
637 328
637 327
637 326
636 325
636 324
635 323
635 322
634 321
633 320
633 319
632 318
632 317
631 316
631 315
630 314
629 313
629 312
628 311
627 310
627 309
626 308
626 307
625 306
624 305
624 304
623 303
622 302
622 301
621 300
620 299
619 298
619 297
618 296
617 295
616 294
616 293
615 292
614 291
613 290
612 289
612 288
611 287
610 286
609 285
608 284
608 283
607 282
606 281
605 280
604 279
603 278
602 277
601 276
600 275
599 274
598 273
597 272
596 271
596 270
595 269
594 268
593 268
592 267
591 266
590 265
589 264
588 263
587 262
586 261
585 260
584 259
583 258
582 257
581 256
580 256
579 255
578 254
577 253
576 252
575 251
574 251
573 250
572 249
571 248
570 247
569 247
568 246
567 245
566 244
565 244
564 243
563 242
562 241
561 241
560 240
559 239
558 238
557 238
556 237
555 236
554 236
553 235
552 234
551 233
550 233
549 232
548 231
547 231
546 230
545 230
544 229
543 228
542 228
541 227
540 226
539 226
538 225
537 224
536 224
535 223
534 223
533 222
532 222
531 221
530 220
529 220
528 219
527 219
526 218
525 217
524 217
523 216
522 216
521 215
520 215
519 214
518 214
517 213
516 213
515 212
514 212
513 211
512 211
511 210
510 210
509 209
508 209
507 208
506 208
505 207
504 207
503 206
502 206
501 205
500 205
499 204
498 204
497 203
496 203
495 202
494 202
493 202
492 201
491 201
490 200
489 200
488 199
487 199
486 199
485 199
484 199
