535 247
534 248
533 248
532 248
531 248
530 248
529 248
528 248
527 248
526 249
525 249
524 249
523 249
522 249
521 249
520 250
519 250
518 250
517 250
516 251
515 251
514 251
513 251
512 252
511 252
510 252
509 252
508 253
507 253
506 253
505 254
504 254
503 254
502 255
501 255
500 256
499 256
498 256
497 257
496 257
495 258
494 258
493 259
492 259
491 259
490 260
489 260
488 261
487 261
486 262
485 262
484 263
483 263
482 264
481 264
480 265
479 266
478 266
477 267
476 267
475 268
474 268
473 269
472 270
471 270
470 271
469 272
468 272
467 273
466 274
465 274
464 275
463 276
462 276
461 277
460 278
459 278
458 279
457 280
456 281
455 281
454 282
453 283
452 284
451 284
450 285
449 286
448 287
447 288
446 288
445 289
444 290
443 291
442 292
441 293
440 294
439 294
438 295
437 296
436 297
435 298
434 299
433 300
432 301
431 302
430 302
429 303
428 304
427 305
426 306
425 307
424 308
423 309
422 310
421 311
420 312
419 313
418 314
417 315
416 316
415 317
415 318
415 319
415 320
415 321
415 322
415 323
415 324
415 325
415 326
415 327
415 328
415 329
415 330
415 331
415 332
415 333
415 334
415 335
415 336
415 337
415 338
415 339
415 340
415 341
415 342
415 343
415 344
415 345
415 346
415 347
415 348
415 349
415 350
415 351
415 352
415 353
415 354
415 355
415 356
415 357
415 358
415 359
415 360
415 361
415 362
415 363
415 364
415 365
415 366
415 367
415 368
415 369
415 370
415 371
415 372
415 373
415 374
415 375
415 376
415 377
415 378
415 379
415 380
415 381
415 382
415 383
415 384
415 385
415 386
415 387
415 388
415 389
415 390
415 391
415 392
415 393
415 394
415 395
415 396
415 397
415 398
415 399
415 400
415 401
415 402
415 403
415 404
415 405
415 406
415 407
415 408
415 409
415 410
415 411
415 412
415 413
415 414
415 415
415 416
415 417
415 418
415 419
415 420
415 421
415 422
415 423
415 424
415 425
415 426
415 427
415 428
415 429
415 430
415 431
415 432
415 433
415 434
415 435
415 436
415 437
415 438
415 439
415 440
415 441
415 442
415 443
415 444
415 445
415 446
415 447
415 448
415 449
415 450
415 451
415 452
415 453
415 454
415 455
415 456
415 457
415 458
415 459
415 460
415 461
415 462
415 463
415 464
415 465
415 466
415 467
415 468
415 469
415 470
415 471
415 472
415 473
415 474
415 475
415 476
415 477
415 478
415 479
415 480
415 481
415 482
415 483
415 484
415 485
415 486
415 487
415 488
415 489
415 490
415 491
415 492
415 493
415 494
415 495
415 496
415 497
415 498
415 499
415 500
415 501
415 502
415 503
416 504
417 505
418 506
419 507
420 508
421 509
422 510
423 511
424 512
425 513
426 514
427 515
427 516
428 517
429 518
430 519
431 520
432 521
433 522
434 523
435 524
436 525
437 526
438 526
439 527
440 528
441 529
442 530
443 531
444 532
445 533
446 534
447 535
448 535
449 536
450 537
451 538
452 539
453 540
454 540
455 541
456 542
457 543
458 543
459 544
460 545
461 546
462 546
463 547
464 548
465 548
466 549
467 550
468 550
469 551
470 552
471 552
472 553
473 553
474 554
475 555
476 555
477 556
478 556
479 557
480 557
481 558
482 558
483 559
484 559
485 560
486 560
487 561
488 561
489 561
490 562
491 562
492 563
493 563
494 563
495 564
496 564
497 565
498 565
499 565
500 566
501 566
502 566
503 567
504 567
505 567
506 567
507 568
508 568
509 568
510 568
511 569
512 569
513 569
514 569
515 569
516 570
517 570
518 570
519 570
520 570
521 571
522 571
523 571
524 571
525 571
526 571
527 571
528 571
529 572
530 572
531 572
532 572
533 572
534 572
535 572
536 572
537 572
538 572
539 572
540 572
541 572
542 572
543 572
544 572
545 572
546 572
547 572
548 572
549 572
550 572
551 572
552 572
553 572
554 572
555 572
556 572
557 572
558 572
559 572
560 571
561 571
562 571
563 571
564 571
565 571
566 571
567 571
568 571
569 570
570 570
571 570
572 570
573 570
574 570
575 570
576 569
577 569
578 569
579 569
580 569
581 568
582 568
583 568
584 568
585 567
586 567
587 567
588 567
589 566
590 566
591 566
592 566
593 565
594 565
595 565
596 564
597 564
598 564
599 563
600 563
601 563
602 562
603 562
604 562
605 561
606 561
607 561
608 560
609 560
610 559
611 559
612 559
613 558
614 558
615 557
616 557
617 556
618 556
619 555
620 555
621 554
622 554
623 553
624 553
625 552
626 552
627 551
628 551
629 550
630 549
631 549
632 548
633 548
634 547
635 546
636 546
637 545
638 544
639 544
640 543
641 542
642 542
643 541
644 540
645 539
646 539
647 538
648 537
649 536
650 536
651 535
652 534
653 533
654 532
655 531
656 530
657 530
658 529
659 528
660 527
661 526
662 525
663 524
664 523
665 522
666 521
667 520
668 519
668 518
669 517
670 516
671 515
672 514
673 513
674 512
674 511
675 510
676 509
677 508
678 507
678 506
679 505
680 504
681 503
681 502
682 501
683 500
683 499
684 498
685 497
685 496
686 495
687 494
687 493
688 492
689 491
689 490
690 489
690 488
691 487
692 486
692 485
693 484
693 483
694 482
694 481
695 480
695 479
696 478
696 477
697 476
697 475
698 474
698 473
699 472
699 471
700 470
700 469
701 468
701 467
701 466
702 465
702 464
703 463
703 462
703 461
704 460
704 459
705 458
705 457
705 456
706 455
706 454
706 453
707 452
707 451
707 450
708 449
708 448
708 447
709 446
709 445
709 444
709 443
710 442
710 441
710 440
710 439
711 438
711 437
711 436
711 435
712 434
712 433
712 432
712 431
712 430
713 429
713 428
713 427
713 426
713 425
713 424
713 423
714 422
714 421
714 420
714 419
714 418
714 417
714 416
714 415
714 414
714 413
714 412
714 411
715 410
715 409
715 408
715 407
715 406
714 405
714 404
714 403
714 402
714 401
714 400
714 399
714 398
714 397
714 396
714 395
714 394
714 393
714 392
713 391
713 390
713 389
713 388
713 387
713 386
713 385
712 384
712 383
712 382
712 381
712 380
711 379
711 378
711 377
711 376
711 375
710 374
710 373
710 372
710 371
709 370
709 369
709 368
708 367
708 366
708 365
708 364
707 363
707 362
707 361
706 360
706 359
705 358
705 357
705 356
704 355
704 354
704 353
703 352
703 351
702 350
702 349
702 348
701 347
701 346
700 345
700 344
699 343
699 342
698 341
698 340
697 339
697 338
696 337
696 336
695 335
694 334
694 333
693 332
693 331
692 330
691 329
691 328
690 327
690 326
689 325
688 324
688 323
687 322
686 321
686 320
685 319
684 318
683 317
683 316
682 315
681 314
680 313
680 312
679 311
678 310
677 309
676 308
675 307
675 306
674 305
673 304
672 303
671 302
670 301
669 300
668 299
667 298
666 297
665 296
664 295
663 294
662 293
661 292
660 291
659 290
658 289
657 289
656 288
655 287
654 286
653 285
652 284
651 284
650 283
649 282
648 281
647 281
646 280
645 279
644 279
643 278
642 277
641 276
640 276
639 275
638 274
637 274
636 273
635 273
634 272
633 271
632 271
631 270
630 270
629 269
628 268
627 268
626 267
625 267
624 266
623 266
622 265
621 265
620 264
619 264
618 263
617 263
616 262
615 262
614 262
613 261
612 261
611 260
610 260
609 259
608 259
607 259
606 258
605 258
604 257
603 257
602 257
601 256
600 256
599 256
598 255
597 255
596 255
595 254
594 254
593 254
592 254
591 253
590 253
589 253
588 252
587 252
586 252
585 252
584 252
583 251
582 251
581 251
580 251
579 250
578 250
577 250
576 250
575 250
574 249
573 249
572 249
571 249
570 249
569 249
568 249
567 248
566 248
565 248
564 248
563 248
562 248
561 248
560 248
559 248
558 248
557 247
556 247
555 247
554 247
553 247
552 247
551 247
550 247
549 247
548 247
547 247
546 247
545 247
544 247
543 247
542 247
541 247
540 247
539 247
538 247
537 247
536 247
535 247
