541 172
540 173
539 173
538 173
537 173
536 173
535 173
534 173
533 173
532 173
531 173
530 173
529 173
528 174
527 174
526 174
525 174
524 174
523 174
522 174
521 174
520 175
519 175
518 175
517 175
516 175
515 175
514 176
513 176
512 176
511 176
510 176
509 177
508 177
507 177
506 177
505 178
504 178
503 178
502 178
501 179
500 179
499 179
498 180
497 180
496 180
495 181
494 181
493 181
492 182
491 182
490 183
489 183
488 183
487 184
486 184
485 185
484 185
483 185
482 186
481 186
480 186
479 187
478 187
477 187
476 188
475 188
474 188
473 188
472 189
471 189
470 189
469 189
468 190
467 190
466 190
465 190
464 191
463 191
462 191
461 191
460 191
459 191
458 192
457 192
456 192
455 192
454 192
453 192
452 192
451 192
450 192
449 193
448 193
447 193
446 193
445 193
444 193
443 193
442 193
441 193
440 193
439 193
438 193
437 193
436 192
435 192
434 192
433 192
432 192
431 192
430 192
429 192
428 192
427 191
426 191
425 191
424 191
423 191
422 190
421 190
420 190
419 190
418 190
417 189
416 189
415 189
414 188
413 188
412 188
411 188
410 187
409 187
408 187
407 186
406 186
405 185
404 185
403 185
402 184
401 184
400 183
399 183
398 183
397 182
396 182
395 181
394 181
393 181
392 181
392 182
392 183
392 184
392 185
392 186
392 187
392 188
392 189
392 190
392 191
392 192
392 193
392 194
392 195
392 196
392 197
392 198
392 199
392 200
392 201
392 202
392 203
392 204
392 205
392 206
392 207
392 208
392 209
392 210
392 211
392 212
392 213
392 214
392 215
392 216
392 217
392 218
392 219
392 220
392 221
392 222
392 223
392 224
392 225
392 226
392 227
392 228
392 229
392 230
392 231
392 232
392 233
392 234
392 235
392 236
392 237
392 238
392 239
392 240
392 241
392 242
392 243
392 244
392 245
392 246
392 247
392 248
392 249
392 250
392 251
392 252
392 253
392 254
392 255
392 256
392 257
392 258
392 259
392 260
392 261
392 262
392 263
392 264
392 265
392 266
392 267
392 268
392 269
392 270
392 271
392 272
392 273
392 274
392 275
392 276
392 277
392 278
392 279
392 280
392 281
392 282
392 283
392 284
392 285
392 286
392 287
392 288
392 289
392 290
392 291
392 292
392 293
392 294
392 295
392 296
392 297
392 298
392 299
392 300
392 301
392 302
392 303
392 304
392 305
392 306
392 307
392 308
392 309
392 310
392 311
392 312
392 313
392 314
392 315
392 316
392 317
392 318
392 319
392 320
392 321
392 322
392 323
392 324
392 325
392 326
392 327
392 328
392 329
392 330
392 331
392 332
392 333
392 334
392 335
392 336
392 337
392 338
392 339
392 340
392 341
392 342
392 343
392 344
392 345
392 346
392 347
392 348
392 349
392 350
392 351
392 352
392 353
392 354
392 355
392 356
392 357
392 358
392 359
392 360
392 361
392 362
392 363
392 364
392 365
392 366
392 367
392 368
392 369
392 370
392 371
392 372
392 373
392 374
392 375
392 376
392 377
392 378
392 379
392 380
392 381
392 382
392 383
392 384
392 385
392 386
392 387
392 388
392 389
392 390
392 391
392 392
392 393
392 394
392 395
392 396
392 397
392 398
392 399
392 400
392 401
392 402
392 403
392 404
392 405
392 406
392 407
392 408
392 409
392 410
392 411
392 412
392 413
392 414
392 415
392 416
392 417
392 418
392 419
392 420
392 421
392 422
392 423
392 424
392 425
392 426
392 427
392 428
392 429
392 430
392 431
392 432
392 433
392 434
392 435
392 436
392 437
392 438
392 439
392 440
392 441
392 442
392 443
392 444
392 445
392 446
392 447
392 448
392 449
392 450
392 451
392 452
392 453
392 454
392 455
392 456
392 457
392 458
392 459
392 460
392 461
392 462
392 463
392 464
392 465
392 466
392 467
392 468
392 469
392 470
392 471
392 472
392 473
392 474
392 475
392 476
392 477
392 478
392 479
392 480
392 481
392 482
392 483
392 484
392 485
392 486
392 487
392 488
392 489
392 490
392 491
392 492
392 493
392 494
392 495
392 496
392 497
392 498
392 499
392 500
392 501
392 502
392 503
392 504
392 505
392 506
392 507
392 508
392 509
392 510
392 511
392 512
392 513
392 514
392 515
392 516
392 517
392 518
392 519
392 520
392 521
392 522
392 523
392 524
392 525
392 526
392 527
392 528
392 529
392 530
392 531
392 532
392 533
392 534
392 535
392 536
392 537
392 538
392 539
392 540
392 541
392 542
392 543
392 544
392 545
392 546
392 547
392 548
392 549
392 550
392 551
392 552
392 553
392 554
392 555
392 556
392 557
392 558
392 559
392 560
392 561
392 562
392 563
392 564
392 565
392 566
392 567
392 568
392 569
392 570
392 571
392 572
392 573
392 574
392 575
392 576
392 577
392 578
392 579
392 580
392 581
392 582
392 583
392 584
392 585
392 586
392 587
392 588
392 589
392 590
392 591
392 592
392 593
392 594
392 595
392 596
392 597
392 598
392 599
392 600
392 601
392 602
392 603
392 604
392 605
392 606
392 607
392 608
392 609
392 610
392 611
393 612
394 612
395 611
396 611
397 610
398 610
399 610
400 609
401 609
402 609
403 608
404 608
405 608
406 607
407 607
408 607
409 606
410 606
411 606
412 606
413 606
414 605
415 605
416 605
417 605
418 605
419 604
420 604
421 604
422 604
423 604
424 604
425 604
426 604
427 604
428 603
429 603
430 603
431 603
432 603
433 603
434 603
435 603
436 603
437 603
438 603
439 603
440 603
441 603
442 603
443 604
444 604
445 604
446 604
447 604
448 604
449 604
450 604
451 604
452 604
453 605
454 605
455 605
456 605
457 605
458 605
459 605
460 606
461 606
462 606
463 606
464 606
465 607
466 607
467 607
468 607
469 608
470 608
471 608
472 608
473 608
474 609
475 609
476 609
477 609
478 610
479 610
480 610
481 611
482 611
483 611
484 612
485 612
486 612
487 612
488 613
489 613
490 613
491 614
492 614
493 614
494 614
495 615
496 615
497 615
498 616
499 616
500 616
501 616
502 617
503 617
504 617
505 617
506 618
507 618
508 618
509 618
510 619
511 619
512 619
513 619
514 619
515 620
516 620
517 620
518 620
519 620
520 620
521 621
522 621
523 621
524 621
525 621
526 621
527 621
528 622
529 622
530 622
531 622
532 622
533 622
534 622
535 622
536 622
537 622
538 623
539 623
540 623
541 623
542 623
543 623
544 623
545 623
546 623
547 623
548 623
549 623
550 623
551 623
552 623
553 623
554 623
555 623
556 623
557 623
558 623
559 623
560 623
561 623
562 623
563 623
564 622
565 622
566 622
567 622
568 622
569 622
570 622
571 622
572 622
573 622
574 621
575 621
576 621
577 621
578 621
579 621
580 621
581 621
582 620
583 620
584 620
585 620
586 620
587 619
588 619
589 619
590 619
591 619
592 619
593 618
594 618
595 618
596 618
597 617
598 617
599 617
600 617
601 616
602 616
603 616
604 616
605 615
606 615
607 615
608 615
609 614
610 614
611 614
612 613
613 613
614 613
615 612
616 612
617 612
618 611
619 611
620 611
621 610
622 610
623 610
624 609
625 609
626 609
627 608
628 608
629 607
630 607
631 607
632 606
633 606
634 605
635 605
636 604
637 604
638 603
639 603
640 602
641 602
642 601
643 601
644 600
645 600
646 599
647 599
648 598
649 598
650 597
651 597
652 596
653 595
654 595
655 594
656 594
657 593
658 592
659 592
660 591
661 590
662 590
663 589
664 588
665 588
666 587
667 586
668 586
669 585
670 584
671 583
672 583
673 582
674 581
675 580
676 579
677 579
678 578
679 577
680 576
681 575
682 574
683 574
684 573
685 572
686 571
687 570
688 569
689 568
690 567
691 566
692 565
693 564
694 563
695 562
696 561
697 560
698 559
699 558
700 557
701 556
702 555
703 554
703 553
704 552
705 551
706 550
707 549
708 548
709 547
709 546
710 545
711 544
712 543
713 542
713 541
714 540
715 539
716 538
716 537
717 536
718 535
718 534
719 533
720 532
721 531
721 530
722 529
723 528
723 527
724 526
724 525
725 524
726 523
726 522
727 521
728 520
728 519
729 518
729 517
730 516
731 515
731 514
732 513
732 512
733 511
733 510
734 509
734 508
735 507
735 506
736 505
737 504
737 503
738 502
738 501
739 500
739 499
739 498
740 497
740 496
741 495
741 494
742 493
742 492
743 491
743 490
743 489
744 488
744 487
745 486
745 485
746 484
746 483
746 482
747 481
747 480
748 479
748 478
748 477
749 476
749 475
749 474
750 473
750 472
750 471
751 470
751 469
751 468
752 467
752 466
752 465
753 464
753 463
753 462
753 461
754 460
754 459
754 458
755 457
755 456
755 455
755 454
756 453
756 452
756 451
756 450
757 449
757 448
757 447
757 446
757 445
758 444
758 443
758 442
758 441
758 440
759 439
759 438
759 437
759 436
759 435
760 434
760 433
760 432
760 431
760 430
760 429
760 428
761 427
761 426
761 425
761 424
761 423
761 422
761 421
761 420
761 419
761 418
762 417
762 416
762 415
762 414
762 413
762 412
762 411
762 410
762 409
762 408
762 407
762 406
762 405
762 404
762 403
762 402
762 401
762 400
762 399
762 398
762 397
762 396
762 395
762 394
762 393
762 392
762 391
762 390
762 389
762 388
762 387
762 386
762 385
762 384
762 383
762 382
762 381
762 380
761 379
761 378
761 377
761 376
761 375
761 374
761 373
761 372
761 371
761 370
761 369
760 368
760 367
760 366
760 365
760 364
760 363
760 362
760 361
759 360
759 359
759 358
759 357
759 356
759 355
758 354
758 353
758 352
758 351
758 350
757 349
757 348
757 347
757 346
757 345
756 344
756 343
756 342
756 341
756 340
755 339
755 338
755 337
755 336
754 335
754 334
754 333
754 332
753 331
753 330
753 329
753 328
752 327
752 326
752 325
751 324
751 323
751 322
750 321
750 320
750 319
749 318
749 317
749 316
748 315
748 314
748 313
747 312
747 311
747 310
746 309
746 308
745 307
745 306
745 305
744 304
744 303
743 302
743 301
742 300
742 299
742 298
741 297
741 296
740 295
740 294
739 293
739 292
738 291
738 290
737 289
737 288
736 287
736 286
735 285
735 284
734 283
734 282
733 281
733 280
732 279
731 278
731 277
730 276
730 275
729 274
729 273
728 272
727 271
727 270
726 269
725 268
725 267
724 266
723 265
723 264
722 263
721 262
721 261
720 260
719 259
718 258
718 257
717 256
716 255
715 254
715 253
714 252
713 251
712 250
711 249
711 248
710 247
709 246
708 245
707 244
706 243
705 242
705 241
704 240
703 239
702 238
701 237
700 236
699 235
698 234
697 233
696 232
695 231
694 230
693 229
692 228
691 227
690 226
689 225
688 225
687 224
686 223
685 222
684 221
683 220
682 219
681 219
680 218
679 217
678 216
677 215
676 215
675 214
674 213
673 212
672 212
671 211
670 210
669 210
668 209
667 208
666 207
665 207
664 206
663 205
662 205
661 204
660 204
659 203
658 202
657 202
656 201
655 200
654 200
653 199
652 199
651 198
650 197
649 197
648 196
647 196
646 195
645 195
644 194
643 194
642 193
641 193
640 192
639 192
638 191
637 191
636 190
635 190
634 189
633 189
632 188
631 188
630 187
629 187
628 186
627 186
626 185
625 185
624 185
623 184
622 184
621 183
620 183
619 183
618 182
617 182
616 181
615 181
614 181
613 180
612 180
611 180
610 179
609 179
608 179
607 178
606 178
605 178
604 178
603 177
602 177
601 177
600 177
599 177
598 176
597 176
596 176
595 176
594 176
593 175
592 175
591 175
590 175
589 175
588 175
587 174
586 174
585 174
584 174
583 174
582 174
581 174
580 173
579 173
578 173
577 173
576 173
575 173
574 173
573 173
572 173
571 173
570 173
569 173
568 172
567 172
566 172
565 172
564 172
563 172
562 172
561 172
560 172
559 172
558 172
557 172
556 172
555 172
554 172
553 172
552 172
551 172
550 172
549 172
548 172
547 172
546 172
545 172
544 172
543 172
542 172
541 172
