541 253
540 254
539 254
538 254
537 254
536 254
535 254
534 254
533 254
532 255
531 255
530 255
529 255
528 255
527 255
526 256
525 256
524 256
523 256
522 257
521 257
520 257
519 257
518 257
517 258
516 258
515 258
514 259
513 259
512 259
511 259
510 260
509 260
508 260
507 261
506 261
505 262
504 262
503 262
502 263
501 263
500 264
499 264
498 264
497 265
496 265
495 266
494 266
493 267
492 267
491 268
490 268
489 269
488 269
487 270
486 270
485 271
484 272
483 272
482 273
481 274
480 274
479 275
478 276
477 276
476 277
475 278
474 278
473 279
472 280
471 281
470 282
469 283
468 283
467 284
466 285
465 286
464 287
463 288
462 289
461 290
460 291
460 292
459 293
458 294
457 295
456 296
455 297
455 298
454 299
453 300
452 301
452 302
451 303
450 304
450 305
449 306
448 307
448 308
447 309
447 310
446 311
446 312
445 313
444 314
444 315
443 316
443 317
443 318
442 319
442 320
441 321
441 322
440 323
440 324
439 325
439 326
439 327
438 328
438 329
438 330
437 331
437 332
437 333
436 334
436 335
436 336
435 337
435 338
435 339
435 340
434 341
434 342
434 343
434 344
433 345
433 346
433 347
433 348
433 349
432 350
432 351
432 352
432 353
432 354
431 355
430 356
429 356
428 356
427 356
426 356
425 356
424 356
423 356
422 356
421 356
420 356
419 356
418 356
417 356
416 356
415 356
414 356
413 356
412 356
411 356
410 356
409 356
408 356
407 356
406 356
405 356
404 356
403 356
402 356
402 357
402 358
402 359
402 360
402 361
402 362
402 363
402 364
402 365
402 366
402 367
402 368
402 369
402 370
402 371
402 372
402 373
402 374
402 375
402 376
402 377
402 378
402 379
402 380
402 381
402 382
402 383
402 384
402 385
402 386
402 387
402 388
402 389
402 390
402 391
402 392
402 393
402 394
402 395
402 396
402 397
402 398
402 399
402 400
402 401
402 402
402 403
402 404
402 405
402 406
402 407
402 408
402 409
402 410
402 411
402 412
402 413
402 414
402 415
402 416
402 417
402 418
402 419
402 420
402 421
402 422
402 423
402 424
402 425
402 426
402 427
402 428
402 429
402 430
402 431
402 432
402 433
402 434
402 435
402 436
402 437
402 438
402 439
402 440
402 441
402 442
402 443
402 444
402 445
402 446
402 447
402 448
402 449
403 450
404 450
405 450
406 450
407 450
408 450
409 450
410 450
411 450
412 450
413 450
414 450
415 450
416 450
417 450
418 450
419 450
420 450
421 450
422 450
423 450
424 450
425 450
426 450
427 450
428 450
429 450
430 450
431 450
432 450
433 450
434 450
435 451
435 452
435 453
435 454
435 455
436 456
436 457
436 458
436 459
436 460
437 461
437 462
437 463
437 464
437 465
438 466
438 467
438 468
439 469
439 470
439 471
439 472
440 473
440 474
440 475
441 476
441 477
442 478
442 479
442 480
443 481
443 482
444 483
444 484
444 485
445 486
445 487
446 488
446 489
447 490
447 491
448 492
448 493
449 494
450 495
450 496
451 497
451 498
452 499
453 500
453 501
454 502
455 503
455 504
456 505
457 506
458 507
458 508
459 509
460 510
461 511
462 512
463 513
463 514
464 515
465 516
466 517
467 518
468 519
469 520
470 521
471 521
472 522
473 523
474 524
475 525
476 526
477 526
478 527
479 528
480 529
481 529
482 530
483 531
484 531
485 532
486 533
487 533
488 534
489 535
490 535
491 536
492 536
493 537
494 537
495 538
496 538
497 539
498 539
499 540
500 540
501 541
502 541
503 542
504 542
505 542
506 543
507 543
508 544
509 544
510 544
511 545
512 545
513 545
514 546
515 546
516 546
517 547
518 547
519 547
520 548
521 548
522 548
523 548
524 548
525 549
526 549
527 549
528 549
529 550
530 550
531 550
532 550
533 550
534 550
535 551
536 551
537 551
538 551
539 551
540 551
541 551
542 552
543 552
544 552
545 552
546 552
547 552
548 552
549 552
550 552
551 552
552 552
553 552
554 552
555 552
556 552
557 552
558 552
559 552
560 552
561 552
562 552
563 552
564 552
565 552
566 552
567 552
568 552
569 552
570 552
571 552
572 552
573 552
574 552
575 552
576 552
577 551
578 551
579 551
580 551
581 551
582 551
583 551
584 551
585 550
586 550
587 550
588 550
589 550
590 549
591 549
592 549
593 549
594 549
595 548
596 548
597 548
598 548
599 547
600 547
601 547
602 547
603 546
604 546
605 546
606 545
607 545
608 545
609 544
610 544
611 544
612 543
613 543
614 543
615 542
616 542
617 541
618 541
619 540
620 540
621 540
622 539
623 539
624 538
625 538
626 537
627 537
628 536
629 536
630 535
631 534
632 534
633 533
634 533
635 532
636 532
637 531
638 530
639 530
640 529
641 528
642 528
643 527
644 526
645 525
646 525
647 524
648 523
649 522
650 522
651 521
652 520
653 519
654 518
655 517
656 516
657 516
658 515
659 514
660 513
661 512
662 511
663 510
664 509
665 508
665 507
666 506
667 505
668 504
669 503
670 502
671 501
672 500
672 499
673 498
674 497
675 496
675 495
676 494
677 493
678 492
678 491
679 490
680 489
680 488
681 487
682 486
682 485
683 484
684 483
684 482
685 481
685 480
686 479
687 478
687 477
688 476
688 475
689 474
689 473
690 472
690 471
691 470
691 469
692 468
692 467
693 466
693 465
694 464
694 463
695 462
695 461
695 460
696 459
696 458
697 457
697 456
698 455
698 454
698 453
699 452
699 451
699 450
700 449
700 448
700 447
701 446
701 445
701 444
702 443
702 442
702 441
703 440
703 439
703 438
703 437
704 436
704 435
704 434
704 433
705 432
705 431
705 430
705 429
705 428
706 427
706 426
706 425
706 424
706 423
707 422
707 421
707 420
707 419
707 418
707 417
707 416
708 415
708 414
708 413
708 412
708 411
708 410
708 409
708 408
708 407
708 406
708 405
708 404
708 403
708 402
708 401
708 400
708 399
708 398
708 397
708 396
708 395
708 394
708 393
708 392
708 391
708 390
707 389
707 388
707 387
707 386
707 385
707 384
707 383
707 382
706 381
706 380
706 379
706 378
706 377
706 376
705 375
705 374
705 373
705 372
705 371
704 370
704 369
704 368
704 367
703 366
703 365
703 364
703 363
702 362
702 361
702 360
702 359
701 358
701 357
701 356
700 355
700 354
700 353
699 352
699 351
698 350
698 349
698 348
697 347
697 346
697 345
696 344
696 343
695 342
695 341
694 340
694 339
694 338
693 337
693 336
692 335
692 334
691 333
691 332
690 331
690 330
689 329
689 328
688 327
687 326
687 325
686 324
686 323
685 322
684 321
684 320
683 319
683 318
682 317
681 316
681 315
680 314
679 313
678 312
678 311
677 310
676 309
675 308
675 307
674 306
673 305
672 304
671 303
671 302
670 301
669 300
668 299
667 298
666 297
665 296
664 295
663 294
662 293
661 292
660 291
659 290
658 289
657 288
656 287
655 287
654 286
653 285
652 284
651 283
650 282
649 282
648 281
647 280
646 279
645 279
644 278
643 277
642 277
641 276
640 275
639 275
638 274
637 274
636 273
635 272
634 272
633 271
632 271
631 270
630 270
629 269
628 269
627 268
626 268
625 267
624 267
623 266
622 266
621 265
620 265
619 264
618 264
617 264
616 263
615 263
614 262
613 262
612 262
611 261
610 261
609 261
608 260
607 260
606 260
605 259
604 259
603 259
602 259
601 258
600 258
599 258
598 257
597 257
596 257
595 257
594 257
593 256
592 256
591 256
590 256
589 256
588 255
587 255
586 255
585 255
584 255
583 255
582 254
581 254
580 254
579 254
578 254
577 254
576 254
575 254
574 253
573 253
572 253
571 253
570 253
569 253
568 253
567 253
566 253
565 253
564 253
563 253
562 253
561 253
560 253
559 253
558 253
557 253
556 253
555 253
554 253
553 253
552 253
551 253
550 253
549 253
548 253
547 253
546 253
545 253
544 253
543 253
542 253
541 253
