513 295
512 296
511 296
510 296
509 296
508 296
507 296
506 296
505 297
504 297
503 297
502 297
501 298
500 298
499 299
498 299
497 300
496 300
495 301
494 301
493 302
492 303
491 304
491 305
491 306
490 307
489 307
488 308
487 309
486 310
485 311
484 311
483 312
482 313
481 314
480 314
479 315
478 316
477 317
476 318
475 319
474 320
474 321
474 322
474 323
474 324
474 325
474 326
474 327
474 328
474 329
474 330
474 331
474 332
474 333
474 334
474 335
474 336
474 337
474 338
474 339
474 340
474 341
474 342
474 343
474 344
474 345
474 346
474 347
474 348
474 349
474 350
474 351
474 352
474 353
474 354
474 355
474 356
474 357
474 358
474 359
474 360
474 361
474 362
474 363
474 364
474 365
474 366
474 367
474 368
474 369
474 370
474 371
474 372
474 373
474 374
474 375
474 376
474 377
474 378
474 379
474 380
474 381
474 382
474 383
474 384
474 385
474 386
474 387
474 388
474 389
474 390
474 391
474 392
474 393
474 394
474 395
474 396
474 397
474 398
474 399
474 400
474 401
474 402
474 403
474 404
474 405
474 406
474 407
474 408
474 409
474 410
474 411
474 412
474 413
474 414
474 415
474 416
474 417
474 418
474 419
474 420
474 421
474 422
474 423
474 424
474 425
474 426
474 427
474 428
474 429
474 430
474 431
474 432
474 433
474 434
474 435
474 436
474 437
474 438
474 439
474 440
474 441
474 442
474 443
474 444
474 445
474 446
474 447
474 448
474 449
474 450
474 451
474 452
474 453
474 454
474 455
474 456
474 457
474 458
474 459
474 460
474 461
474 462
474 463
474 464
474 465
474 466
474 467
474 468
474 469
474 470
474 471
474 472
474 473
474 474
474 475
474 476
474 477
474 478
474 479
474 480
474 481
474 482
474 483
474 484
474 485
474 486
474 487
474 488
474 489
474 490
474 491
474 492
474 493
474 494
474 495
474 496
474 497
474 498
474 499
474 500
474 501
474 502
474 503
474 504
474 505
474 506
474 507
475 508
476 509
477 510
478 511
479 512
480 513
481 513
482 514
483 515
484 516
485 517
486 517
487 518
488 519
489 520
490 520
491 521
491 522
491 523
492 524
493 525
494 526
495 526
496 527
497 527
498 528
499 528
500 529
501 529
502 530
503 530
504 530
505 530
506 531
507 531
508 531
509 531
510 531
511 531
512 531
513 532
514 532
515 531
516 531
517 531
518 531
519 531
520 531
521 531
522 530
523 530
524 530
525 529
526 529
527 528
528 528
529 527
530 527
531 526
532 525
533 524
534 524
535 523
536 522
537 521
538 520
539 519
540 518
541 517
541 516
542 515
543 514
544 513
544 512
545 511
546 510
546 509
547 508
547 507
548 506
549 505
549 504
550 503
550 502
551 501
551 500
552 499
552 498
553 497
553 496
553 495
554 494
554 493
555 492
555 491
555 490
556 489
556 488
557 487
557 486
557 485
557 484
558 483
558 482
559 481
559 480
559 479
559 478
560 477
560 476
560 475
560 474
561 473
561 472
561 471
562 470
562 469
562 468
562 467
562 466
563 465
563 464
563 463
563 462
564 461
564 460
564 459
564 458
564 457
564 456
565 455
565 454
565 453
565 452
565 451
565 450
566 449
566 448
566 447
566 446
566 445
566 444
566 443
566 442
566 441
567 440
567 439
567 438
567 437
567 436
567 435
567 434
567 433
567 432
567 431
567 430
567 429
568 428
568 427
568 426
568 425
568 424
568 423
568 422
568 421
568 420
568 419
568 418
568 417
568 416
568 415
568 414
568 413
568 412
568 411
568 410
568 409
568 408
568 407
568 406
568 405
568 404
568 403
568 402
568 401
568 400
568 399
567 398
567 397
567 396
567 395
567 394
567 393
567 392
567 391
567 390
567 389
567 388
567 387
566 386
566 385
566 384
566 383
566 382
566 381
566 380
566 379
566 378
565 377
565 376
565 375
565 374
565 373
565 372
564 371
564 370
564 369
564 368
564 367
564 366
563 365
563 364
563 363
563 362
562 361
562 360
562 359
562 358
562 357
561 356
561 355
561 354
560 353
560 352
560 351
560 350
559 349
559 348
559 347
558 346
558 345
558 344
557 343
557 342
557 341
556 340
556 339
556 338
555 337
555 336
555 335
554 334
554 333
553 332
553 331
553 330
552 329
552 328
551 327
551 326
550 325
550 324
549 323
549 322
548 321
547 320
547 319
546 318
546 317
545 316
544 315
544 314
543 313
542 312
541 311
540 310
540 309
539 308
538 307
537 306
536 305
535 304
534 303
533 303
532 302
531 301
530 300
529 300
528 299
527 299
526 298
525 298
524 297
523 297
522 297
521 296
520 296
519 296
518 296
517 296
516 296
515 296
514 295
513 295
