464 294
463 295
462 295
461 296
461 297
460 298
460 299
460 300
460 301
460 302
460 303
460 304
460 305
460 306
460 307
460 308
460 309
460 310
460 311
460 312
460 313
460 314
460 315
460 316
460 317
460 318
460 319
460 320
460 321
460 322
460 323
460 324
460 325
460 326
460 327
460 328
460 329
460 330
460 331
460 332
460 333
460 334
460 335
460 336
460 337
460 338
460 339
460 340
460 341
460 342
460 343
460 344
460 345
460 346
460 347
460 348
460 349
460 350
460 351
460 352
460 353
460 354
460 355
460 356
460 357
460 358
460 359
460 360
460 361
460 362
460 363
460 364
460 365
460 366
460 367
460 368
460 369
460 370
460 371
460 372
460 373
460 374
460 375
460 376
460 377
460 378
460 379
460 380
460 381
460 382
460 383
460 384
460 385
460 386
460 387
460 388
460 389
460 390
460 391
460 392
460 393
460 394
460 395
460 396
460 397
460 398
460 399
460 400
460 401
460 402
460 403
460 404
460 405
460 406
460 407
460 408
460 409
460 410
460 411
460 412
460 413
460 414
460 415
460 416
460 417
460 418
460 419
460 420
460 421
460 422
460 423
460 424
460 425
460 426
460 427
460 428
460 429
460 430
460 431
460 432
460 433
460 434
460 435
460 436
460 437
460 438
460 439
460 440
460 441
460 442
460 443
460 444
460 445
460 446
460 447
460 448
460 449
460 450
460 451
460 452
460 453
460 454
460 455
460 456
460 457
460 458
460 459
460 460
460 461
460 462
460 463
460 464
460 465
460 466
460 467
460 468
460 469
460 470
460 471
460 472
460 473
460 474
460 475
460 476
460 477
460 478
460 479
460 480
460 481
460 482
460 483
460 484
460 485
460 486
460 487
460 488
460 489
460 490
460 491
460 492
460 493
460 494
460 495
460 496
460 497
460 498
460 499
460 500
460 501
460 502
460 503
460 504
460 505
460 506
460 507
460 508
460 509
460 510
460 511
460 512
460 513
460 514
460 515
460 516
460 517
460 518
460 519
460 520
460 521
460 522
460 523
460 524
460 525
460 526
460 527
460 528
460 529
460 530
460 531
460 532
460 533
460 534
460 535
460 536
460 537
460 538
460 539
460 540
460 541
460 542
460 543
460 544
460 545
460 546
460 547
460 548
460 549
460 550
460 551
460 552
460 553
460 554
460 555
461 556
461 557
462 557
463 558
464 558
465 558
466 558
467 558
468 557
469 556
470 555
471 554
472 553
473 552
474 551
475 550
476 549
477 548
478 547
479 546
480 545
481 544
482 543
483 542
484 541
485 540
486 539
487 538
488 537
489 536
490 535
491 534
492 533
493 532
493 531
494 530
495 529
496 528
497 527
497 526
498 525
499 524
500 523
500 522
501 521
502 520
502 519
503 518
504 517
504 516
505 515
506 514
506 513
507 512
507 511
508 510
509 509
509 508
510 507
510 506
511 505
511 504
512 503
512 502
513 501
513 500
514 499
514 498
515 497
515 496
515 495
516 494
516 493
517 492
517 491
517 490
518 489
518 488
519 487
519 486
519 485
520 484
520 483
520 482
521 481
521 480
521 479
522 478
522 477
522 476
523 475
523 474
523 473
523 472
524 471
524 470
524 469
524 468
525 467
525 466
525 465
525 464
526 463
526 462
526 461
526 460
526 459
527 458
527 457
527 456
527 455
527 454
528 453
528 452
528 451
528 450
528 449
528 448
528 447
529 446
529 445
529 444
529 443
529 442
529 441
529 440
529 439
529 438
529 437
530 436
530 435
530 434
530 433
530 432
530 431
530 430
530 429
530 428
530 427
530 426
530 425
530 424
530 423
530 422
530 421
530 420
530 419
530 418
530 417
529 416
529 415
529 414
529 413
529 412
529 411
529 410
529 409
529 408
529 407
528 406
528 405
528 404
528 403
528 402
528 401
528 400
527 399
527 398
527 397
527 396
527 395
526 394
526 393
526 392
526 391
526 390
525 389
525 388
525 387
525 386
524 385
524 384
524 383
524 382
523 381
523 380
523 379
523 378
522 377
522 376
522 375
521 374
521 373
521 372
520 371
520 370
520 369
519 368
519 367
519 366
518 365
518 364
517 363
517 362
517 361
516 360
516 359
515 358
515 357
515 356
514 355
514 354
513 353
513 352
512 351
512 350
511 349
511 348
510 347
510 346
509 345
509 344
508 343
507 342
507 341
506 340
506 339
505 338
505 337
504 336
503 335
502 334
502 333
501 332
501 331
500 330
499 329
498 328
498 327
497 326
496 325
495 324
494 323
494 322
493 321
492 320
491 319
490 318
489 317
488 316
487 315
486 314
485 313
484 312
483 311
482 310
481 309
480 308
479 307
478 306
477 305
476 304
475 303
474 302
473 301
472 300
471 299
470 298
469 297
468 296
467 295
466 295
465 294
464 294
