487 299
486 300
485 300
484 300
483 300
482 301
481 301
480 301
479 302
478 302
477 303
476 303
475 304
474 304
473 305
472 305
471 306
470 306
469 307
468 308
467 308
466 309
465 310
464 310
463 311
462 312
461 313
460 314
459 315
458 316
457 317
456 318
455 319
454 320
453 321
452 322
452 323
451 324
450 325
450 326
449 327
448 328
448 329
448 330
448 331
448 332
448 333
448 334
448 335
448 336
448 337
448 338
448 339
448 340
448 341
448 342
448 343
448 344
448 345
448 346
448 347
448 348
448 349
448 350
448 351
448 352
448 353
448 354
448 355
448 356
448 357
448 358
448 359
448 360
448 361
448 362
448 363
448 364
448 365
448 366
448 367
448 368
448 369
448 370
448 371
448 372
448 373
448 374
448 375
448 376
448 377
448 378
448 379
448 380
448 381
448 382
448 383
448 384
448 385
448 386
448 387
448 388
448 389
448 390
448 391
448 392
448 393
448 394
448 395
448 396
448 397
448 398
448 399
448 400
448 401
448 402
448 403
448 404
448 405
448 406
448 407
448 408
448 409
448 410
448 411
448 412
448 413
448 414
448 415
448 416
448 417
448 418
448 419
448 420
448 421
448 422
448 423
448 424
448 425
448 426
448 427
448 428
448 429
448 430
448 431
448 432
448 433
448 434
448 435
448 436
448 437
448 438
448 439
448 440
448 441
448 442
448 443
448 444
448 445
448 446
448 447
448 448
448 449
448 450
448 451
448 452
448 453
448 454
448 455
448 456
448 457
448 458
448 459
448 460
448 461
448 462
448 463
448 464
448 465
448 466
448 467
448 468
448 469
448 470
449 471
449 472
450 473
450 474
451 475
452 476
453 477
453 478
454 479
455 480
456 481
457 482
458 483
459 484
460 485
461 486
462 487
463 488
464 488
465 489
466 490
467 491
468 491
469 492
470 492
471 493
472 494
473 494
474 495
475 495
476 496
477 496
478 497
479 497
480 497
481 498
482 498
483 498
484 499
485 499
486 499
487 499
488 499
489 500
490 500
491 500
492 500
493 500
494 500
495 499
496 499
497 499
498 499
499 498
500 498
501 498
502 497
503 497
504 496
505 496
506 495
507 494
508 494
509 493
510 492
511 491
512 491
513 490
514 489
515 488
516 487
517 486
518 485
519 485
520 484
521 483
522 482
523 481
524 480
524 479
525 478
526 477
527 476
528 475
529 474
529 473
530 472
531 471
532 470
532 469
533 468
534 467
534 466
535 465
536 464
536 463
537 462
537 461
538 460
538 459
539 458
540 457
540 456
541 455
541 454
542 453
542 452
542 451
543 450
543 449
544 448
544 447
545 446
545 445
545 444
546 443
546 442
546 441
547 440
547 439
547 438
548 437
548 436
548 435
549 434
549 433
549 432
549 431
550 430
550 429
550 428
550 427
551 426
551 425
551 424
551 423
551 422
552 421
552 420
552 419
552 418
552 417
552 416
553 415
553 414
553 413
553 412
553 411
553 410
553 409
553 408
553 407
553 406
553 405
553 404
553 403
553 402
554 401
554 400
554 399
554 398
553 397
553 396
553 395
553 394
553 393
553 392
553 391
553 390
553 389
553 388
553 387
553 386
553 385
553 384
552 383
552 382
552 381
552 380
552 379
552 378
551 377
551 376
551 375
551 374
551 373
550 372
550 371
550 370
550 369
550 368
549 367
549 366
549 365
548 364
548 363
548 362
548 361
547 360
547 359
546 358
546 357
546 356
545 355
545 354
545 353
544 352
544 351
543 350
543 349
543 348
542 347
542 346
541 345
541 344
540 343
540 342
539 341
539 340
538 339
537 338
537 337
536 336
536 335
535 334
534 333
534 332
533 331
532 330
532 329
531 328
530 327
529 326
529 325
528 324
527 323
526 322
525 321
525 320
524 319
523 318
522 317
521 316
520 315
519 314
518 313
517 312
516 311
515 311
514 310
513 309
512 308
511 307
510 307
509 306
508 305
507 305
506 304
505 303
504 302
503 302
502 302
501 301
500 301
499 300
498 300
497 300
496 300
495 299
494 299
493 299
492 299
491 299
490 299
489 299
488 299
487 299
