467 288
466 289
465 289
464 289
463 289
462 289
461 289
460 289
459 289
458 290
457 290
456 290
455 290
454 291
453 291
452 291
451 292
450 292
449 293
448 293
447 294
446 294
445 295
444 295
443 296
442 297
441 298
440 299
439 300
438 301
437 302
436 303
435 304
434 305
434 306
433 307
432 308
432 309
432 310
432 311
431 312
431 313
431 314
431 315
431 316
431 317
431 318
431 319
431 320
431 321
431 322
431 323
431 324
431 325
431 326
431 327
431 328
431 329
431 330
431 331
431 332
431 333
431 334
431 335
431 336
431 337
431 338
431 339
431 340
431 341
431 342
431 343
431 344
431 345
431 346
431 347
431 348
431 349
431 350
431 351
431 352
431 353
431 354
431 355
431 356
431 357
431 358
431 359
431 360
431 361
431 362
431 363
431 364
431 365
431 366
431 367
431 368
431 369
431 370
431 371
431 372
431 373
431 374
431 375
431 376
431 377
431 378
431 379
431 380
431 381
431 382
431 383
431 384
431 385
431 386
432 387
431 388
431 389
431 390
431 391
431 392
431 393
431 394
431 395
431 396
431 397
431 398
431 399
431 400
431 401
431 402
431 403
431 404
431 405
431 406
431 407
431 408
431 409
431 410
431 411
431 412
431 413
431 414
431 415
431 416
431 417
431 418
431 419
431 420
431 421
431 422
431 423
431 424
431 425
431 426
431 427
431 428
431 429
431 430
431 431
431 432
431 433
431 434
431 435
431 436
431 437
431 438
431 439
431 440
431 441
431 442
431 443
431 444
431 445
431 446
431 447
431 448
431 449
431 450
431 451
431 452
431 453
431 454
431 455
431 456
431 457
431 458
431 459
431 460
431 461
432 462
432 463
432 464
432 465
433 466
433 467
434 468
435 469
435 470
436 471
437 472
438 473
439 474
440 475
441 476
442 477
443 477
444 478
445 479
446 479
447 480
448 480
449 481
450 481
451 482
452 482
453 482
454 483
455 483
456 483
457 483
458 484
459 484
460 484
461 484
462 484
463 485
464 485
465 485
466 485
467 485
468 485
469 485
470 485
471 485
472 485
473 485
474 485
475 485
476 485
477 485
478 485
479 485
480 485
481 485
482 485
483 485
484 485
485 484
486 484
487 484
488 484
489 484
490 483
491 483
492 483
493 483
494 482
495 482
496 482
497 481
498 481
499 481
500 480
501 480
502 479
503 479
504 478
505 478
506 477
507 477
508 476
509 476
510 475
511 474
512 474
513 473
514 472
515 472
516 471
517 470
518 469
519 469
520 468
521 467
522 466
523 465
524 464
525 463
526 462
527 461
528 460
529 459
530 458
530 457
531 456
532 455
533 454
534 453
534 452
535 451
536 450
536 449
537 448
538 447
538 446
539 445
539 444
540 443
541 442
541 441
542 440
542 439
543 438
543 437
544 436
544 435
544 434
545 433
545 432
546 431
546 430
547 429
547 428
547 427
548 426
548 425
548 424
549 423
549 422
549 421
550 420
550 419
550 418
550 417
551 416
551 415
551 414
551 413
552 412
552 411
552 410
552 409
552 408
553 407
553 406
553 405
553 404
553 403
553 402
553 401
554 400
554 399
554 398
554 397
554 396
554 395
554 394
554 393
554 392
554 391
554 390
554 389
554 388
555 387
554 386
554 385
554 384
554 383
554 382
554 381
554 380
554 379
554 378
554 377
554 376
554 375
554 374
554 373
553 372
553 371
553 370
553 369
553 368
553 367
553 366
552 365
552 364
552 363
552 362
552 361
551 360
551 359
551 358
551 357
550 356
550 355
550 354
549 353
549 352
549 351
549 350
548 349
548 348
547 347
547 346
547 345
546 344
546 343
546 342
545 341
545 340
544 339
544 338
543 337
543 336
542 335
542 334
541 333
541 332
540 331
540 330
539 329
539 328
538 327
537 326
537 325
536 324
535 323
535 322
534 321
533 320
533 319
532 318
531 317
530 316
529 315
528 314
528 313
527 312
526 311
525 310
524 309
523 308
522 307
521 307
520 306
519 305
518 304
517 303
516 302
515 302
514 301
513 300
512 300
511 299
510 298
509 298
508 297
507 297
506 296
505 296
504 295
503 295
502 294
501 294
500 293
499 293
498 292
497 292
496 292
495 291
494 291
493 291
492 291
491 290
490 290
489 290
488 290
487 289
486 289
485 289
484 289
483 289
482 289
481 289
480 288
479 288
478 288
477 288
476 288
475 288
474 288
473 288
472 288
471 288
470 288
469 288
468 288
467 288
