524 249
523 250
522 250
521 250
520 250
519 250
518 250
517 250
516 250
515 250
514 250
513 250
512 251
511 251
510 251
509 251
508 251
507 251
506 251
505 252
504 252
503 252
502 252
501 252
500 253
499 253
498 253
497 253
496 254
495 254
494 254
493 255
492 255
491 255
490 256
489 256
488 256
487 257
486 257
485 258
484 258
483 259
482 259
481 260
480 261
479 261
478 262
477 263
476 263
475 264
474 265
473 266
472 266
471 267
470 268
469 269
468 270
467 271
466 272
465 273
464 274
463 275
462 276
462 277
461 278
460 279
459 280
459 281
458 282
457 283
456 284
456 285
455 286
454 287
454 288
453 289
452 290
451 291
450 292
449 293
448 293
447 294
446 295
445 295
444 296
443 296
442 297
441 297
440 297
439 298
438 298
437 299
436 300
436 301
435 302
435 303
435 304
435 305
435 306
435 307
435 308
435 309
435 310
435 311
435 312
435 313
435 314
435 315
435 316
435 317
435 318
435 319
435 320
435 321
435 322
435 323
435 324
435 325
435 326
435 327
435 328
435 329
435 330
435 331
435 332
435 333
435 334
435 335
435 336
435 337
435 338
435 339
435 340
435 341
435 342
435 343
435 344
435 345
435 346
435 347
435 348
435 349
435 350
435 351
435 352
435 353
435 354
435 355
435 356
435 357
435 358
435 359
435 360
435 361
435 362
435 363
435 364
435 365
435 366
435 367
435 368
435 369
435 370
435 371
435 372
435 373
435 374
435 375
435 376
435 377
435 378
435 379
435 380
435 381
435 382
435 383
435 384
435 385
435 386
435 387
435 388
435 389
435 390
435 391
435 392
435 393
435 394
435 395
435 396
435 397
435 398
435 399
435 400
435 401
435 402
435 403
435 404
435 405
435 406
435 407
435 408
435 409
435 410
435 411
435 412
435 413
435 414
435 415
435 416
435 417
435 418
435 419
435 420
435 421
435 422
435 423
435 424
435 425
435 426
435 427
435 428
435 429
435 430
435 431
435 432
435 433
435 434
435 435
435 436
435 437
435 438
435 439
435 440
435 441
435 442
435 443
435 444
435 445
435 446
435 447
435 448
435 449
435 450
435 451
435 452
435 453
435 454
435 455
435 456
435 457
435 458
435 459
435 460
435 461
435 462
435 463
435 464
435 465
435 466
435 467
435 468
435 469
435 470
435 471
435 472
435 473
435 474
435 475
435 476
435 477
435 478
435 479
435 480
435 481
436 482
436 483
437 484
438 485
439 486
440 486
441 486
442 487
443 487
444 487
445 488
446 488
447 489
448 490
449 491
450 491
451 492
452 493
453 494
453 495
454 496
455 497
456 498
456 499
457 500
458 501
458 502
459 503
460 504
461 505
461 506
462 507
463 508
464 509
465 510
466 511
467 512
468 513
469 514
470 515
471 516
472 517
473 518
474 518
475 519
476 520
477 521
478 521
479 522
480 523
481 523
482 524
483 524
484 525
485 526
486 526
487 526
488 527
489 527
490 528
491 528
492 528
493 529
494 529
495 529
496 529
497 530
498 530
499 530
500 531
501 531
502 531
503 531
504 531
505 532
506 532
507 532
508 532
509 532
510 532
511 533
512 533
513 533
514 533
515 533
516 533
517 533
518 533
519 533
520 534
521 534
522 534
523 534
524 534
525 534
526 534
527 534
528 534
529 534
530 534
531 534
532 534
533 534
534 534
535 534
536 534
537 534
538 534
539 534
540 534
541 534
542 534
543 533
544 533
545 533
546 533
547 533
548 533
549 533
550 533
551 533
552 532
553 532
554 532
555 532
556 532
557 532
558 531
559 531
560 531
561 531
562 531
563 530
564 530
565 530
566 530
567 529
568 529
569 529
570 529
571 528
572 528
573 528
574 527
575 527
576 527
577 526
578 526
579 526
580 525
581 525
582 525
583 524
584 524
585 523
586 523
587 522
588 522
589 522
590 521
591 521
592 520
593 520
594 519
595 519
596 518
597 518
598 517
599 517
600 516
601 515
602 515
603 514
604 514
605 513
606 512
607 512
608 511
609 510
610 510
611 509
612 508
613 508
614 507
615 506
616 506
617 505
618 504
619 503
620 502
621 502
622 501
623 500
624 499
625 498
626 497
627 496
628 495
629 494
630 493
631 492
632 491
633 490
634 489
635 488
636 487
637 486
638 485
639 484
639 483
640 482
641 481
642 480
643 479
643 478
644 477
645 476
645 475
646 474
647 473
648 472
648 471
649 470
650 469
650 468
651 467
651 466
652 465
653 464
653 463
654 462
654 461
655 460
655 459
656 458
656 457
657 456
657 455
658 454
658 453
659 452
659 451
660 450
660 449
661 448
661 447
661 446
662 445
662 444
663 443
663 442
663 441
664 440
664 439
664 438
665 437
665 436
665 435
666 434
666 433
666 432
667 431
667 430
667 429
667 428
668 427
668 426
668 425
668 424
669 423
669 422
669 421
669 420
669 419
670 418
670 417
670 416
670 415
670 414
670 413
671 412
671 411
671 410
671 409
671 408
671 407
671 406
671 405
671 404
672 403
672 402
672 401
672 400
672 399
672 398
672 397
672 396
672 395
672 394
672 393
672 392
672 391
672 390
672 389
672 388
672 387
672 386
672 385
672 384
672 383
672 382
672 381
671 380
671 379
671 378
671 377
671 376
671 375
671 374
671 373
671 372
671 371
670 370
670 369
670 368
670 367
670 366
670 365
669 364
669 363
669 362
669 361
668 360
668 359
668 358
668 357
668 356
667 355
667 354
667 353
666 352
666 351
666 350
666 349
665 348
665 347
665 346
664 345
664 344
664 343
663 342
663 341
662 340
662 339
662 338
661 337
661 336
660 335
660 334
660 333
659 332
659 331
658 330
658 329
657 328
657 327
656 326
656 325
655 324
655 323
654 322
654 321
653 320
652 319
652 318
651 317
651 316
650 315
649 314
649 313
648 312
647 311
647 310
646 309
645 308
645 307
644 306
643 305
642 304
642 303
641 302
640 301
639 300
638 299
637 298
637 297
636 296
635 295
634 294
633 293
632 292
631 291
630 290
629 289
628 288
627 287
626 286
625 285
624 284
623 283
622 283
621 282
620 281
619 280
618 279
617 279
616 278
615 277
614 276
613 276
612 275
611 274
610 273
609 273
608 272
607 271
606 271
605 270
604 270
603 269
602 268
601 268
600 267
599 267
598 266
597 266
596 265
595 265
594 264
593 264
592 263
591 263
590 262
589 262
588 261
587 261
586 260
585 260
584 260
583 259
582 259
581 258
580 258
579 258
578 257
577 257
576 257
575 256
574 256
573 256
572 255
571 255
570 255
569 254
568 254
567 254
566 254
565 253
564 253
563 253
562 253
561 252
560 252
559 252
558 252
557 252
556 251
555 251
554 251
553 251
552 251
551 251
550 251
549 250
548 250
547 250
546 250
545 250
544 250
543 250
542 250
541 250
540 250
539 249
538 249
537 249
536 249
535 249
534 249
533 249
532 249
531 249
530 249
529 249
528 249
527 249
526 249
525 249
524 249
