531 222
530 223
529 223
528 224
527 224
526 225
525 226
524 227
524 228
523 229
522 230
522 231
521 232
520 233
520 234
519 235
519 236
519 237
518 238
518 239
518 240
518 241
518 242
518 243
518 244
518 245
518 246
518 247
518 248
518 249
518 250
518 251
518 252
518 253
518 254
518 255
518 256
518 257
518 258
518 259
518 260
518 261
518 262
518 263
518 264
518 265
518 266
518 267
518 268
518 269
518 270
518 271
518 272
518 273
518 274
518 275
518 276
518 277
518 278
518 279
518 280
518 281
518 282
518 283
518 284
518 285
518 286
518 287
518 288
518 289
518 290
518 291
518 292
518 293
518 294
518 295
518 296
518 297
518 298
518 299
518 300
518 301
518 302
518 303
518 304
518 305
518 306
518 307
518 308
518 309
518 310
518 311
518 312
518 313
518 314
518 315
518 316
518 317
518 318
518 319
518 320
518 321
518 322
518 323
518 324
518 325
518 326
518 327
518 328
518 329
518 330
518 331
518 332
518 333
518 334
518 335
518 336
518 337
518 338
518 339
518 340
518 341
518 342
518 343
518 344
518 345
518 346
518 347
518 348
518 349
518 350
518 351
518 352
518 353
518 354
518 355
518 356
518 357
518 358
518 359
518 360
518 361
518 362
518 363
518 364
518 365
518 366
518 367
518 368
518 369
518 370
518 371
518 372
518 373
518 374
518 375
518 376
518 377
518 378
518 379
518 380
518 381
518 382
518 383
518 384
518 385
518 386
518 387
518 388
518 389
518 390
518 391
518 392
518 393
518 394
518 395
518 396
518 397
518 398
518 399
518 400
518 401
518 402
518 403
518 404
518 405
518 406
518 407
518 408
518 409
518 410
518 411
518 412
518 413
518 414
518 415
518 416
518 417
518 418
518 419
518 420
518 421
518 422
518 423
518 424
518 425
518 426
518 427
518 428
518 429
518 430
518 431
518 432
518 433
518 434
518 435
518 436
518 437
518 438
518 439
518 440
518 441
518 442
518 443
518 444
518 445
518 446
518 447
518 448
518 449
518 450
518 451
518 452
518 453
518 454
518 455
518 456
518 457
518 458
518 459
518 460
518 461
518 462
518 463
518 464
518 465
518 466
518 467
518 468
518 469
518 470
518 471
518 472
518 473
518 474
518 475
518 476
518 477
518 478
518 479
518 480
518 481
518 482
518 483
518 484
518 485
518 486
518 487
518 488
518 489
518 490
518 491
518 492
518 493
518 494
518 495
518 496
518 497
518 498
518 499
518 500
518 501
518 502
518 503
518 504
518 505
518 506
518 507
518 508
518 509
518 510
518 511
518 512
518 513
518 514
518 515
518 516
518 517
518 518
518 519
518 520
518 521
518 522
518 523
518 524
518 525
518 526
518 527
518 528
518 529
518 530
518 531
518 532
518 533
518 534
518 535
518 536
518 537
518 538
518 539
518 540
518 541
518 542
518 543
518 544
518 545
518 546
518 547
518 548
518 549
518 550
518 551
518 552
518 553
518 554
518 555
518 556
518 557
518 558
518 559
519 560
519 561
519 562
520 563
520 564
521 565
522 566
522 567
523 568
524 569
525 570
525 571
526 572
527 572
528 573
529 574
530 574
531 574
532 574
533 574
534 574
535 574
536 573
536 572
537 571
537 570
537 569
538 568
538 567
538 566
538 565
538 564
538 563
538 562
538 561
537 560
537 559
537 558
537 557
537 556
537 555
538 554
538 553
539 552
539 551
540 550
540 549
541 548
541 547
542 546
543 545
543 544
544 543
545 542
545 541
546 540
547 539
548 538
549 537
549 536
550 535
551 534
552 533
552 532
553 531
554 530
554 529
555 528
556 527
556 526
557 525
558 524
559 523
559 522
560 521
560 520
561 519
562 518
562 517
563 516
564 515
564 514
565 513
565 512
566 511
567 510
567 509
568 508
568 507
569 506
569 505
570 504
570 503
571 502
572 501
572 500
573 499
573 498
574 497
574 496
575 495
575 494
576 493
576 492
576 491
577 490
577 489
578 488
578 487
579 486
579 485
580 484
580 483
580 482
581 481
581 480
582 479
582 478
582 477
583 476
583 475
584 474
584 473
584 472
585 471
585 470
585 469
586 468
586 467
586 466
587 465
587 464
587 463
588 462
588 461
588 460
588 459
589 458
589 457
589 456
590 455
590 454
590 453
590 452
591 451
591 450
591 449
591 448
592 447
592 446
592 445
592 444
593 443
593 442
593 441
593 440
593 439
594 438
594 437
594 436
594 435
594 434
594 433
595 432
595 431
595 430
595 429
595 428
595 427
595 426
596 425
596 424
596 423
596 422
596 421
596 420
596 419
596 418
596 417
597 416
597 415
597 414
597 413
597 412
597 411
597 410
597 409
597 408
597 407
597 406
597 405
597 404
597 403
597 402
597 401
597 400
597 399
597 398
597 397
597 396
597 395
597 394
597 393
597 392
597 391
597 390
597 389
597 388
597 387
597 386
597 385
597 384
597 383
597 382
597 381
596 380
596 379
596 378
596 377
596 376
596 375
596 374
596 373
596 372
596 371
595 370
595 369
595 368
595 367
595 366
595 365
594 364
594 363
594 362
594 361
594 360
594 359
593 358
593 357
593 356
593 355
593 354
592 353
592 352
592 351
592 350
591 349
591 348
591 347
591 346
591 345
590 344
590 343
590 342
589 341
589 340
589 339
589 338
588 337
588 336
588 335
587 334
587 333
587 332
586 331
586 330
586 329
585 328
585 327
585 326
584 325
584 324
584 323
583 322
583 321
582 320
582 319
582 318
581 317
581 316
581 315
580 314
580 313
579 312
579 311
578 310
578 309
577 308
577 307
577 306
576 305
576 304
575 303
575 302
574 301
574 300
573 299
573 298
572 297
572 296
571 295
571 294
570 293
570 292
569 291
568 290
568 289
567 288
567 287
566 286
566 285
565 284
564 283
564 282
563 281
563 280
562 279
561 278
561 277
560 276
559 275
559 274
558 273
557 272
557 271
556 270
555 269
555 268
554 267
553 266
552 265
552 264
551 263
550 262
550 261
549 260
548 259
547 258
546 257
546 256
545 255
544 254
544 253
543 252
542 251
542 250
541 249
540 248
540 247
539 246
539 245
538 244
538 243
537 242
537 241
537 240
537 239
537 238
537 237
538 236
538 235
538 234
538 233
538 232
538 231
538 230
538 229
537 228
537 227
537 226
536 225
536 224
535 223
534 223
533 222
532 222
531 222
