466 238
465 239
464 239
463 240
462 241
461 242
460 243
459 243
458 244
457 245
456 246
455 247
454 248
453 249
452 249
451 250
450 251
449 252
448 253
447 254
446 255
445 256
444 257
443 258
442 259
442 260
441 261
440 262
440 263
439 264
438 265
438 266
437 267
437 268
436 269
436 270
436 271
436 272
436 273
436 274
436 275
436 276
436 277
436 278
436 279
436 280
436 281
436 282
436 283
436 284
436 285
436 286
436 287
436 288
436 289
436 290
436 291
436 292
436 293
436 294
436 295
436 296
436 297
436 298
436 299
436 300
436 301
436 302
436 303
436 304
436 305
436 306
436 307
436 308
436 309
436 310
436 311
436 312
436 313
436 314
436 315
436 316
436 317
436 318
436 319
436 320
436 321
436 322
436 323
436 324
436 325
436 326
436 327
436 328
436 329
436 330
436 331
436 332
436 333
436 334
436 335
436 336
436 337
436 338
436 339
436 340
436 341
436 342
436 343
436 344
436 345
436 346
436 347
436 348
436 349
436 350
436 351
436 352
436 353
436 354
436 355
436 356
436 357
436 358
436 359
436 360
436 361
436 362
436 363
436 364
436 365
436 366
436 367
436 368
436 369
436 370
436 371
436 372
436 373
436 374
436 375
436 376
436 377
436 378
436 379
436 380
436 381
436 382
436 383
436 384
436 385
436 386
436 387
436 388
436 389
436 390
436 391
436 392
436 393
436 394
436 395
436 396
436 397
436 398
436 399
436 400
436 401
436 402
436 403
436 404
436 405
436 406
436 407
436 408
436 409
436 410
436 411
436 412
436 413
436 414
436 415
436 416
436 417
436 418
436 419
436 420
436 421
436 422
436 423
436 424
436 425
436 426
436 427
436 428
436 429
436 430
436 431
436 432
436 433
436 434
436 435
436 436
436 437
436 438
436 439
436 440
436 441
436 442
436 443
436 444
436 445
436 446
436 447
436 448
436 449
436 450
436 451
436 452
436 453
436 454
436 455
436 456
436 457
436 458
436 459
436 460
436 461
436 462
436 463
436 464
436 465
436 466
436 467
436 468
436 469
436 470
436 471
436 472
436 473
436 474
436 475
436 476
436 477
436 478
436 479
436 480
436 481
436 482
436 483
436 484
436 485
436 486
436 487
436 488
436 489
436 490
436 491
436 492
436 493
436 494
436 495
436 496
436 497
436 498
436 499
436 500
436 501
436 502
436 503
436 504
436 505
436 506
436 507
436 508
436 509
436 510
436 511
436 512
436 513
436 514
436 515
436 516
436 517
436 518
436 519
436 520
436 521
436 522
436 523
436 524
436 525
436 526
436 527
437 528
438 529
438 530
439 531
439 532
440 533
440 534
441 535
442 536
443 537
444 538
445 539
445 540
446 541
447 542
448 542
449 543
450 544
451 545
452 546
453 547
454 548
455 549
456 550
457 551
458 551
459 552
460 553
461 554
462 555
463 556
464 556
465 557
466 557
467 557
468 557
469 557
470 557
471 556
471 555
472 554
472 553
472 552
472 551
473 550
473 549
473 548
473 547
474 546
475 545
476 544
477 543
478 542
479 541
480 540
481 539
482 538
483 537
484 536
485 535
486 534
486 533
487 532
488 531
489 530
490 529
491 528
492 527
493 526
494 525
494 524
495 523
496 522
497 521
498 520
498 519
499 518
500 517
501 516
502 515
502 514
503 513
504 512
505 511
505 510
506 509
507 508
508 507
508 506
509 505
510 504
510 503
511 502
512 501
512 500
513 499
514 498
514 497
515 496
516 495
516 494
517 493
518 492
518 491
519 490
519 489
520 488
520 487
521 486
522 485
522 484
523 483
523 482
524 481
524 480
525 479
525 478
526 477
526 476
527 475
527 474
528 473
528 472
529 471
529 470
530 469
530 468
531 467
531 466
531 465
532 464
532 463
533 462
533 461
533 460
534 459
534 458
535 457
535 456
535 455
536 454
536 453
536 452
537 451
537 450
537 449
538 448
538 447
538 446
539 445
539 444
539 443
539 442
540 441
540 440
540 439
541 438
542 438
543 438
544 437
545 437
546 436
547 435
547 434
548 433
548 432
548 431
548 430
548 429
547 428
547 427
546 426
546 425
545 424
544 423
544 422
544 421
544 420
544 419
544 418
545 417
545 416
545 415
545 414
545 413
545 412
545 411
545 410
545 409
545 408
545 407
545 406
545 405
546 404
546 403
546 402
546 401
546 400
546 399
546 398
546 397
546 396
546 395
546 394
546 393
546 392
546 391
545 390
545 389
545 388
545 387
545 386
545 385
545 384
545 383
545 382
545 381
545 380
545 379
544 378
544 377
544 376
544 375
544 374
544 373
544 372
545 371
546 370
547 369
547 368
548 367
548 366
548 365
548 364
548 363
548 362
547 361
546 360
545 359
544 359
543 358
542 358
541 357
540 356
540 355
540 354
539 353
539 352
539 351
538 350
538 349
538 348
538 347
537 346
537 345
536 344
536 343
536 342
536 341
535 340
535 339
534 338
534 337
534 336
533 335
533 334
532 333
532 332
532 331
531 330
531 329
530 328
530 327
529 326
529 325
528 324
528 323
528 322
527 321
527 320
526 319
525 318
525 317
524 316
524 315
523 314
523 313
522 312
522 311
521 310
521 309
520 308
519 307
519 306
518 305
518 304
517 303
517 302
516 301
515 300
515 299
514 298
513 297
513 296
512 295
511 294
511 293
510 292
509 291
509 290
508 289
507 288
506 287
506 286
505 285
504 284
503 283
503 282
502 281
501 280
500 279
500 278
499 277
498 276
497 275
496 274
496 273
495 272
494 271
493 270
492 269
491 268
490 267
490 266
489 265
488 264
487 263
486 262
485 261
484 260
483 259
482 258
481 257
480 256
479 255
478 254
477 253
476 252
475 251
474 250
473 249
473 248
473 247
473 246
472 245
472 244
472 243
472 242
472 241
471 240
470 239
469 238
468 238
467 238
466 238
