481 274
480 275
479 275
478 275
477 276
476 276
475 276
474 276
473 277
472 277
471 277
470 278
469 278
468 279
467 279
466 279
465 280
464 280
463 281
462 281
461 282
460 282
459 283
458 283
457 284
456 284
455 285
454 285
453 286
452 287
451 287
450 288
449 289
448 289
447 290
446 291
445 291
444 292
443 293
442 294
441 295
440 295
439 296
438 297
437 298
436 299
435 300
434 300
433 300
432 300
431 299
430 299
429 298
428 298
427 297
426 297
425 296
424 296
423 295
422 295
421 294
420 293
419 293
418 292
417 292
416 291
415 291
414 291
413 290
412 290
411 290
410 290
409 291
408 292
407 293
407 294
407 295
407 296
407 297
407 298
407 299
407 300
407 301
407 302
407 303
407 304
407 305
407 306
407 307
407 308
407 309
407 310
407 311
407 312
407 313
407 314
407 315
407 316
407 317
407 318
407 319
407 320
407 321
407 322
407 323
407 324
407 325
407 326
407 327
407 328
407 329
407 330
407 331
407 332
407 333
407 334
407 335
407 336
407 337
407 338
407 339
407 340
407 341
407 342
407 343
407 344
407 345
407 346
407 347
407 348
407 349
407 350
407 351
407 352
407 353
407 354
407 355
407 356
407 357
407 358
407 359
407 360
407 361
407 362
407 363
407 364
407 365
407 366
407 367
407 368
407 369
407 370
407 371
407 372
407 373
407 374
407 375
407 376
407 377
407 378
407 379
407 380
407 381
407 382
407 383
407 384
407 385
407 386
407 387
407 388
407 389
407 390
407 391
407 392
407 393
407 394
407 395
407 396
407 397
407 398
407 399
407 400
407 401
407 402
407 403
407 404
407 405
407 406
407 407
407 408
407 409
407 410
407 411
407 412
407 413
407 414
407 415
407 416
407 417
407 418
407 419
407 420
407 421
407 422
407 423
407 424
407 425
407 426
407 427
407 428
407 429
407 430
407 431
407 432
407 433
407 434
407 435
407 436
407 437
407 438
407 439
407 440
407 441
407 442
407 443
407 444
407 445
407 446
407 447
407 448
407 449
407 450
407 451
407 452
407 453
407 454
407 455
407 456
407 457
407 458
407 459
407 460
407 461
407 462
407 463
407 464
407 465
407 466
407 467
407 468
407 469
407 470
407 471
407 472
407 473
407 474
407 475
407 476
407 477
407 478
407 479
407 480
407 481
407 482
407 483
407 484
407 485
407 486
407 487
407 488
407 489
407 490
407 491
407 492
407 493
407 494
407 495
407 496
407 497
407 498
407 499
407 500
407 501
407 502
407 503
407 504
407 505
407 506
407 507
407 508
407 509
407 510
407 511
408 512
408 513
409 513
410 514
411 514
412 514
413 514
414 514
415 513
416 513
417 512
418 512
419 511
420 511
421 510
422 510
423 509
424 509
425 508
426 507
427 507
428 506
429 506
430 505
431 505
432 504
433 504
434 504
435 504
436 505
437 506
438 507
439 508
440 509
441 510
442 510
443 511
444 512
445 513
446 513
447 514
448 515
449 516
450 516
451 517
452 518
453 518
454 519
455 519
456 520
457 520
458 521
459 522
460 522
461 523
462 523
463 523
464 524
465 524
466 525
467 525
468 526
469 526
470 526
471 527
472 527
473 527
474 528
475 528
476 528
477 529
478 529
479 529
480 529
481 530
482 530
483 530
484 530
485 530
486 531
487 531
488 531
489 531
490 530
491 530
492 530
493 530
494 530
495 530
496 529
497 529
498 529
499 529
500 528
501 528
502 528
503 527
504 527
505 527
506 526
507 526
508 525
509 525
510 524
511 524
512 523
513 523
514 522
515 522
516 521
517 521
518 520
519 519
520 519
521 518
522 517
523 517
524 516
525 515
526 514
527 513
528 513
529 512
530 511
531 510
532 509
533 508
534 507
535 506
536 505
537 504
538 503
539 502
540 501
540 500
541 499
542 498
543 497
544 496
544 495
545 494
546 493
547 492
547 491
548 490
549 489
549 488
550 487
551 486
551 485
552 484
552 483
553 482
554 481
554 480
555 479
555 478
556 477
556 476
557 475
557 474
558 473
558 472
559 471
559 470
560 469
560 468
561 467
561 466
562 465
562 464
563 463
563 462
563 461
564 460
564 459
565 458
565 457
565 456
566 455
566 454
567 453
567 452
567 451
568 450
568 449
568 448
569 447
569 446
569 445
570 444
570 443
570 442
570 441
571 440
571 439
571 438
572 437
572 436
572 435
572 434
573 433
573 432
573 431
573 430
574 429
574 428
574 427
574 426
574 425
575 424
575 423
575 422
575 421
575 420
575 419
576 418
576 417
576 416
576 415
576 414
576 413
576 412
576 411
577 410
577 409
577 408
577 407
577 406
577 405
577 404
577 403
577 402
577 401
577 400
577 399
577 398
577 397
577 396
577 395
577 394
576 393
576 392
576 391
576 390
576 389
576 388
576 387
576 386
575 385
575 384
575 383
575 382
575 381
575 380
574 379
574 378
574 377
574 376
573 375
573 374
573 373
573 372
573 371
572 370
572 369
572 368
571 367
571 366
571 365
571 364
570 363
570 362
570 361
570 360
569 359
569 358
569 357
568 356
568 355
567 354
567 353
567 352
566 351
566 350
566 349
565 348
565 347
564 346
564 345
564 344
563 343
563 342
562 341
562 340
562 339
561 338
561 337
560 336
560 335
559 334
559 333
558 332
558 331
557 330
557 329
556 328
556 327
555 326
555 325
554 324
553 323
553 322
552 321
552 320
551 319
550 318
550 317
549 316
548 315
548 314
547 313
546 312
546 311
545 310
544 309
544 308
543 307
542 306
541 305
540 304
539 303
539 302
538 301
537 300
536 299
535 298
534 297
533 296
532 295
531 294
530 293
529 292
528 291
527 291
526 290
525 289
524 288
523 288
522 287
521 286
520 285
519 285
518 284
517 283
516 283
515 282
514 282
513 281
512 281
511 280
510 280
509 279
508 279
507 278
506 278
505 278
504 277
503 277
502 276
501 276
500 276
499 276
498 275
497 275
496 275
495 275
494 274
493 274
492 274
491 274
490 274
489 274
488 274
487 274
486 274
485 274
484 274
483 274
482 274
481 274
