455 292
454 293
453 293
452 293
451 293
450 293
449 294
448 294
447 294
446 294
445 295
444 295
443 295
442 295
441 296
440 296
439 296
438 297
437 297
436 297
435 298
434 298
433 299
432 299
431 300
430 300
429 300
428 301
427 302
426 302
425 303
424 303
423 304
422 304
422 305
422 306
421 307
420 308
419 309
418 309
417 310
416 311
415 311
414 312
413 313
412 314
411 315
410 315
409 316
408 317
407 318
406 319
405 320
404 321
403 322
402 323
401 324
400 325
399 326
398 327
397 328
396 329
396 330
395 331
394 332
393 333
393 334
392 335
392 336
392 337
392 338
392 339
392 340
392 341
392 342
392 343
392 344
392 345
392 346
392 347
392 348
392 349
392 350
392 351
392 352
392 353
392 354
392 355
392 356
392 357
392 358
392 359
392 360
392 361
392 362
392 363
392 364
392 365
392 366
392 367
392 368
392 369
392 370
392 371
392 372
392 373
392 374
392 375
392 376
392 377
392 378
392 379
392 380
392 381
392 382
392 383
392 384
392 385
392 386
392 387
392 388
392 389
392 390
392 391
392 392
392 393
392 394
392 395
392 396
392 397
392 398
392 399
392 400
392 401
392 402
392 403
392 404
392 405
392 406
392 407
392 408
392 409
392 410
392 411
392 412
392 413
392 414
392 415
392 416
392 417
392 418
392 419
392 420
392 421
392 422
392 423
392 424
392 425
392 426
392 427
392 428
392 429
392 430
392 431
392 432
392 433
392 434
392 435
392 436
392 437
392 438
392 439
392 440
392 441
392 442
392 443
392 444
392 445
392 446
392 447
392 448
392 449
392 450
392 451
392 452
392 453
392 454
392 455
392 456
392 457
392 458
392 459
392 460
392 461
392 462
392 463
392 464
392 465
392 466
392 467
392 468
392 469
392 470
392 471
392 472
392 473
392 474
392 475
392 476
392 477
392 478
392 479
392 480
392 481
393 482
393 483
394 484
395 485
396 486
397 487
398 488
399 489
400 490
400 491
401 492
402 493
403 494
404 495
405 496
406 497
407 497
408 498
409 499
410 500
411 501
412 502
413 503
414 503
415 504
416 505
417 506
418 506
419 507
420 508
421 509
422 510
422 511
423 512
424 513
425 513
426 514
427 514
428 515
429 515
430 516
431 516
432 516
433 517
434 517
435 518
436 518
437 518
438 519
439 519
440 520
441 520
442 520
443 520
444 521
445 521
446 521
447 522
448 522
449 522
450 522
451 522
452 523
453 523
454 523
455 523
456 523
457 523
458 523
459 524
460 524
461 524
462 524
463 524
464 524
465 524
466 524
467 524
468 524
469 524
470 524
471 524
472 524
473 524
474 524
475 524
476 524
477 523
478 523
479 523
480 523
481 523
482 523
483 523
484 522
485 522
486 522
487 522
488 521
489 521
490 521
491 521
492 520
493 520
494 520
495 519
496 519
497 519
498 518
499 518
500 518
501 517
502 517
503 516
504 516
505 515
506 515
507 514
508 514
509 513
510 513
511 512
512 512
513 511
514 510
515 510
516 509
517 508
518 508
519 507
520 506
521 506
522 505
523 504
524 503
525 502
526 502
527 501
528 500
529 499
530 498
531 497
532 496
533 495
534 494
535 493
536 492
537 491
538 490
538 489
539 488
540 487
541 486
542 485
542 484
543 483
544 482
544 481
545 480
546 479
546 478
547 477
548 476
548 475
549 474
550 473
550 472
551 471
551 470
552 469
552 468
553 467
553 466
554 465
554 464
555 463
555 462
556 461
556 460
556 459
557 458
557 457
558 456
558 455
558 454
559 453
559 452
559 451
560 450
560 449
560 448
561 447
561 446
561 445
562 444
562 443
562 442
562 441
563 440
563 439
563 438
563 437
564 436
564 435
564 434
564 433
564 432
565 431
565 430
565 429
565 428
565 427
565 426
565 425
566 424
566 423
566 422
566 421
566 420
566 419
566 418
566 417
566 416
566 415
566 414
566 413
566 412
566 411
566 410
567 409
567 408
567 407
566 406
566 405
566 404
566 403
566 402
566 401
566 400
566 399
566 398
566 397
566 396
566 395
566 394
566 393
566 392
566 391
565 390
565 389
565 388
565 387
565 386
565 385
564 384
564 383
564 382
564 381
564 380
563 379
563 378
563 377
563 376
563 375
562 374
562 373
562 372
561 371
561 370
561 369
561 368
560 367
560 366
560 365
559 364
559 363
559 362
558 361
558 360
557 359
557 358
557 357
556 356
556 355
555 354
555 353
554 352
554 351
553 350
553 349
552 348
552 347
551 346
551 345
550 344
550 343
549 342
549 341
548 340
547 339
547 338
546 337
545 336
545 335
544 334
543 333
543 332
542 331
541 330
540 329
539 328
539 327
538 326
537 325
536 324
535 323
534 322
533 321
532 320
531 319
531 318
530 318
529 317
528 316
527 315
526 314
525 313
524 312
523 311
522 311
521 310
520 309
519 308
518 308
517 307
516 306
515 306
514 305
513 305
512 304
511 303
510 303
509 302
508 302
507 301
506 301
505 300
504 300
503 299
502 299
501 298
500 298
499 298
498 297
497 297
496 297
495 296
494 296
493 296
492 295
491 295
490 295
489 294
488 294
487 294
486 294
485 293
484 293
483 293
482 293
481 293
480 293
479 292
478 292
477 292
476 292
475 292
474 292
473 292
472 292
471 292
470 292
469 292
468 292
467 292
466 292
465 292
464 292
463 292
462 292
461 292
460 292
459 292
458 292
457 292
456 292
455 292
