477 267
476 268
475 268
474 268
473 268
472 268
471 268
470 268
469 269
468 269
467 270
466 271
465 271
464 272
463 273
462 273
461 274
460 275
459 276
458 277
457 278
456 279
455 280
454 281
454 282
453 283
452 284
452 285
451 286
451 287
451 288
450 289
450 290
450 291
450 292
450 293
450 294
450 295
450 296
450 297
450 298
450 299
450 300
450 301
450 302
450 303
450 304
450 305
450 306
450 307
450 308
450 309
450 310
450 311
450 312
450 313
450 314
450 315
450 316
450 317
450 318
450 319
450 320
450 321
450 322
450 323
450 324
450 325
450 326
450 327
450 328
450 329
450 330
450 331
450 332
450 333
450 334
450 335
450 336
450 337
450 338
450 339
450 340
450 341
450 342
450 343
450 344
450 345
450 346
450 347
450 348
450 349
450 350
450 351
450 352
450 353
450 354
450 355
450 356
450 357
450 358
450 359
450 360
450 361
450 362
450 363
450 364
450 365
450 366
450 367
450 368
450 369
450 370
450 371
450 372
450 373
450 374
450 375
450 376
450 377
450 378
450 379
450 380
450 381
450 382
450 383
450 384
450 385
450 386
450 387
450 388
450 389
450 390
450 391
450 392
450 393
450 394
450 395
450 396
450 397
450 398
450 399
450 400
450 401
450 402
450 403
450 404
450 405
450 406
450 407
450 408
450 409
450 410
450 411
450 412
450 413
450 414
450 415
450 416
450 417
450 418
450 419
450 420
450 421
450 422
450 423
450 424
450 425
450 426
450 427
450 428
450 429
450 430
450 431
450 432
450 433
450 434
450 435
450 436
450 437
450 438
450 439
450 440
450 441
450 442
450 443
450 444
450 445
450 446
450 447
450 448
450 449
450 450
450 451
450 452
450 453
450 454
450 455
450 456
450 457
450 458
450 459
450 460
450 461
450 462
450 463
450 464
450 465
450 466
450 467
450 468
450 469
450 470
450 471
450 472
450 473
450 474
450 475
450 476
450 477
450 478
450 479
450 480
450 481
450 482
450 483
450 484
450 485
450 486
450 487
450 488
450 489
450 490
450 491
450 492
450 493
450 494
450 495
450 496
450 497
450 498
450 499
450 500
450 501
450 502
450 503
450 504
450 505
450 506
450 507
450 508
450 509
450 510
450 511
450 512
450 513
451 514
451 515
451 516
452 517
453 518
453 519
454 520
454 521
455 522
456 523
457 524
458 525
459 526
460 527
461 528
462 528
463 529
464 530
465 531
466 531
467 532
468 532
469 533
470 534
471 534
472 534
473 534
474 534
475 534
476 534
477 534
478 534
479 534
480 534
481 534
482 534
483 534
484 534
485 534
486 534
487 534
488 534
489 534
490 534
491 534
492 534
493 534
494 534
495 534
496 534
497 534
498 533
499 533
500 533
501 533
502 533
503 533
504 533
505 533
506 532
507 532
508 532
509 532
510 532
511 532
512 531
513 531
514 531
515 531
516 530
517 530
518 530
519 530
520 529
521 529
522 529
523 528
524 528
525 528
526 528
527 527
528 527
529 527
530 526
531 526
532 525
533 525
534 525
535 524
536 524
537 523
538 523
539 522
540 522
541 522
542 521
543 521
544 520
545 520
546 519
547 519
548 518
549 517
550 517
551 516
552 516
553 515
554 514
555 514
556 513
557 513
558 512
559 511
560 510
561 510
562 509
563 508
564 508
565 507
566 506
567 505
568 504
569 503
570 503
571 502
572 501
573 500
574 499
575 498
576 497
577 496
578 495
579 494
580 493
581 492
582 491
583 490
584 489
584 488
585 487
586 486
587 485
588 484
588 483
589 482
590 481
591 480
591 479
592 478
593 477
594 476
594 475
595 474
596 473
596 472
597 471
597 470
598 469
599 468
599 467
600 466
600 465
601 464
602 463
602 462
603 461
603 460
604 459
604 458
605 457
605 456
606 455
606 454
607 453
607 452
608 451
608 450
609 449
609 448
609 447
610 446
610 445
611 444
611 443
611 442
612 441
612 440
613 439
613 438
613 437
614 436
614 435
614 434
615 433
615 432
615 431
616 430
616 429
616 428
616 427
617 426
617 425
617 424
617 423
618 422
618 421
618 420
618 419
619 418
619 417
619 416
619 415
619 414
620 413
620 412
620 411
620 410
620 409
620 408
620 407
620 406
620 405
620 404
621 403
621 402
621 401
621 400
621 399
620 398
620 397
620 396
620 395
620 394
620 393
620 392
620 391
620 390
620 389
619 388
619 387
619 386
619 385
619 384
618 383
618 382
618 381
618 380
618 379
617 378
617 377
617 376
616 375
616 374
616 373
616 372
615 371
615 370
615 369
614 368
614 367
614 366
613 365
613 364
613 363
612 362
612 361
612 360
611 359
611 358
610 357
610 356
610 355
609 354
609 353
608 352
608 351
607 350
607 349
606 348
606 347
605 346
605 345
604 344
604 343
603 342
603 341
602 340
602 339
601 338
601 337
600 336
599 335
599 334
598 333
598 332
597 331
596 330
596 329
595 328
594 327
594 326
593 325
592 324
592 323
591 322
590 321
589 320
589 319
588 318
587 317
586 316
585 315
585 314
584 313
583 312
582 311
581 310
580 309
579 308
578 307
577 306
576 305
575 304
574 303
573 302
572 301
571 300
570 299
569 298
568 297
567 297
566 296
565 295
564 294
563 293
562 293
561 292
560 291
559 291
558 290
557 289
556 289
555 288
554 287
553 287
552 286
551 285
550 285
549 284
548 284
547 283
546 283
545 282
544 282
543 281
542 281
541 280
540 280
539 279
538 279
537 278
536 278
535 277
534 277
533 277
532 276
531 276
530 276
529 275
528 275
527 274
526 274
525 274
524 274
523 273
522 273
521 273
520 272
519 272
518 272
517 272
516 271
515 271
514 271
513 271
512 270
511 270
510 270
509 270
508 270
507 269
506 269
505 269
504 269
503 269
502 269
501 269
500 268
499 268
498 268
497 268
496 268
495 268
494 268
493 268
492 268
491 268
490 268
489 268
488 268
487 267
486 267
485 267
484 267
483 267
482 267
481 267
480 267
479 267
478 267
477 267
