497 264
496 265
495 265
494 265
493 266
492 266
491 267
490 267
489 268
488 268
487 269
486 270
485 271
484 272
483 272
482 273
481 274
480 275
479 276
478 277
477 278
476 279
475 280
474 281
473 282
472 282
471 282
470 282
469 281
468 281
467 281
466 280
465 280
464 280
463 279
462 279
461 279
460 279
459 279
458 279
457 280
457 281
457 282
457 283
457 284
457 285
457 286
457 287
457 288
457 289
457 290
457 291
457 292
457 293
457 294
457 295
457 296
457 297
457 298
457 299
457 300
457 301
457 302
457 303
457 304
457 305
457 306
457 307
457 308
457 309
457 310
457 311
457 312
457 313
457 314
457 315
457 316
457 317
457 318
457 319
457 320
457 321
457 322
457 323
457 324
457 325
457 326
457 327
457 328
457 329
457 330
457 331
457 332
457 333
457 334
457 335
457 336
457 337
457 338
457 339
457 340
457 341
457 342
457 343
457 344
457 345
457 346
457 347
457 348
457 349
457 350
457 351
457 352
457 353
457 354
457 355
457 356
457 357
457 358
457 359
457 360
457 361
457 362
457 363
457 364
457 365
457 366
457 367
457 368
457 369
457 370
457 371
457 372
457 373
457 374
457 375
457 376
457 377
457 378
457 379
457 380
457 381
457 382
457 383
457 384
457 385
457 386
457 387
457 388
457 389
457 390
457 391
457 392
457 393
457 394
457 395
457 396
457 397
457 398
457 399
457 400
457 401
457 402
457 403
457 404
457 405
457 406
457 407
457 408
457 409
457 410
457 411
457 412
457 413
457 414
457 415
457 416
457 417
457 418
457 419
457 420
457 421
457 422
457 423
457 424
457 425
457 426
457 427
457 428
457 429
457 430
457 431
457 432
457 433
457 434
457 435
457 436
457 437
457 438
457 439
457 440
457 441
457 442
457 443
457 444
457 445
457 446
457 447
457 448
457 449
457 450
457 451
457 452
457 453
457 454
457 455
457 456
457 457
457 458
457 459
457 460
457 461
457 462
457 463
457 464
457 465
457 466
457 467
457 468
457 469
457 470
457 471
457 472
457 473
457 474
457 475
457 476
457 477
457 478
457 479
457 480
457 481
457 482
457 483
457 484
457 485
457 486
457 487
457 488
457 489
457 490
457 491
457 492
457 493
457 494
457 495
457 496
457 497
457 498
457 499
457 500
457 501
457 502
457 503
457 504
457 505
457 506
457 507
457 508
457 509
457 510
457 511
457 512
457 513
457 514
457 515
457 516
457 517
457 518
458 518
459 519
460 519
461 518
462 518
463 518
464 518
465 517
466 517
467 517
468 516
469 516
470 516
471 515
472 515
473 516
474 517
475 518
476 518
477 519
478 520
479 521
480 522
481 523
482 524
483 525
484 526
485 527
486 527
487 528
488 529
489 529
490 530
491 531
492 531
493 532
494 532
495 532
496 533
497 533
498 533
499 533
500 533
501 533
502 533
503 533
504 533
505 532
506 532
507 532
508 531
509 531
510 530
511 530
512 529
513 529
514 528
515 528
516 527
517 526
518 526
519 525
520 525
521 524
522 523
523 523
524 522
525 521
526 521
527 520
528 519
529 518
530 518
531 517
532 516
533 515
534 514
535 514
536 513
537 512
538 511
539 510
540 509
541 508
542 507
543 506
544 505
545 504
546 503
547 502
547 501
548 500
549 499
550 498
551 497
552 496
552 495
553 494
554 493
555 492
555 491
556 490
557 489
557 488
558 487
559 486
559 485
560 484
560 483
561 482
562 481
562 480
563 479
563 478
564 477
564 476
565 475
565 474
566 473
566 472
567 471
567 470
568 469
568 468
569 467
569 466
570 465
570 464
571 463
571 462
571 461
572 460
572 459
573 458
573 457
573 456
574 455
574 454
574 453
575 452
575 451
575 450
576 449
576 448
576 447
577 446
577 445
577 444
577 443
578 442
578 441
578 440
578 439
579 438
579 437
579 436
579 435
580 434
580 433
580 432
580 431
580 430
581 429
581 428
581 427
581 426
581 425
581 424
581 423
582 422
582 421
582 420
582 419
582 418
582 417
582 416
582 415
583 414
583 413
583 412
583 411
583 410
583 409
583 408
583 407
583 406
583 405
583 404
583 403
583 402
583 401
583 400
583 399
583 398
583 397
583 396
583 395
583 394
583 393
583 392
583 391
583 390
583 389
583 388
583 387
583 386
583 385
583 384
583 383
582 382
582 381
582 380
582 379
582 378
582 377
582 376
582 375
581 374
581 373
581 372
581 371
581 370
581 369
580 368
580 367
580 366
580 365
580 364
579 363
579 362
579 361
579 360
579 359
578 358
578 357
578 356
578 355
577 354
577 353
577 352
576 351
576 350
576 349
576 348
575 347
575 346
575 345
574 344
574 343
574 342
573 341
573 340
572 339
572 338
572 337
571 336
571 335
570 334
570 333
570 332
569 331
569 330
568 329
568 328
567 327
567 326
566 325
566 324
565 323
565 322
564 321
564 320
563 319
563 318
562 317
561 316
561 315
560 314
560 313
559 312
558 311
558 310
557 309
556 308
556 307
555 306
554 305
554 304
553 303
552 302
551 301
551 300
550 299
549 298
548 297
547 296
546 295
545 294
545 293
544 292
543 291
542 290
541 289
540 288
539 287
538 286
537 285
536 285
535 284
534 283
533 282
532 281
531 280
530 280
529 279
528 278
527 277
526 277
525 276
524 275
523 275
522 274
521 273
520 273
519 272
518 271
517 271
516 270
515 270
514 269
513 269
512 268
511 268
510 267
509 267
508 266
507 266
506 265
505 265
504 265
503 265
502 264
501 264
500 264
499 264
498 264
497 264
