533 250
532 251
531 251
530 251
529 251
528 251
527 251
526 251
525 252
524 252
523 252
522 252
521 253
520 253
519 253
518 253
517 254
516 254
515 255
514 255
513 255
512 256
511 256
510 257
509 258
508 258
507 259
506 259
505 260
504 261
503 262
502 262
501 263
500 264
499 265
498 266
497 267
496 268
495 268
494 269
493 270
492 271
491 272
490 273
489 274
488 275
487 276
486 277
486 278
485 279
484 280
483 281
482 282
481 283
480 284
479 285
478 285
477 285
476 285
475 285
474 284
473 284
472 283
471 283
470 283
469 282
468 282
467 281
466 281
465 280
464 280
463 280
462 279
461 279
460 279
459 279
458 279
457 279
456 279
455 279
454 279
453 280
452 281
451 282
451 283
451 284
451 285
451 286
451 287
451 288
451 289
451 290
451 291
451 292
451 293
451 294
451 295
451 296
451 297
451 298
451 299
451 300
451 301
451 302
451 303
451 304
451 305
451 306
451 307
451 308
451 309
451 310
451 311
451 312
451 313
451 314
451 315
451 316
451 317
451 318
451 319
451 320
451 321
451 322
451 323
451 324
451 325
451 326
451 327
451 328
451 329
451 330
451 331
451 332
451 333
451 334
451 335
451 336
451 337
451 338
451 339
451 340
451 341
451 342
451 343
451 344
451 345
451 346
451 347
451 348
451 349
451 350
451 351
451 352
451 353
451 354
451 355
451 356
451 357
451 358
451 359
451 360
451 361
451 362
451 363
451 364
451 365
451 366
451 367
451 368
451 369
451 370
451 371
451 372
451 373
451 374
451 375
451 376
451 377
451 378
451 379
451 380
451 381
451 382
451 383
451 384
451 385
451 386
451 387
451 388
451 389
451 390
451 391
451 392
451 393
451 394
451 395
451 396
451 397
451 398
451 399
451 400
451 401
451 402
451 403
451 404
451 405
451 406
451 407
451 408
451 409
451 410
451 411
451 412
451 413
451 414
451 415
451 416
451 417
451 418
451 419
451 420
451 421
451 422
451 423
451 424
451 425
451 426
451 427
451 428
451 429
451 430
451 431
451 432
451 433
451 434
451 435
451 436
451 437
451 438
451 439
451 440
451 441
451 442
451 443
451 444
451 445
451 446
451 447
451 448
451 449
451 450
451 451
451 452
451 453
451 454
451 455
451 456
451 457
451 458
451 459
451 460
451 461
451 462
451 463
451 464
451 465
451 466
451 467
451 468
451 469
451 470
451 471
451 472
451 473
451 474
451 475
451 476
451 477
451 478
451 479
451 480
451 481
451 482
451 483
451 484
451 485
451 486
451 487
451 488
451 489
451 490
451 491
451 492
451 493
451 494
451 495
451 496
451 497
451 498
451 499
451 500
451 501
451 502
451 503
451 504
451 505
451 506
451 507
451 508
451 509
451 510
451 511
451 512
451 513
451 514
451 515
452 516
452 517
453 518
454 518
455 518
456 519
457 519
458 519
459 519
460 519
461 518
462 518
463 518
464 517
465 517
466 516
467 516
468 516
469 515
470 515
471 514
472 514
473 513
474 513
475 513
476 512
477 512
478 512
479 513
480 514
481 515
482 516
483 517
484 518
485 519
486 520
487 521
488 522
489 523
490 524
491 525
492 526
493 527
494 528
495 529
496 530
497 531
498 532
499 533
500 533
501 534
502 535
503 536
504 536
505 537
506 538
507 538
508 539
509 540
510 540
511 541
512 541
513 542
514 542
515 543
516 543
517 543
518 544
519 544
520 544
521 545
522 545
523 545
524 545
525 546
526 546
527 546
528 546
529 546
530 547
531 547
532 547
533 547
534 547
535 547
536 547
537 547
538 547
539 547
540 547
541 547
542 547
543 547
544 547
545 547
546 547
547 547
548 546
549 546
550 546
551 545
552 545
553 545
554 544
555 544
556 543
557 543
558 542
559 542
560 541
561 541
562 541
563 540
564 540
565 539
566 538
567 538
568 537
569 537
570 536
571 536
572 535
573 535
574 534
575 533
576 533
577 532
578 531
579 531
580 530
581 529
582 529
583 528
584 527
585 526
586 526
587 525
588 524
589 523
590 522
591 522
592 521
593 520
594 519
595 518
596 517
597 516
598 515
599 514
600 513
601 512
602 511
603 510
604 509
605 508
605 507
606 506
607 505
608 504
609 503
609 502
610 501
611 500
612 499
612 498
613 497
614 496
614 495
615 494
616 493
616 492
617 491
618 490
618 489
619 488
619 487
620 486
621 485
621 484
622 483
622 482
623 481
623 480
624 479
624 478
625 477
625 476
626 475
626 474
627 473
627 472
627 471
628 470
628 469
629 468
629 467
629 466
630 465
630 464
631 463
631 462
631 461
632 460
632 459
632 458
633 457
633 456
633 455
634 454
634 453
634 452
634 451
635 450
635 449
635 448
635 447
636 446
636 445
636 444
636 443
637 442
637 441
637 440
637 439
637 438
638 437
638 436
638 435
638 434
638 433
639 432
639 431
639 430
639 429
639 428
639 427
639 426
640 425
640 424
640 423
640 422
640 421
640 420
640 419
640 418
640 417
641 416
641 415
641 414
641 413
641 412
641 411
641 410
641 409
641 408
641 407
641 406
641 405
641 404
641 403
641 402
641 401
641 400
641 399
641 398
641 397
641 396
641 395
641 394
641 393
641 392
641 391
641 390
641 389
641 388
641 387
641 386
641 385
641 384
641 383
641 382
641 381
640 380
640 379
640 378
640 377
640 376
640 375
640 374
640 373
640 372
639 371
639 370
639 369
639 368
639 367
639 366
639 365
638 364
638 363
638 362
638 361
638 360
637 359
637 358
637 357
637 356
637 355
636 354
636 353
636 352
636 351
635 350
635 349
635 348
635 347
634 346
634 345
634 344
633 343
633 342
633 341
633 340
632 339
632 338
632 337
631 336
631 335
630 334
630 333
630 332
629 331
629 330
628 329
628 328
628 327
627 326
627 325
626 324
626 323
626 322
625 321
625 320
624 319
624 318
623 317
623 316
622 315
622 314
621 313
620 312
620 311
619 310
619 309
618 308
617 307
617 306
616 305
616 304
615 303
614 302
614 301
613 300
612 299
611 298
611 297
610 296
609 295
608 294
608 293
607 292
606 291
605 290
604 289
603 288
602 287
602 286
601 285
600 284
599 283
598 282
597 281
596 280
595 279
594 278
593 278
592 277
591 276
590 275
589 274
588 273
587 272
586 272
585 271
584 270
583 269
582 269
581 268
580 267
579 267
578 266
577 265
576 265
575 264
574 263
573 263
572 262
571 262
570 261
569 260
568 260
567 259
566 259
565 258
564 258
563 257
562 257
561 256
560 256
559 255
558 255
557 254
556 254
555 254
554 253
553 253
552 252
551 252
550 252
549 251
548 251
547 251
546 251
545 250
544 250
543 250
542 250
541 250
540 250
539 250
538 250
537 250
536 250
535 250
534 250
533 250
