470 261
469 262
468 262
467 263
466 264
466 265
466 266
465 267
465 268
465 269
465 270
465 271
465 272
465 273
465 274
465 275
465 276
465 277
465 278
465 279
465 280
465 281
465 282
465 283
465 284
465 285
465 286
465 287
465 288
465 289
465 290
465 291
465 292
465 293
465 294
465 295
465 296
465 297
465 298
465 299
465 300
465 301
465 302
465 303
465 304
465 305
465 306
465 307
465 308
465 309
465 310
465 311
465 312
465 313
465 314
465 315
465 316
465 317
465 318
465 319
465 320
465 321
465 322
465 323
465 324
465 325
465 326
465 327
465 328
465 329
465 330
465 331
465 332
465 333
465 334
465 335
465 336
465 337
465 338
465 339
465 340
465 341
465 342
465 343
465 344
465 345
465 346
465 347
465 348
465 349
465 350
465 351
465 352
465 353
465 354
465 355
465 356
465 357
465 358
465 359
465 360
465 361
465 362
465 363
465 364
465 365
465 366
465 367
465 368
465 369
465 370
465 371
465 372
465 373
465 374
465 375
465 376
465 377
465 378
465 379
465 380
465 381
465 382
465 383
465 384
465 385
465 386
465 387
465 388
465 389
465 390
465 391
465 392
465 393
465 394
465 395
465 396
465 397
465 398
465 399
465 400
465 401
465 402
465 403
465 404
465 405
465 406
465 407
465 408
465 409
465 410
465 411
465 412
465 413
465 414
465 415
465 416
465 417
465 418
465 419
465 420
465 421
465 422
465 423
465 424
465 425
465 426
465 427
465 428
465 429
465 430
465 431
465 432
465 433
465 434
465 435
465 436
465 437
465 438
465 439
465 440
465 441
465 442
465 443
465 444
465 445
465 446
465 447
465 448
465 449
465 450
465 451
465 452
465 453
465 454
465 455
465 456
465 457
465 458
465 459
465 460
465 461
465 462
465 463
465 464
465 465
465 466
465 467
465 468
465 469
465 470
465 471
465 472
465 473
465 474
465 475
465 476
465 477
465 478
465 479
465 480
465 481
465 482
465 483
465 484
465 485
465 486
465 487
465 488
465 489
465 490
465 491
465 492
465 493
465 494
465 495
465 496
465 497
465 498
465 499
465 500
465 501
465 502
465 503
465 504
465 505
465 506
465 507
465 508
465 509
465 510
465 511
465 512
465 513
465 514
465 515
465 516
465 517
465 518
465 519
465 520
465 521
465 522
465 523
465 524
465 525
465 526
466 527
466 528
466 529
467 530
468 531
469 532
470 532
471 532
472 532
473 532
474 532
475 532
476 532
477 532
478 533
479 533
480 533
481 533
482 533
483 533
484 533
485 533
486 533
487 533
488 533
489 533
490 533
491 533
492 533
493 533
494 533
495 533
496 533
497 533
498 532
499 532
500 532
501 532
502 532
503 532
504 532
505 532
506 532
507 532
508 532
509 532
510 531
511 531
512 531
513 531
514 531
515 531
516 531
517 530
518 530
519 530
520 530
521 530
522 530
523 530
524 529
525 529
526 529
527 529
528 529
529 528
530 528
531 528
532 528
533 527
534 527
535 527
536 527
537 526
538 526
539 526
540 526
541 525
542 525
543 525
544 525
545 524
546 524
547 524
548 523
549 523
550 523
551 522
552 522
553 522
554 521
555 521
556 521
557 520
558 520
559 520
560 519
561 519
562 518
563 518
564 518
565 517
566 517
567 516
568 516
569 515
570 515
571 515
572 514
573 514
574 513
575 513
576 512
577 512
578 511
579 511
580 510
581 510
582 509
583 509
584 508
585 508
586 507
587 506
588 506
589 505
590 505
591 504
592 503
593 503
594 502
595 501
596 501
597 500
598 500
599 499
600 498
601 497
602 497
603 496
604 495
605 495
606 494
607 493
608 492
609 491
610 491
611 490
612 489
613 488
614 487
615 486
616 485
617 485
618 484
619 483
620 482
621 481
622 480
623 479
624 478
625 477
625 476
626 475
627 474
628 473
629 472
630 471
631 470
632 469
632 468
633 467
634 466
635 465
635 464
636 463
637 462
637 461
638 460
639 459
639 458
640 457
641 456
641 455
642 454
643 453
643 452
644 451
644 450
645 449
645 448
646 447
646 446
647 445
647 444
648 443
648 442
649 441
649 440
649 439
650 438
650 437
651 436
651 435
651 434
652 433
652 432
652 431
653 430
653 429
653 428
654 427
654 426
654 425
654 424
655 423
655 422
655 421
655 420
656 419
656 418
656 417
656 416
656 415
656 414
657 413
657 412
657 411
657 410
657 409
657 408
657 407
657 406
657 405
658 404
658 403
658 402
658 401
658 400
658 399
658 398
658 397
658 396
658 395
658 394
658 393
658 392
658 391
658 390
658 389
657 388
657 387
657 386
657 385
657 384
657 383
657 382
657 381
657 380
656 379
656 378
656 377
656 376
656 375
655 374
655 373
655 372
655 371
654 370
654 369
654 368
654 367
653 366
653 365
653 364
653 363
652 362
652 361
652 360
651 359
651 358
650 357
650 356
650 355
649 354
649 353
648 352
648 351
647 350
647 349
646 348
646 347
646 346
645 345
645 344
644 343
643 342
643 341
642 340
642 339
641 338
640 337
640 336
639 335
639 334
638 333
637 332
637 331
636 330
635 329
634 328
634 327
633 326
632 325
631 324
630 323
630 322
629 321
628 320
627 319
626 318
625 317
624 316
623 315
622 314
621 313
620 312
619 311
618 310
617 309
616 308
615 307
614 306
613 305
612 304
611 304
610 303
609 302
608 301
607 300
606 300
605 299
604 298
603 297
602 297
601 296
600 295
599 294
598 294
597 293
596 292
595 292
594 291
593 291
592 290
591 289
590 289
589 288
588 288
587 287
586 286
585 286
584 285
583 285
582 284
581 284
580 283
579 283
578 282
577 282
576 281
575 281
574 280
573 280
572 279
571 279
570 278
569 278
568 277
567 277
566 277
565 276
564 276
563 275
562 275
561 274
560 274
559 274
558 273
557 273
556 273
555 272
554 272
553 272
552 271
551 271
550 271
549 270
548 270
547 270
546 269
545 269
544 269
543 268
542 268
541 268
540 268
539 267
538 267
537 267
536 267
535 266
534 266
533 266
532 266
531 265
530 265
529 265
528 265
527 265
526 264
525 264
524 264
523 264
522 264
521 263
520 263
519 263
518 263
517 263
516 263
515 262
514 262
513 262
512 262
511 262
510 262
509 262
508 262
507 262
506 261
505 261
504 261
503 261
502 261
501 261
500 261
499 261
498 261
497 261
496 261
495 261
494 261
493 261
492 261
491 261
490 261
489 261
488 261
487 261
486 261
485 261
484 261
483 261
482 261
481 261
480 261
479 261
478 261
477 261
476 261
475 261
474 261
473 261
472 261
471 261
470 261
