500 267
499 268
498 268
497 268
496 268
495 268
494 268
493 268
492 268
491 268
490 269
489 269
488 269
487 269
486 269
485 269
484 270
483 270
482 270
481 270
480 270
479 271
478 271
477 271
476 271
475 272
474 272
473 272
472 272
471 273
470 273
469 273
468 274
467 274
466 274
465 275
464 275
463 275
462 276
461 276
460 276
459 277
458 277
457 278
456 278
455 278
454 279
453 279
452 280
451 280
450 281
449 281
448 282
447 282
446 283
445 283
444 284
443 284
442 285
441 285
440 286
439 286
438 287
437 288
436 288
435 289
434 290
433 290
432 291
431 292
430 292
429 293
428 294
427 295
426 295
425 296
424 297
423 298
422 299
421 299
420 300
419 301
418 302
417 303
416 304
415 305
414 306
413 307
412 308
411 309
410 310
409 311
408 312
407 313
407 314
406 315
405 316
404 317
403 318
403 319
402 320
401 321
400 322
400 323
399 324
398 325
398 326
397 327
396 328
396 329
395 330
394 331
394 332
393 333
393 334
392 335
391 336
391 337
390 338
390 339
389 340
389 341
388 342
388 343
387 344
387 345
386 346
386 347
385 348
385 349
384 350
384 351
384 352
383 353
382 354
381 354
380 355
379 355
378 355
377 355
376 355
375 354
374 353
373 352
372 352
371 351
370 351
369 351
368 351
367 351
366 352
365 352
364 353
363 354
363 355
362 356
362 357
361 358
361 359
361 360
361 361
361 362
361 363
361 364
361 365
361 366
361 367
361 368
361 369
361 370
361 371
361 372
361 373
361 374
361 375
361 376
361 377
361 378
361 379
361 380
361 381
361 382
361 383
361 384
361 385
361 386
361 387
361 388
361 389
361 390
361 391
361 392
361 393
361 394
361 395
361 396
361 397
361 398
361 399
361 400
361 401
361 402
361 403
361 404
361 405
361 406
361 407
361 408
361 409
361 410
361 411
361 412
361 413
361 414
361 415
361 416
361 417
361 418
361 419
361 420
361 421
361 422
361 423
361 424
361 425
361 426
361 427
361 428
361 429
361 430
361 431
361 432
361 433
361 434
361 435
361 436
361 437
361 438
361 439
361 440
361 441
362 442
362 443
363 444
364 445
365 446
366 447
367 447
368 447
369 447
370 447
371 447
372 447
373 446
374 445
375 445
376 444
377 443
378 444
379 444
380 444
381 444
382 445
383 446
384 447
384 448
385 449
385 450
386 451
386 452
386 453
387 454
387 455
388 456
388 457
389 458
390 459
390 460
391 461
391 462
392 463
392 464
393 465
393 466
394 467
395 468
395 469
396 470
397 471
397 472
398 473
399 474
399 475
400 476
401 477
401 478
402 479
403 480
404 481
405 482
405 483
406 484
407 485
408 486
409 487
410 488
411 489
412 490
413 491
413 492
414 493
415 493
416 494
417 495
418 496
419 497
420 498
421 499
422 500
423 501
424 501
425 502
426 503
427 504
428 505
429 505
430 506
431 507
432 507
433 508
434 509
435 509
436 510
437 511
438 511
439 512
440 513
441 513
442 514
443 514
444 515
445 515
446 516
447 516
448 517
449 517
450 518
451 518
452 519
453 519
454 520
455 520
456 520
457 521
458 521
459 522
460 522
461 522
462 523
463 523
464 524
465 524
466 524
467 525
468 525
469 525
470 525
471 526
472 526
473 526
474 527
475 527
476 527
477 527
478 528
479 528
480 528
481 528
482 528
483 529
484 529
485 529
486 529
487 529
488 530
489 530
490 530
491 530
492 530
493 530
494 530
495 531
496 531
497 531
498 531
499 531
500 531
501 531
502 531
503 531
504 531
505 531
506 531
507 531
508 531
509 531
510 531
511 532
512 532
513 532
514 532
515 531
516 531
517 531
518 531
519 531
520 531
521 531
522 531
523 531
524 531
525 531
526 531
527 531
528 531
529 531
530 531
531 531
532 530
533 530
534 530
535 530
536 530
537 530
538 530
539 529
540 529
541 529
542 529
543 529
544 529
545 528
546 528
547 528
548 528
549 528
550 527
551 527
552 527
553 527
554 526
555 526
556 526
557 526
558 525
559 525
560 525
561 524
562 524
563 524
564 524
565 523
566 523
567 523
568 522
569 522
570 522
571 521
572 521
573 520
574 520
575 520
576 519
577 519
578 518
579 518
580 518
581 517
582 517
583 516
584 516
585 515
586 515
587 514
588 514
589 513
590 513
591 512
592 512
593 511
594 511
595 510
596 510
597 509
598 509
599 508
600 507
601 507
602 506
603 506
604 505
605 504
606 504
607 503
608 502
609 502
610 501
611 500
612 500
613 499
614 498
615 497
616 497
617 496
618 495
619 494
620 493
621 492
622 492
623 491
624 490
625 489
626 488
627 487
628 486
629 485
630 484
631 483
632 482
633 481
634 480
635 479
636 478
637 477
638 476
638 475
639 474
640 473
641 472
642 471
642 470
643 469
644 468
644 467
645 466
646 465
646 464
647 463
648 462
648 461
649 460
650 459
650 458
651 457
651 456
652 455
652 454
653 453
653 452
654 451
655 450
655 449
655 448
656 447
656 446
657 445
657 444
658 443
658 442
658 441
659 440
659 439
659 438
660 437
660 436
661 435
661 434
661 433
661 432
662 431
662 430
662 429
663 428
663 427
663 426
663 425
664 424
664 423
664 422
664 421
664 420
664 419
665 418
665 417
665 416
665 415
665 414
665 413
665 412
666 411
666 410
666 409
666 408
666 407
666 406
666 405
666 404
666 403
666 402
666 401
666 400
666 399
666 398
666 397
666 396
666 395
666 394
666 393
666 392
666 391
666 390
666 389
666 388
666 387
665 386
665 385
665 384
665 383
665 382
665 381
665 380
664 379
664 378
664 377
664 376
664 375
663 374
663 373
663 372
663 371
662 370
662 369
662 368
662 367
661 366
661 365
661 364
660 363
660 362
660 361
659 360
659 359
659 358
658 357
658 356
657 355
657 354
657 353
656 352
656 351
655 350
655 349
654 348
654 347
653 346
653 345
652 344
652 343
651 342
651 341
650 340
649 339
649 338
648 337
647 336
647 335
646 334
646 333
645 332
644 331
643 330
643 329
642 328
641 327
640 326
640 325
639 324
638 323
637 322
636 321
635 320
635 319
634 318
633 317
632 316
631 315
630 314
629 313
628 312
627 311
626 310
625 309
624 309
623 308
622 307
621 306
620 305
619 304
618 303
617 303
616 302
615 301
614 300
613 300
612 299
611 298
610 297
609 297
608 296
607 295
606 295
605 294
604 293
603 293
602 292
601 292
600 291
599 290
598 290
597 289
596 289
595 288
594 288
593 287
592 286
591 286
590 285
589 285
588 284
587 284
586 284
585 283
584 283
583 282
582 282
581 281
580 281
579 280
578 280
577 280
576 279
575 279
574 278
573 278
572 278
571 277
570 277
569 277
568 276
567 276
566 276
565 275
564 275
563 275
562 274
561 274
560 274
559 273
558 273
557 273
556 273
555 272
554 272
553 272
552 272
551 271
550 271
549 271
548 271
547 270
546 270
545 270
544 270
543 270
542 269
541 269
540 269
539 269
538 269
537 269
536 269
535 268
534 268
533 268
532 268
531 268
530 268
529 268
528 268
527 268
526 267
525 267
524 267
523 267
522 267
521 267
520 267
519 267
518 267
517 267
516 267
515 267
514 267
513 267
512 267
511 267
510 267
509 267
508 267
507 267
506 267
505 267
504 267
503 267
502 267
501 267
500 267
