489 247
488 248
487 248
486 249
485 250
484 251
483 252
482 253
482 254
481 255
480 256
479 257
479 258
478 259
477 260
477 261
476 262
475 263
475 264
474 265
474 266
473 267
473 268
472 269
472 270
471 271
471 272
470 273
470 274
469 275
469 276
469 277
468 278
468 279
468 280
468 281
467 282
467 283
466 284
465 284
464 285
464 286
463 287
463 288
463 289
462 290
462 291
462 292
462 293
462 294
462 295
462 296
462 297
462 298
462 299
462 300
462 301
462 302
462 303
462 304
462 305
462 306
462 307
462 308
462 309
462 310
462 311
462 312
462 313
462 314
462 315
462 316
462 317
462 318
462 319
462 320
462 321
462 322
462 323
462 324
462 325
462 326
462 327
462 328
462 329
462 330
462 331
462 332
462 333
462 334
462 335
462 336
462 337
462 338
462 339
462 340
462 341
462 342
462 343
462 344
462 345
462 346
462 347
462 348
462 349
462 350
462 351
462 352
462 353
462 354
462 355
462 356
462 357
462 358
462 359
462 360
462 361
462 362
462 363
462 364
462 365
462 366
462 367
462 368
462 369
462 370
462 371
462 372
462 373
462 374
462 375
462 376
462 377
462 378
462 379
462 380
462 381
462 382
462 383
462 384
462 385
462 386
462 387
462 388
462 389
462 390
462 391
462 392
462 393
462 394
462 395
462 396
462 397
462 398
462 399
462 400
462 401
462 402
462 403
462 404
462 405
462 406
462 407
462 408
462 409
462 410
462 411
462 412
462 413
462 414
462 415
462 416
462 417
462 418
462 419
462 420
462 421
462 422
462 423
462 424
462 425
462 426
462 427
462 428
462 429
462 430
462 431
462 432
462 433
462 434
462 435
462 436
462 437
462 438
462 439
462 440
462 441
462 442
462 443
462 444
462 445
462 446
462 447
462 448
462 449
462 450
462 451
462 452
462 453
462 454
462 455
462 456
462 457
462 458
462 459
462 460
462 461
462 462
462 463
462 464
462 465
462 466
462 467
462 468
462 469
462 470
462 471
462 472
462 473
462 474
462 475
462 476
462 477
462 478
462 479
462 480
462 481
462 482
462 483
462 484
462 485
462 486
462 487
462 488
462 489
462 490
462 491
462 492
462 493
462 494
462 495
462 496
462 497
462 498
462 499
462 500
462 501
462 502
462 503
462 504
462 505
462 506
462 507
462 508
462 509
462 510
462 511
462 512
463 513
463 514
463 515
464 516
465 517
466 518
467 519
468 520
468 521
468 522
468 523
469 524
469 525
469 526
470 527
470 528
471 529
471 530
471 531
472 532
472 533
473 534
473 535
474 536
475 537
475 538
476 539
476 540
477 541
478 542
478 543
479 544
480 545
480 546
481 547
482 548
483 549
484 550
485 551
486 552
487 553
488 554
489 554
490 555
491 555
492 555
493 555
494 554
495 553
496 552
496 551
496 550
496 549
496 548
495 547
495 546
496 545
497 545
498 544
499 544
500 543
501 543
502 542
503 542
504 541
505 541
506 540
507 540
508 539
509 539
510 538
511 538
512 537
513 536
514 536
515 535
516 535
517 534
518 534
519 533
520 532
521 532
522 531
523 530
524 530
525 529
526 529
527 528
528 527
529 526
530 526
531 525
532 524
533 524
534 523
535 522
536 521
537 520
538 520
539 519
540 518
541 517
542 516
543 515
544 514
545 514
546 513
547 512
548 511
549 510
550 509
551 508
552 507
553 506
553 505
554 504
555 503
556 502
557 501
558 500
559 499
559 498
560 497
561 496
562 495
562 494
563 493
564 492
565 491
565 490
566 489
567 488
567 487
568 486
568 485
569 484
570 483
570 482
571 481
571 480
572 479
572 478
573 477
573 476
574 475
574 474
575 473
575 472
576 471
576 470
577 469
577 468
577 467
578 466
578 465
579 464
579 463
579 462
580 461
580 460
581 459
581 458
581 457
581 456
582 455
582 454
582 453
583 452
583 451
583 450
584 449
584 448
584 447
584 446
585 445
585 444
585 443
585 442
585 441
586 440
586 439
586 438
586 437
586 436
587 435
587 434
587 433
587 432
587 431
587 430
588 429
588 428
588 427
588 426
588 425
588 424
588 423
588 422
589 421
589 420
589 419
589 418
589 417
589 416
589 415
589 414
589 413
589 412
589 411
589 410
589 409
590 408
590 407
590 406
590 405
590 404
590 403
590 402
590 401
590 400
590 399
590 398
590 397
590 396
590 395
590 394
589 393
589 392
589 391
589 390
589 389
589 388
589 387
589 386
589 385
589 384
589 383
589 382
589 381
589 380
588 379
588 378
588 377
588 376
588 375
588 374
588 373
587 372
587 371
587 370
587 369
587 368
587 367
587 366
586 365
586 364
586 363
586 362
586 361
585 360
585 359
585 358
585 357
584 356
584 355
584 354
584 353
583 352
583 351
583 350
583 349
582 348
582 347
582 346
581 345
581 344
581 343
580 342
580 341
580 340
579 339
579 338
579 337
578 336
578 335
577 334
577 333
576 332
576 331
576 330
575 329
575 328
574 327
574 326
573 325
573 324
572 323
572 322
571 321
571 320
570 319
569 318
569 317
568 316
568 315
567 314
566 313
566 312
565 311
564 310
564 309
563 308
562 307
561 306
561 305
560 304
559 303
558 302
558 301
557 300
556 299
555 298
554 297
553 296
552 295
551 294
550 293
549 292
548 291
547 290
546 289
545 288
544 287
543 286
542 285
541 284
540 283
539 283
538 282
537 281
536 280
535 279
534 279
533 278
532 277
531 276
530 276
529 275
528 274
527 274
526 273
525 272
524 272
523 271
522 270
521 270
520 269
519 268
518 268
517 267
516 267
515 266
514 265
513 265
512 264
511 264
510 263
509 263
508 262
507 262
506 261
505 261
504 260
503 260
502 259
501 259
500 258
499 258
498 257
497 257
496 256
495 255
496 254
496 253
496 252
496 251
496 250
496 249
495 248
494 247
493 247
492 247
491 247
490 247
489 247
