437 256
436 257
435 257
434 258
434 259
434 260
434 261
434 262
434 263
434 264
434 265
434 266
434 267
434 268
434 269
434 270
434 271
434 272
434 273
434 274
434 275
434 276
434 277
434 278
434 279
434 280
434 281
434 282
434 283
434 284
434 285
434 286
434 287
434 288
434 289
434 290
434 291
434 292
434 293
434 294
434 295
434 296
434 297
434 298
434 299
434 300
434 301
434 302
434 303
434 304
434 305
434 306
434 307
434 308
434 309
434 310
434 311
434 312
434 313
434 314
434 315
434 316
434 317
434 318
434 319
434 320
434 321
434 322
434 323
434 324
434 325
434 326
434 327
434 328
434 329
434 330
434 331
434 332
434 333
434 334
434 335
434 336
434 337
434 338
434 339
434 340
434 341
434 342
434 343
434 344
434 345
434 346
434 347
434 348
434 349
434 350
434 351
434 352
434 353
434 354
434 355
434 356
434 357
434 358
434 359
434 360
434 361
434 362
434 363
434 364
434 365
434 366
434 367
434 368
434 369
434 370
434 371
434 372
434 373
434 374
434 375
434 376
434 377
434 378
434 379
434 380
434 381
434 382
434 383
434 384
434 385
433 386
433 387
433 388
433 389
434 390
434 391
434 392
434 393
434 394
434 395
434 396
434 397
434 398
434 399
434 400
434 401
434 402
434 403
434 404
434 405
434 406
434 407
434 408
434 409
434 410
434 411
434 412
434 413
434 414
434 415
434 416
434 417
434 418
434 419
434 420
434 421
434 422
434 423
434 424
434 425
434 426
434 427
434 428
434 429
434 430
434 431
434 432
434 433
434 434
434 435
434 436
434 437
434 438
434 439
434 440
434 441
434 442
434 443
434 444
434 445
434 446
434 447
434 448
434 449
434 450
434 451
434 452
434 453
434 454
434 455
434 456
434 457
434 458
434 459
434 460
434 461
434 462
434 463
434 464
434 465
434 466
434 467
434 468
434 469
434 470
434 471
434 472
434 473
434 474
434 475
434 476
434 477
434 478
434 479
434 480
434 481
434 482
434 483
434 484
434 485
434 486
434 487
434 488
434 489
434 490
434 491
434 492
434 493
434 494
434 495
434 496
434 497
434 498
434 499
434 500
434 501
434 502
434 503
434 504
434 505
434 506
434 507
434 508
434 509
434 510
434 511
434 512
434 513
434 514
434 515
434 516
434 517
435 518
436 519
437 519
438 519
439 519
440 519
441 518
442 518
442 517
443 516
444 515
445 514
446 514
447 513
448 513
449 513
450 512
451 512
452 511
453 511
454 511
455 510
456 510
457 509
458 509
459 509
460 508
461 508
462 507
463 507
464 506
465 506
466 505
467 505
468 504
469 504
470 503
471 502
472 502
473 501
474 501
475 500
476 499
477 499
478 498
479 498
480 497
481 496
482 495
483 495
484 494
485 493
486 492
487 492
488 491
489 490
490 489
491 488
492 487
493 487
494 486
495 485
496 484
497 483
498 482
499 481
500 480
500 479
501 478
502 477
503 476
504 475
505 474
505 473
506 472
507 471
508 470
508 469
509 468
510 467
511 466
511 465
512 464
512 463
513 462
514 461
514 460
515 459
515 458
516 457
517 456
517 455
518 454
518 453
519 452
519 451
520 450
520 449
521 448
521 447
521 446
522 445
522 444
523 443
523 442
523 441
524 440
524 439
525 438
525 437
525 436
526 435
526 434
526 433
527 432
527 431
527 430
528 429
528 428
528 427
528 426
529 425
529 424
529 423
529 422
530 421
530 420
530 419
530 418
530 417
531 416
531 415
531 414
531 413
531 412
531 411
532 410
532 409
532 408
532 407
532 406
532 405
532 404
533 403
533 402
533 401
533 400
533 399
533 398
533 397
533 396
533 395
533 394
533 393
533 392
533 391
533 390
534 389
534 388
534 387
534 386
533 385
533 384
533 383
533 382
533 381
533 380
533 379
533 378
533 377
533 376
533 375
533 374
533 373
532 372
532 371
532 370
532 369
532 368
532 367
532 366
532 365
531 364
531 363
531 362
531 361
531 360
530 359
530 358
530 357
530 356
530 355
529 354
529 353
529 352
529 351
528 350
528 349
528 348
528 347
527 346
527 345
527 344
526 343
526 342
526 341
525 340
525 339
525 338
524 337
524 336
524 335
523 334
523 333
522 332
522 331
522 330
521 329
521 328
520 327
520 326
519 325
519 324
518 323
518 322
517 321
517 320
516 319
516 318
515 317
515 316
514 315
513 314
513 313
512 312
511 311
511 310
510 309
509 308
509 307
508 306
507 305
507 304
506 303
505 302
504 301
503 300
502 299
502 298
501 297
500 296
499 295
498 294
497 293
496 292
495 291
494 290
493 289
492 288
491 287
490 286
489 286
488 285
487 284
486 283
485 282
484 282
483 281
482 280
481 279
480 279
479 278
478 277
477 277
476 276
475 275
474 275
473 274
472 274
471 273
470 273
469 272
468 271
467 271
466 270
465 270
464 269
463 269
462 268
461 268
460 267
459 267
458 267
457 266
456 266
455 265
454 265
453 265
452 264
451 264
450 263
449 263
448 263
447 262
446 262
445 261
444 260
443 259
442 258
441 257
440 257
439 256
438 256
437 256
