463 239
462 240
461 241
460 242
460 243
459 244
459 245
459 246
459 247
459 248
459 249
459 250
459 251
459 252
459 253
459 254
459 255
459 256
459 257
459 258
459 259
459 260
459 261
459 262
459 263
459 264
459 265
459 266
459 267
459 268
459 269
459 270
459 271
459 272
459 273
459 274
459 275
459 276
459 277
459 278
459 279
459 280
459 281
459 282
459 283
459 284
459 285
459 286
459 287
459 288
459 289
459 290
459 291
459 292
459 293
459 294
459 295
459 296
459 297
459 298
459 299
459 300
459 301
459 302
459 303
459 304
459 305
459 306
459 307
459 308
459 309
459 310
459 311
459 312
459 313
459 314
459 315
459 316
459 317
459 318
459 319
459 320
459 321
459 322
459 323
459 324
459 325
459 326
459 327
459 328
459 329
459 330
459 331
459 332
459 333
459 334
459 335
459 336
459 337
459 338
459 339
459 340
459 341
459 342
459 343
459 344
459 345
459 346
459 347
459 348
459 349
459 350
459 351
459 352
459 353
459 354
459 355
459 356
459 357
459 358
459 359
459 360
459 361
459 362
459 363
459 364
459 365
459 366
459 367
459 368
459 369
459 370
459 371
459 372
459 373
459 374
459 375
459 376
459 377
459 378
459 379
459 380
459 381
459 382
459 383
459 384
459 385
459 386
459 387
459 388
459 389
459 390
459 391
459 392
459 393
459 394
459 395
459 396
459 397
459 398
459 399
459 400
459 401
459 402
459 403
459 404
459 405
459 406
459 407
459 408
459 409
459 410
459 411
459 412
459 413
459 414
459 415
459 416
459 417
459 418
459 419
459 420
459 421
459 422
459 423
459 424
459 425
459 426
459 427
459 428
459 429
459 430
459 431
459 432
459 433
459 434
459 435
459 436
459 437
459 438
459 439
459 440
459 441
459 442
459 443
459 444
459 445
459 446
459 447
459 448
459 449
459 450
459 451
459 452
459 453
459 454
459 455
459 456
459 457
459 458
459 459
459 460
459 461
459 462
459 463
459 464
459 465
459 466
459 467
459 468
459 469
459 470
459 471
459 472
459 473
459 474
459 475
459 476
459 477
459 478
459 479
459 480
459 481
459 482
459 483
459 484
459 485
459 486
459 487
459 488
459 489
459 490
459 491
459 492
459 493
459 494
459 495
459 496
459 497
459 498
459 499
459 500
459 501
459 502
459 503
459 504
459 505
459 506
459 507
459 508
459 509
459 510
459 511
459 512
459 513
459 514
459 515
459 516
459 517
459 518
459 519
459 520
459 521
459 522
459 523
459 524
459 525
459 526
459 527
459 528
459 529
459 530
459 531
459 532
459 533
459 534
459 535
459 536
459 537
459 538
459 539
459 540
459 541
459 542
459 543
459 544
459 545
459 546
459 547
459 548
459 549
459 550
459 551
459 552
459 553
459 554
459 555
459 556
459 557
459 558
459 559
459 560
459 561
459 562
459 563
459 564
459 565
459 566
459 567
459 568
459 569
459 570
459 571
459 572
459 573
459 574
459 575
459 576
459 577
460 578
460 579
460 580
461 581
462 582
463 582
464 582
465 583
466 583
467 583
468 583
469 583
470 582
471 582
472 581
473 581
474 580
475 580
476 580
477 579
478 579
479 578
480 578
481 577
482 577
483 576
484 576
485 575
486 574
487 574
488 573
489 573
490 572
491 572
492 571
493 571
494 570
495 569
496 569
497 568
498 568
499 567
500 566
501 566
502 565
503 564
504 564
505 563
506 562
507 562
508 561
509 560
510 560
511 559
512 558
513 557
514 557
515 556
516 555
517 554
518 554
519 553
520 552
521 551
522 550
523 549
524 549
525 548
526 547
527 546
528 545
529 544
530 543
531 542
532 541
533 540
534 539
535 538
536 537
537 536
538 535
539 534
540 533
541 532
542 531
543 530
543 529
544 528
545 527
546 526
547 525
547 524
548 523
549 522
550 521
550 520
551 519
552 518
553 517
553 516
554 515
555 514
555 513
556 512
557 511
557 510
558 509
559 508
559 507
560 506
560 505
561 504
561 503
562 502
563 501
563 500
564 499
564 498
565 497
565 496
566 495
566 494
567 493
567 492
568 491
568 490
569 489
569 488
569 487
570 486
570 485
571 484
571 483
571 482
572 481
572 480
573 479
573 478
573 477
574 476
574 475
574 474
575 473
575 472
575 471
576 470
576 469
576 468
577 467
577 466
577 465
577 464
578 463
578 462
578 461
579 460
579 459
579 458
579 457
579 456
580 455
580 454
580 453
580 452
581 451
581 450
581 449
581 448
581 447
581 446
582 445
582 444
582 443
582 442
582 441
582 440
583 439
583 438
583 437
583 436
583 435
583 434
583 433
583 432
583 431
584 430
584 429
584 428
584 427
584 426
584 425
584 424
584 423
584 422
584 421
584 420
584 419
584 418
584 417
584 416
584 415
584 414
584 413
585 412
585 411
585 410
585 409
584 408
584 407
584 406
584 405
584 404
584 403
584 402
584 401
584 400
584 399
584 398
584 397
584 396
584 395
584 394
584 393
584 392
584 391
583 390
583 389
583 388
583 387
583 386
583 385
583 384
583 383
582 382
582 381
582 380
582 379
582 378
582 377
581 376
581 375
581 374
581 373
581 372
581 371
580 370
580 369
580 368
580 367
580 366
579 365
579 364
579 363
579 362
578 361
578 360
578 359
578 358
577 357
577 356
577 355
576 354
576 353
576 352
575 351
575 350
575 349
575 348
574 347
574 346
574 345
573 344
573 343
572 342
572 341
572 340
571 339
571 338
570 337
570 336
570 335
569 334
569 333
568 332
568 331
567 330
567 329
566 328
566 327
565 326
565 325
564 324
564 323
563 322
563 321
562 320
562 319
561 318
561 317
560 316
559 315
559 314
558 313
557 312
557 311
556 310
556 309
555 308
554 307
554 306
553 305
552 304
552 303
551 302
550 301
549 300
549 299
548 298
547 297
546 296
545 295
545 294
544 293
543 292
542 291
541 290
540 289
539 288
538 287
538 286
537 285
536 284
535 283
534 282
533 281
532 280
531 279
530 278
529 277
528 277
527 276
526 275
525 274
524 273
523 272
522 271
521 270
520 270
519 269
518 268
517 267
516 266
515 266
514 265
513 264
512 263
511 263
510 262
509 261
508 261
507 260
506 259
505 258
504 258
503 257
502 256
501 256
500 255
499 255
498 254
497 253
496 253
495 252
494 252
493 251
492 250
491 250
490 249
489 249
488 248
487 248
486 247
485 247
484 246
483 245
482 245
481 244
480 244
479 243
478 243
477 242
476 242
475 242
474 241
473 241
472 240
471 240
470 239
469 239
468 239
467 239
466 239
465 239
464 239
463 239
