304 238
303 239
302 239
301 240
300 241
300 242
299 243
299 244
299 245
298 246
298 247
298 248
298 249
298 250
298 251
298 252
298 253
298 254
298 255
298 256
298 257
298 258
298 259
298 260
298 261
298 262
298 263
298 264
298 265
298 266
298 267
298 268
298 269
298 270
298 271
298 272
298 273
298 274
298 275
298 276
298 277
298 278
298 279
298 280
298 281
298 282
298 283
298 284
298 285
298 286
298 287
298 288
298 289
298 290
298 291
298 292
298 293
298 294
298 295
298 296
298 297
298 298
298 299
298 300
298 301
298 302
298 303
298 304
298 305
298 306
298 307
298 308
298 309
298 310
298 311
298 312
298 313
298 314
298 315
298 316
298 317
298 318
298 319
298 320
298 321
298 322
298 323
298 324
298 325
298 326
298 327
298 328
298 329
298 330
298 331
298 332
298 333
298 334
298 335
298 336
298 337
298 338
298 339
298 340
298 341
298 342
298 343
298 344
298 345
298 346
298 347
298 348
298 349
298 350
298 351
298 352
298 353
298 354
298 355
298 356
298 357
298 358
298 359
298 360
298 361
298 362
298 363
298 364
298 365
298 366
298 367
298 368
298 369
298 370
298 371
298 372
298 373
298 374
298 375
298 376
298 377
298 378
298 379
298 380
298 381
298 382
298 383
298 384
298 385
298 386
298 387
298 388
298 389
298 390
298 391
298 392
298 393
298 394
298 395
298 396
298 397
298 398
298 399
298 400
298 401
298 402
298 403
298 404
298 405
298 406
298 407
298 408
298 409
298 410
298 411
298 412
298 413
298 414
298 415
298 416
298 417
298 418
298 419
298 420
298 421
298 422
298 423
298 424
298 425
298 426
298 427
298 428
298 429
298 430
298 431
298 432
298 433
298 434
298 435
298 436
298 437
298 438
298 439
298 440
298 441
298 442
298 443
298 444
298 445
298 446
298 447
298 448
298 449
298 450
298 451
298 452
298 453
298 454
298 455
298 456
298 457
298 458
298 459
298 460
298 461
298 462
298 463
298 464
298 465
298 466
298 467
298 468
298 469
298 470
298 471
298 472
298 473
298 474
298 475
298 476
298 477
298 478
298 479
298 480
298 481
298 482
298 483
298 484
298 485
298 486
298 487
298 488
298 489
298 490
298 491
298 492
298 493
298 494
298 495
298 496
298 497
298 498
298 499
298 500
298 501
298 502
298 503
298 504
298 505
298 506
298 507
298 508
298 509
298 510
298 511
298 512
298 513
298 514
298 515
298 516
298 517
298 518
298 519
298 520
298 521
298 522
298 523
298 524
298 525
298 526
298 527
298 528
298 529
298 530
298 531
298 532
298 533
298 534
298 535
298 536
298 537
298 538
298 539
298 540
298 541
298 542
298 543
298 544
298 545
298 546
298 547
298 548
298 549
298 550
298 551
298 552
298 553
298 554
298 555
298 556
298 557
298 558
298 559
298 560
298 561
298 562
298 563
298 564
298 565
298 566
298 567
298 568
298 569
298 570
298 571
298 572
298 573
298 574
298 575
298 576
298 577
298 578
298 579
298 580
298 581
298 582
298 583
298 584
299 585
299 586
299 587
300 588
300 589
301 590
302 591
303 591
304 592
305 592
306 592
307 592
308 592
309 592
310 592
311 591
312 591
313 590
314 589
315 588
315 587
316 586
316 585
316 584
316 583
316 582
316 581
316 580
316 579
315 578
315 577
316 576
317 576
318 575
319 575
320 575
321 575
322 575
323 574
324 574
325 574
326 574
327 574
328 573
329 573
330 573
331 573
332 573
333 573
334 572
335 572
336 572
337 572
338 572
339 572
340 571
341 571
342 571
343 571
344 571
345 571
346 571
347 571
348 570
349 570
350 570
351 570
352 570
353 570
354 570
355 570
356 570
357 570
358 570
359 569
360 569
361 569
362 569
363 569
364 569
365 569
366 569
367 569
368 569
369 569
370 569
371 569
372 569
373 569
374 569
375 568
376 568
377 568
378 568
379 568
380 568
381 568
382 568
383 568
384 568
385 568
386 568
387 568
388 568
389 568
390 568
391 568
392 568
393 568
394 568
395 568
396 568
397 568
398 568
399 568
400 568
401 568
402 568
403 568
404 568
405 568
406 568
407 568
408 568
409 568
410 568
411 568
412 568
413 568
414 568
415 568
416 568
417 568
418 569
419 569
420 569
421 569
422 569
423 569
424 569
425 569
426 569
427 569
428 569
429 569
430 570
431 570
432 570
433 570
434 570
435 570
436 570
437 570
438 571
439 571
440 571
441 571
442 571
443 571
444 572
445 572
446 572
447 572
448 572
449 572
450 572
451 573
452 573
453 573
454 573
455 573
456 573
457 574
458 574
459 574
460 574
461 574
462 574
463 575
464 575
465 575
466 575
467 575
468 576
469 576
470 576
471 576
472 576
473 576
474 577
475 577
476 577
477 577
478 577
479 577
480 578
481 578
482 578
483 578
484 578
485 579
486 579
487 579
488 579
489 579
490 579
491 580
492 580
493 580
494 580
495 580
496 580
497 581
498 581
499 581
500 581
501 581
502 581
503 582
504 582
505 582
506 582
507 582
508 582
509 582
510 583
511 583
512 583
513 583
514 583
515 583
516 583
517 584
518 584
519 584
520 584
521 584
522 584
523 584
524 585
525 585
526 585
527 585
528 585
529 585
530 585
531 585
532 585
533 586
534 586
535 586
536 586
537 586
538 586
539 586
540 586
541 586
542 586
543 587
544 587
545 587
546 587
547 587
548 587
549 587
550 587
551 587
552 587
553 587
554 587
555 587
556 588
557 588
558 588
559 588
560 588
561 588
562 588
563 588
564 588
565 588
566 588
567 588
568 588
569 588
570 588
571 588
572 588
573 588
574 588
575 588
576 588
577 588
578 588
579 588
580 588
581 588
582 588
583 588
584 588
585 588
586 588
587 588
588 588
589 588
590 588
591 588
592 588
593 588
594 588
595 588
596 588
597 588
598 588
599 587
600 587
601 587
602 587
603 587
604 587
605 587
606 587
607 587
608 587
609 587
610 586
611 586
612 586
613 586
614 586
615 586
616 586
617 586
618 585
619 585
620 585
621 585
622 585
623 585
624 584
625 584
626 584
627 584
628 584
629 584
630 583
631 583
632 583
633 583
634 583
635 582
636 582
637 582
638 582
639 581
640 581
641 581
642 581
643 580
644 580
645 580
646 580
647 579
648 579
649 579
650 578
651 578
652 578
653 577
654 577
655 577
656 576
657 576
658 576
659 575
660 575
661 575
662 574
663 574
664 574
665 573
666 573
667 572
668 572
669 572
670 571
671 571
672 570
673 570
674 570
675 569
676 569
677 568
678 568
679 567
680 567
681 566
682 566
683 565
684 565
685 564
686 564
687 563
688 563
689 562
690 561
691 561
692 560
693 560
694 559
695 559
696 558
697 557
698 557
699 556
700 555
701 555
702 554
703 554
704 553
705 552
706 551
707 551
708 550
709 549
710 549
711 548
712 547
713 546
714 546
715 545
716 544
717 543
718 542
719 542
720 541
721 540
722 539
723 538
724 537
725 536
726 535
727 535
728 534
729 533
730 532
731 531
732 530
733 529
734 528
735 527
736 526
737 525
738 524
739 523
740 522
740 521
741 520
742 519
743 518
744 517
745 516
746 515
747 514
747 513
748 512
749 511
750 510
751 509
752 508
752 507
753 506
754 505
755 504
755 503
756 502
757 501
758 500
758 499
759 498
760 497
760 496
761 495
762 494
763 493
764 494
765 494
766 495
767 496
768 496
769 497
770 497
771 498
772 498
773 498
774 499
775 499
776 498
777 498
778 497
779 496
779 495
779 494
779 493
779 492
779 491
779 490
779 489
779 488
780 487
780 486
780 485
780 484
780 483
780 482
780 481
780 480
780 479
780 478
780 477
780 476
780 475
780 474
779 473
778 472
777 471
776 470
775 469
774 468
774 467
773 466
773 465
772 464
772 463
772 462
771 461
771 460
771 459
771 458
770 457
770 456
770 455
770 454
770 453
770 452
770 451
770 450
769 449
769 448
769 447
769 446
769 445
769 444
769 443
769 442
769 441
769 440
769 439
769 438
770 437
770 436
770 435
770 434
770 433
770 432
770 431
770 430
770 429
770 428
770 427
770 426
770 425
770 424
770 423
770 422
770 421
770 420
770 419
770 418
770 417
770 416
770 415
770 414
770 413
770 412
770 411
770 410
770 409
770 408
770 407
770 406
770 405
770 404
770 403
770 402
770 401
770 400
770 399
770 398
770 397
770 396
770 395
770 394
770 393
769 392
769 391
769 390
769 389
769 388
769 387
769 386
769 385
769 384
769 383
769 382
769 381
770 380
770 379
770 378
770 377
770 376
770 375
770 374
770 373
771 372
771 371
771 370
771 369
772 368
772 367
772 366
773 365
773 364
774 363
774 362
775 361
776 360
777 359
778 358
779 357
780 356
780 355
780 354
780 353
780 352
780 351
780 350
780 349
780 348
780 347
780 346
780 345
780 344
780 343
779 342
779 341
779 340
779 339
779 338
779 337
779 336
779 335
779 334
778 333
777 332
776 332
775 331
774 331
773 332
772 332
771 332
770 333
769 333
768 334
767 334
766 335
765 335
764 336
763 337
762 336
761 335
760 334
760 333
759 332
758 331
758 330
757 329
756 328
755 327
755 326
754 325
753 324
752 323
752 322
751 321
750 320
749 319
748 318
748 317
747 316
746 315
745 314
744 313
743 312
742 311
741 310
741 309
740 308
739 307
738 306
737 305
736 304
735 303
734 302
733 301
732 300
731 299
730 298
729 297
728 296
727 295
726 294
725 293
724 293
723 292
722 291
721 290
720 289
719 288
718 288
717 287
716 286
715 285
714 284
713 284
712 283
711 282
710 281
709 281
708 280
707 279
706 278
705 278
704 277
703 276
702 276
701 275
700 274
699 274
698 273
697 272
696 272
695 271
694 271
693 270
692 270
691 269
690 268
689 268
688 267
687 267
686 266
685 266
684 265
683 265
682 264
681 264
680 263
679 263
678 262
677 262
676 261
675 261
674 260
673 260
672 259
671 259
670 259
669 258
668 258
667 257
666 257
665 257
664 256
663 256
662 255
661 255
660 255
659 254
658 254
657 254
656 253
655 253
654 253
653 252
652 252
651 252
650 251
649 251
648 251
647 251
646 250
645 250
644 250
643 249
642 249
641 249
640 249
639 248
638 248
637 248
636 248
635 248
634 247
633 247
632 247
631 247
630 246
629 246
628 246
627 246
626 246
625 246
624 245
623 245
622 245
621 245
620 245
619 245
618 244
617 244
616 244
615 244
614 244
613 244
612 244
611 244
610 243
609 243
608 243
607 243
606 243
605 243
604 243
603 243
602 243
601 243
600 242
599 242
598 242
597 242
596 242
595 242
594 242
593 242
592 242
591 242
590 242
589 242
588 242
587 242
586 242
585 242
584 242
583 242
582 242
581 242
580 242
579 242
578 242
577 242
576 242
575 242
574 242
573 242
572 242
571 242
570 242
569 242
568 242
567 242
566 242
565 242
564 242
563 242
562 242
561 242
560 242
559 242
558 242
557 242
556 242
555 242
554 242
553 242
552 243
551 243
550 243
549 243
548 243
547 243
546 243
545 243
544 243
543 243
542 243
541 243
540 244
539 244
538 244
537 244
536 244
535 244
534 244
533 244
532 244
531 244
530 245
529 245
528 245
527 245
526 245
525 245
524 245
523 245
522 246
521 246
520 246
519 246
518 246
517 246
516 246
515 247
514 247
513 247
512 247
511 247
510 247
509 247
508 248
507 248
506 248
505 248
504 248
503 248
502 248
501 249
500 249
499 249
498 249
497 249
496 250
495 250
494 250
493 250
492 250
491 250
490 251
489 251
488 251
487 251
486 251
485 251
484 252
483 252
482 252
481 252
480 252
479 252
478 253
477 253
476 253
475 253
474 253
473 253
472 254
471 254
470 254
469 254
468 254
467 255
466 255
465 255
464 255
463 255
462 255
461 256
460 256
459 256
458 256
457 256
456 256
455 257
454 257
453 257
452 257
451 257
450 257
449 258
448 258
447 258
446 258
445 258
444 258
443 259
442 259
441 259
440 259
439 259
438 259
437 259
436 260
435 260
434 260
433 260
432 260
431 260
430 260
429 260
428 261
427 261
426 261
425 261
424 261
423 261
422 261
421 261
420 261
419 261
418 261
417 261
416 261
415 261
414 261
413 261
412 261
411 261
410 262
409 262
408 262
407 262
406 262
405 262
404 262
403 262
402 262
401 262
400 262
399 262
398 262
397 262
396 262
395 262
394 262
393 262
392 262
391 262
390 262
389 262
388 262
387 262
386 262
385 262
384 262
383 262
382 262
381 262
380 262
379 262
378 261
377 261
376 261
375 261
374 261
373 261
372 261
371 261
370 261
369 261
368 261
367 261
366 261
365 261
364 261
363 261
362 261
361 261
360 261
359 260
358 260
357 260
356 260
355 260
354 260
353 260
352 260
351 260
350 260
349 260
348 259
347 259
346 259
345 259
344 259
343 259
342 259
341 259
340 258
339 258
338 258
337 258
336 258
335 258
334 258
333 257
332 257
331 257
330 257
329 257
328 257
327 256
326 256
325 256
324 256
323 256
322 255
321 255
320 255
319 255
318 254
317 254
316 254
315 253
315 252
316 251
316 250
316 249
316 248
316 247
316 246
316 245
316 244
315 243
315 242
314 241
313 240
312 239
311 239
310 238
309 238
308 238
307 238
306 238
305 238
304 238
