476 189
475 190
474 190
473 191
472 191
471 192
470 193
469 194
468 194
467 195
466 196
465 197
464 198
463 199
462 200
461 200
460 201
459 202
458 203
457 204
456 205
455 206
454 207
453 208
452 209
451 210
450 211
449 212
448 213
447 214
446 215
445 216
445 217
444 218
443 219
442 220
441 221
440 222
439 223
439 224
438 225
437 226
437 227
437 228
437 229
437 230
437 231
437 232
437 233
437 234
437 235
437 236
437 237
437 238
437 239
437 240
437 241
437 242
437 243
437 244
437 245
437 246
437 247
437 248
437 249
437 250
437 251
437 252
437 253
437 254
437 255
437 256
437 257
437 258
437 259
437 260
437 261
437 262
437 263
437 264
437 265
437 266
437 267
437 268
437 269
437 270
437 271
437 272
437 273
437 274
437 275
437 276
437 277
437 278
437 279
437 280
437 281
437 282
437 283
437 284
437 285
437 286
437 287
437 288
437 289
437 290
437 291
437 292
437 293
437 294
437 295
437 296
437 297
437 298
437 299
437 300
437 301
437 302
437 303
437 304
437 305
437 306
437 307
437 308
437 309
437 310
437 311
437 312
437 313
437 314
437 315
437 316
437 317
437 318
437 319
437 320
437 321
437 322
437 323
437 324
437 325
437 326
437 327
437 328
437 329
437 330
437 331
437 332
437 333
437 334
437 335
437 336
437 337
437 338
437 339
437 340
437 341
437 342
437 343
437 344
437 345
437 346
437 347
437 348
437 349
437 350
437 351
437 352
437 353
437 354
437 355
437 356
437 357
437 358
437 359
437 360
437 361
437 362
437 363
437 364
437 365
437 366
437 367
437 368
437 369
437 370
437 371
437 372
437 373
437 374
437 375
437 376
437 377
437 378
437 379
437 380
437 381
437 382
437 383
437 384
437 385
437 386
437 387
437 388
437 389
437 390
437 391
437 392
437 393
437 394
437 395
437 396
437 397
437 398
437 399
437 400
437 401
437 402
437 403
437 404
437 405
437 406
437 407
437 408
437 409
437 410
437 411
437 412
437 413
437 414
437 415
437 416
437 417
437 418
437 419
437 420
437 421
437 422
437 423
437 424
437 425
437 426
437 427
437 428
437 429
437 430
437 431
437 432
437 433
437 434
437 435
437 436
437 437
437 438
437 439
437 440
437 441
437 442
437 443
437 444
437 445
437 446
437 447
437 448
437 449
437 450
437 451
437 452
437 453
437 454
437 455
437 456
437 457
437 458
437 459
437 460
437 461
437 462
437 463
437 464
437 465
437 466
437 467
437 468
437 469
437 470
437 471
437 472
437 473
437 474
437 475
437 476
437 477
437 478
437 479
437 480
437 481
437 482
437 483
437 484
437 485
437 486
437 487
437 488
437 489
437 490
437 491
437 492
437 493
437 494
437 495
437 496
437 497
437 498
437 499
437 500
437 501
437 502
437 503
437 504
437 505
437 506
437 507
437 508
437 509
437 510
437 511
437 512
437 513
437 514
437 515
437 516
437 517
437 518
437 519
437 520
437 521
437 522
437 523
437 524
437 525
437 526
437 527
437 528
437 529
437 530
437 531
437 532
437 533
437 534
437 535
437 536
437 537
437 538
437 539
437 540
437 541
437 542
437 543
437 544
437 545
437 546
437 547
437 548
437 549
437 550
437 551
437 552
437 553
437 554
437 555
437 556
437 557
437 558
437 559
437 560
437 561
437 562
437 563
437 564
437 565
437 566
437 567
437 568
437 569
438 570
438 571
439 572
440 573
441 574
441 575
442 576
443 577
444 578
445 579
446 580
447 581
448 582
449 583
450 584
451 585
452 586
452 587
453 588
454 588
455 589
456 590
457 591
458 592
459 593
460 594
461 595
462 596
463 597
464 598
465 599
466 600
467 600
468 601
469 602
470 603
471 603
472 604
473 605
474 605
475 606
476 606
477 607
478 607
479 607
480 607
481 606
482 606
483 605
484 604
485 604
486 603
487 602
488 602
489 601
490 601
491 600
492 600
493 599
494 599
495 598
496 598
497 598
498 597
499 597
500 596
501 596
502 596
503 595
504 595
505 594
506 594
507 594
508 593
509 593
510 593
511 592
512 592
513 592
514 592
515 591
516 591
517 591
518 590
519 590
520 590
521 590
522 589
523 589
524 589
525 589
526 588
527 588
528 588
529 588
530 587
531 587
532 587
533 587
534 586
535 586
536 586
537 586
538 585
539 585
540 585
541 585
542 584
543 584
544 584
545 584
546 583
547 583
548 583
549 583
550 582
551 582
552 582
553 582
554 582
555 581
556 581
557 581
558 581
559 580
560 580
561 580
562 580
563 579
564 579
565 579
566 579
567 578
568 578
569 578
570 578
571 577
572 577
573 577
574 576
575 576
576 576
577 576
578 575
579 575
580 575
581 574
582 574
583 574
584 573
585 573
586 573
587 572
588 572
589 571
590 571
591 571
592 570
593 570
594 569
595 569
596 569
597 568
598 568
599 567
600 567
601 566
602 566
603 566
604 565
605 565
606 564
607 564
608 563
609 563
610 562
611 561
612 561
613 560
614 560
615 559
616 559
617 558
618 558
619 557
620 556
621 556
622 555
623 554
624 554
625 553
626 552
627 552
628 551
629 550
630 550
631 549
632 548
633 547
634 547
635 546
636 545
637 544
638 543
639 543
640 542
641 541
642 540
643 539
644 538
645 537
646 536
647 535
648 534
649 533
650 532
651 531
652 530
653 529
654 528
655 527
656 526
656 525
657 524
658 523
659 522
660 521
661 520
661 519
662 518
663 517
664 516
664 515
665 514
666 513
666 512
667 511
668 510
668 509
669 508
670 507
670 506
671 505
671 504
672 503
673 502
673 501
674 500
674 499
675 498
675 497
676 496
676 495
677 494
677 493
678 492
678 491
679 490
679 489
680 488
680 487
681 486
681 485
682 484
682 483
682 482
683 481
683 480
684 479
684 478
684 477
685 476
685 475
686 474
686 473
686 472
687 471
687 470
687 469
688 468
688 467
688 466
689 465
689 464
689 463
690 462
690 461
690 460
690 459
691 458
691 457
691 456
691 455
692 454
692 453
692 452
692 451
693 450
693 449
693 448
693 447
694 446
694 445
694 444
694 443
694 442
695 441
695 440
695 439
695 438
695 437
695 436
696 435
696 434
696 433
696 432
696 431
696 430
697 429
697 428
697 427
697 426
697 425
697 424
697 423
697 422
697 421
698 420
698 419
698 418
698 417
698 416
698 415
698 414
698 413
698 412
698 411
698 410
698 409
698 408
698 407
698 406
699 405
699 404
699 403
699 402
699 401
699 400
699 399
699 398
699 397
699 396
699 395
699 394
699 393
699 392
699 391
699 390
698 389
698 388
698 387
698 386
698 385
698 384
698 383
698 382
698 381
698 380
698 379
698 378
698 377
698 376
697 375
697 374
697 373
697 372
697 371
697 370
697 369
697 368
697 367
696 366
696 365
696 364
696 363
696 362
696 361
696 360
695 359
695 358
695 357
695 356
695 355
694 354
694 353
694 352
694 351
694 350
693 349
693 348
693 347
693 346
693 345
692 344
692 343
692 342
692 341
691 340
691 339
691 338
691 337
690 336
690 335
690 334
689 333
689 332
689 331
688 330
688 329
688 328
687 327
687 326
687 325
686 324
686 323
686 322
685 321
685 320
685 319
684 318
684 317
683 316
683 315
683 314
682 313
682 312
681 311
681 310
681 309
680 308
680 307
679 306
679 305
678 304
678 303
677 302
677 301
676 300
676 299
675 298
674 297
674 296
673 295
673 294
672 293
672 292
671 291
670 290
670 289
669 288
669 287
668 286
667 285
667 284
666 283
665 282
664 281
664 280
663 279
662 278
662 277
661 276
660 275
659 274
658 273
658 272
657 271
656 270
655 269
654 268
653 267
652 266
652 265
651 264
650 263
649 262
648 261
647 260
646 259
645 258
644 257
643 257
642 256
641 255
640 254
639 253
638 252
637 251
636 251
635 250
634 249
633 248
632 247
631 247
630 246
629 245
628 245
627 244
626 243
625 242
624 242
623 241
622 241
621 240
620 239
619 239
618 238
617 237
616 237
615 236
614 236
613 235
612 235
611 234
610 234
609 233
608 232
607 232
606 231
605 231
604 231
603 230
602 230
601 229
600 229
599 228
598 228
597 227
596 227
595 227
594 226
593 226
592 225
591 225
590 224
589 224
588 224
587 223
586 223
585 223
584 222
583 222
582 222
581 221
580 221
579 221
578 220
577 220
576 220
575 219
574 219
573 219
572 219
571 218
570 218
569 218
568 217
567 217
566 217
565 217
564 217
563 216
562 216
561 216
560 216
559 215
558 215
557 215
556 215
555 214
554 214
553 214
552 214
551 213
550 213
549 213
548 213
547 212
546 212
545 212
544 212
543 211
542 211
541 211
540 211
539 210
538 210
537 210
536 210
535 209
534 209
533 209
532 209
531 208
530 208
529 208
528 208
527 208
526 207
525 207
524 207
523 207
522 206
521 206
520 206
519 205
518 205
517 205
516 205
515 204
514 204
513 204
512 203
511 203
510 203
509 202
508 202
507 202
506 201
505 201
504 201
503 200
502 200
501 200
500 199
499 199
498 198
497 198
496 198
495 197
494 197
493 196
492 196
491 195
490 195
489 194
488 194
487 193
486 193
485 192
484 191
483 191
482 190
481 189
480 189
479 189
478 189
477 189
476 189
