529 162
528 163
527 163
526 163
525 164
524 164
523 165
522 165
521 166
520 167
519 168
518 169
518 170
518 171
518 172
518 173
518 174
518 175
518 176
518 177
518 178
518 179
518 180
518 181
518 182
518 183
518 184
518 185
518 186
518 187
518 188
518 189
518 190
518 191
518 192
518 193
518 194
518 195
518 196
518 197
518 198
518 199
518 200
518 201
518 202
518 203
518 204
518 205
518 206
518 207
518 208
518 209
518 210
518 211
518 212
518 213
518 214
518 215
518 216
518 217
518 218
518 219
518 220
518 221
518 222
518 223
518 224
518 225
518 226
518 227
518 228
518 229
518 230
518 231
518 232
518 233
518 234
518 235
518 236
518 237
518 238
518 239
518 240
518 241
518 242
518 243
518 244
518 245
518 246
518 247
518 248
518 249
518 250
518 251
518 252
518 253
518 254
518 255
518 256
518 257
518 258
518 259
518 260
518 261
518 262
518 263
518 264
518 265
518 266
518 267
518 268
518 269
518 270
518 271
518 272
518 273
518 274
518 275
518 276
518 277
518 278
518 279
518 280
518 281
518 282
518 283
518 284
518 285
518 286
518 287
518 288
518 289
518 290
518 291
518 292
518 293
518 294
518 295
518 296
518 297
518 298
518 299
518 300
518 301
518 302
518 303
518 304
518 305
518 306
518 307
518 308
518 309
518 310
518 311
518 312
518 313
518 314
518 315
518 316
518 317
518 318
518 319
518 320
518 321
518 322
518 323
518 324
518 325
518 326
518 327
518 328
518 329
518 330
518 331
518 332
518 333
518 334
518 335
518 336
518 337
518 338
518 339
518 340
518 341
518 342
518 343
518 344
518 345
518 346
518 347
518 348
518 349
518 350
518 351
518 352
518 353
518 354
518 355
518 356
518 357
518 358
518 359
518 360
518 361
518 362
518 363
518 364
518 365
518 366
518 367
518 368
518 369
518 370
518 371
518 372
518 373
518 374
518 375
518 376
518 377
518 378
518 379
518 380
518 381
518 382
518 383
518 384
518 385
518 386
518 387
518 388
518 389
518 390
518 391
518 392
518 393
518 394
518 395
518 396
518 397
518 398
518 399
518 400
518 401
518 402
518 403
518 404
518 405
518 406
518 407
518 408
518 409
518 410
518 411
518 412
518 413
518 414
518 415
518 416
518 417
518 418
518 419
518 420
518 421
518 422
518 423
518 424
518 425
518 426
518 427
518 428
518 429
518 430
518 431
518 432
518 433
518 434
518 435
518 436
518 437
518 438
518 439
518 440
518 441
518 442
518 443
518 444
518 445
518 446
518 447
518 448
518 449
518 450
518 451
518 452
518 453
518 454
518 455
518 456
518 457
518 458
518 459
518 460
518 461
518 462
518 463
518 464
518 465
518 466
518 467
518 468
518 469
518 470
518 471
518 472
518 473
518 474
518 475
518 476
518 477
518 478
518 479
518 480
518 481
518 482
518 483
518 484
518 485
518 486
518 487
518 488
518 489
518 490
518 491
518 492
518 493
518 494
518 495
518 496
518 497
518 498
518 499
518 500
518 501
518 502
518 503
518 504
518 505
518 506
518 507
518 508
518 509
518 510
518 511
518 512
518 513
518 514
518 515
518 516
518 517
518 518
518 519
518 520
518 521
518 522
518 523
518 524
518 525
518 526
518 527
518 528
518 529
518 530
518 531
518 532
518 533
518 534
518 535
518 536
518 537
518 538
518 539
518 540
518 541
518 542
518 543
518 544
518 545
518 546
518 547
518 548
518 549
518 550
518 551
518 552
518 553
518 554
518 555
518 556
518 557
518 558
518 559
518 560
518 561
518 562
518 563
518 564
518 565
518 566
518 567
518 568
518 569
518 570
518 571
518 572
518 573
518 574
518 575
518 576
518 577
518 578
518 579
518 580
518 581
518 582
518 583
518 584
518 585
518 586
518 587
518 588
518 589
518 590
518 591
518 592
518 593
518 594
518 595
518 596
518 597
518 598
518 599
518 600
518 601
518 602
518 603
518 604
518 605
518 606
518 607
518 608
518 609
518 610
518 611
518 612
518 613
518 614
518 615
518 616
518 617
518 618
518 619
518 620
518 621
518 622
518 623
518 624
518 625
518 626
518 627
518 628
518 629
518 630
518 631
518 632
518 633
518 634
518 635
518 636
518 637
518 638
518 639
518 640
518 641
518 642
518 643
518 644
518 645
518 646
518 647
518 648
518 649
518 650
518 651
518 652
519 653
520 654
521 655
522 656
523 656
524 657
525 657
526 657
527 658
528 658
529 658
530 659
531 659
532 659
533 659
534 659
535 658
536 658
537 658
538 657
539 656
539 655
540 654
540 653
540 652
540 651
540 650
540 649
540 648
539 647
539 646
539 645
540 644
540 643
541 642
542 641
542 640
543 639
544 638
544 637
545 636
545 635
546 634
547 633
547 632
548 631
548 630
549 629
550 628
550 627
551 626
551 625
552 624
553 623
553 622
554 621
554 620
555 619
555 618
556 617
557 616
557 615
558 614
558 613
559 612
559 611
560 610
560 609
561 608
561 607
562 606
563 605
563 604
564 603
564 602
565 601
565 600
566 599
566 598
567 597
567 596
568 595
568 594
569 593
569 592
570 591
570 590
571 589
571 588
572 587
572 586
573 585
573 584
574 583
574 582
575 581
575 580
576 579
576 578
576 577
577 576
577 575
578 574
578 573
579 572
579 571
579 570
580 569
580 568
581 567
581 566
582 565
582 564
582 563
583 562
583 561
584 560
584 559
584 558
585 557
585 556
586 555
586 554
586 553
587 552
587 551
587 550
588 549
588 548
589 547
589 546
589 545
590 544
590 543
590 542
591 541
591 540
591 539
592 538
592 537
592 536
593 535
593 534
593 533
593 532
594 531
594 530
594 529
595 528
595 527
595 526
595 525
596 524
596 523
596 522
597 521
597 520
597 519
597 518
598 517
598 516
598 515
598 514
599 513
599 512
599 511
599 510
599 509
600 508
600 507
600 506
600 505
600 504
601 503
601 502
601 501
601 500
601 499
601 498
602 497
602 496
602 495
602 494
602 493
602 492
603 491
603 490
603 489
603 488
603 487
603 486
603 485
604 484
604 483
604 482
604 481
604 480
604 479
604 478
604 477
604 476
605 475
605 474
605 473
605 472
605 471
606 470
607 470
608 470
609 469
610 469
611 468
612 467
612 466
612 465
612 464
612 463
612 462
612 461
611 460
611 459
610 458
609 457
608 456
607 455
606 454
606 453
606 452
606 451
606 450
606 449
606 448
606 447
606 446
606 445
606 444
606 443
606 442
606 441
606 440
606 439
606 438
606 437
606 436
606 435
606 434
606 433
606 432
606 431
606 430
606 429
606 428
606 427
606 426
606 425
606 424
606 423
606 422
606 421
606 420
606 419
606 418
606 417
606 416
606 415
606 414
606 413
606 412
606 411
606 410
606 409
606 408
606 407
606 406
606 405
606 404
606 403
606 402
606 401
606 400
606 399
606 398
606 397
606 396
606 395
606 394
606 393
606 392
606 391
606 390
606 389
606 388
606 387
606 386
606 385
606 384
606 383
606 382
606 381
606 380
606 379
606 378
606 377
606 376
606 375
606 374
606 373
606 372
606 371
606 370
606 369
606 368
606 367
606 366
607 365
608 364
609 364
609 363
610 362
611 361
612 360
612 359
612 358
612 357
612 356
612 355
612 354
611 353
610 352
609 351
608 351
607 351
606 351
605 350
605 349
605 348
605 347
605 346
604 345
604 344
604 343
604 342
604 341
604 340
604 339
604 338
604 337
603 336
603 335
603 334
603 333
603 332
603 331
603 330
603 329
602 328
602 327
602 326
602 325
602 324
602 323
601 322
601 321
601 320
601 319
601 318
600 317
600 316
600 315
600 314
600 313
599 312
599 311
599 310
599 309
599 308
598 307
598 306
598 305
598 304
597 303
597 302
597 301
597 300
596 299
596 298
596 297
595 296
595 295
595 294
595 293
594 292
594 291
594 290
594 289
593 288
593 287
593 286
592 285
592 284
592 283
591 282
591 281
591 280
590 279
590 278
590 277
589 276
589 275
589 274
588 273
588 272
587 271
587 270
587 269
586 268
586 267
586 266
585 265
585 264
584 263
584 262
584 261
583 260
583 259
583 258
582 257
582 256
581 255
581 254
580 253
580 252
580 251
579 250
579 249
578 248
578 247
577 246
577 245
577 244
576 243
576 242
575 241
575 240
574 239
574 238
573 237
573 236
572 235
572 234
571 233
571 232
570 231
570 230
569 229
569 228
568 227
568 226
567 225
567 224
566 223
566 222
565 221
565 220
564 219
564 218
563 217
563 216
562 215
562 214
561 213
561 212
560 211
559 210
559 209
558 208
558 207
557 206
557 205
556 204
555 203
555 202
554 201
554 200
553 199
553 198
552 197
551 196
551 195
550 194
550 193
549 192
549 191
548 190
547 189
547 188
546 187
546 186
545 185
544 184
544 183
543 182
542 181
542 180
541 179
541 178
540 177
540 176
539 175
539 174
540 173
540 172
540 171
540 170
540 169
540 168
540 167
539 166
539 165
538 164
537 163
536 163
535 162
534 162
533 162
532 162
531 162
530 162
529 162
