532 171
531 172
530 173
530 174
529 175
529 176
529 177
529 178
529 179
528 180
527 180
526 180
525 181
524 181
523 181
522 182
521 182
520 183
519 183
518 183
517 184
516 184
515 185
514 186
513 186
512 187
511 187
510 188
509 189
508 189
507 190
506 191
505 192
504 193
503 193
502 194
501 195
500 196
499 197
499 198
498 199
497 200
496 201
495 202
494 203
494 204
493 205
492 206
491 207
491 208
490 209
489 210
489 211
488 212
487 213
486 214
486 215
485 216
484 217
483 218
482 219
481 218
480 217
479 217
478 216
477 217
476 217
475 218
474 219
473 220
472 221
471 222
471 223
470 224
469 225
469 226
468 227
468 228
467 229
467 230
467 231
466 232
466 233
466 234
466 235
465 236
465 237
465 238
465 239
465 240
465 241
465 242
465 243
465 244
465 245
465 246
465 247
465 248
465 249
465 250
465 251
465 252
465 253
465 254
465 255
465 256
465 257
465 258
465 259
465 260
465 261
465 262
465 263
465 264
465 265
465 266
465 267
465 268
465 269
465 270
465 271
465 272
465 273
465 274
465 275
465 276
465 277
465 278
465 279
465 280
465 281
465 282
465 283
465 284
465 285
465 286
465 287
465 288
465 289
465 290
465 291
465 292
465 293
465 294
465 295
465 296
465 297
465 298
465 299
465 300
465 301
465 302
465 303
465 304
465 305
465 306
465 307
465 308
465 309
465 310
465 311
465 312
465 313
465 314
465 315
465 316
465 317
465 318
465 319
465 320
465 321
465 322
465 323
465 324
465 325
465 326
465 327
465 328
465 329
465 330
465 331
465 332
465 333
465 334
465 335
465 336
465 337
465 338
465 339
465 340
465 341
465 342
465 343
465 344
465 345
465 346
465 347
465 348
465 349
465 350
465 351
465 352
465 353
465 354
465 355
465 356
465 357
465 358
465 359
465 360
465 361
465 362
465 363
465 364
465 365
465 366
465 367
465 368
465 369
465 370
465 371
465 372
465 373
465 374
465 375
465 376
465 377
465 378
465 379
465 380
465 381
465 382
465 383
465 384
465 385
465 386
465 387
465 388
465 389
465 390
465 391
465 392
465 393
465 394
465 395
465 396
465 397
465 398
465 399
465 400
465 401
465 402
465 403
465 404
465 405
465 406
465 407
465 408
465 409
465 410
465 411
465 412
465 413
465 414
465 415
465 416
465 417
465 418
465 419
465 420
465 421
465 422
465 423
465 424
465 425
465 426
465 427
465 428
465 429
465 430
465 431
465 432
465 433
465 434
465 435
465 436
465 437
465 438
465 439
465 440
465 441
465 442
465 443
465 444
465 445
465 446
465 447
465 448
465 449
465 450
465 451
465 452
465 453
465 454
465 455
465 456
465 457
465 458
465 459
465 460
465 461
465 462
465 463
465 464
465 465
465 466
465 467
465 468
465 469
465 470
465 471
465 472
465 473
465 474
465 475
465 476
465 477
465 478
465 479
465 480
465 481
465 482
465 483
465 484
465 485
465 486
465 487
465 488
465 489
465 490
465 491
465 492
465 493
465 494
465 495
465 496
465 497
465 498
465 499
465 500
465 501
465 502
465 503
465 504
465 505
465 506
465 507
465 508
465 509
465 510
465 511
465 512
465 513
465 514
465 515
465 516
465 517
465 518
465 519
465 520
465 521
465 522
465 523
465 524
465 525
465 526
465 527
465 528
465 529
465 530
465 531
465 532
465 533
465 534
465 535
465 536
465 537
465 538
465 539
465 540
465 541
465 542
465 543
465 544
465 545
465 546
465 547
465 548
465 549
465 550
465 551
466 552
466 553
466 554
466 555
467 556
467 557
467 558
468 559
468 560
469 561
469 562
470 563
471 564
471 565
472 566
473 567
474 568
475 569
476 570
477 570
478 571
479 570
480 570
481 569
482 568
483 569
484 570
485 571
486 572
486 573
487 574
488 575
489 576
489 577
490 578
491 579
491 580
492 581
493 582
493 583
494 584
495 585
496 586
497 587
498 588
499 589
499 590
500 591
501 592
502 593
503 594
504 594
505 595
506 596
507 597
508 598
509 598
510 599
511 600
512 600
513 601
514 601
515 602
516 603
517 603
518 604
519 604
520 604
521 605
522 605
523 606
524 606
525 606
526 607
527 607
528 607
529 608
529 609
529 610
529 611
529 612
530 613
530 614
531 615
532 615
533 616
534 616
535 616
536 616
537 616
538 615
539 615
540 615
541 614
542 614
543 613
544 613
545 613
546 612
547 612
548 611
549 611
550 610
551 610
552 609
553 609
554 609
555 608
556 608
557 607
558 607
559 606
560 606
561 605
562 605
563 604
564 604
565 603
566 603
567 602
568 602
569 601
570 600
571 600
572 599
573 599
574 598
575 598
576 597
577 597
578 596
579 595
580 595
581 594
582 594
583 593
584 592
585 592
586 591
587 590
588 590
589 589
590 588
591 588
592 587
593 586
594 586
595 585
596 584
597 584
598 583
599 582
600 581
601 581
602 580
603 579
604 578
605 578
606 577
607 576
608 575
609 574
610 574
611 573
612 572
613 571
614 570
615 569
616 568
617 568
618 567
619 566
620 565
621 564
622 563
623 562
624 561
625 560
626 559
627 558
628 557
629 556
630 555
631 554
632 553
633 552
634 551
635 550
636 549
636 548
637 547
638 546
639 545
640 544
641 543
642 542
642 541
643 540
644 539
645 538
645 537
646 536
647 535
648 534
648 533
649 532
650 531
651 530
651 529
652 528
653 527
653 526
654 525
655 524
655 523
656 522
657 521
657 520
658 519
659 518
659 517
660 516
660 515
661 514
662 513
662 512
663 511
663 510
664 509
664 508
665 507
665 506
666 505
667 504
667 503
668 502
668 501
669 500
669 499
670 498
670 497
670 496
671 495
671 494
672 493
672 492
673 491
673 490
674 489
674 488
675 487
675 486
675 485
676 484
676 483
677 482
677 481
677 480
678 479
678 478
678 477
679 476
679 475
679 474
680 473
680 472
681 471
681 470
681 469
682 468
682 467
682 466
682 465
683 464
683 463
683 462
684 461
684 460
684 459
684 458
685 457
685 456
685 455
686 454
686 453
686 452
686 451
687 450
687 449
687 448
687 447
687 446
688 445
688 444
688 443
688 442
689 441
689 440
689 439
689 438
689 437
689 436
690 435
690 434
690 433
690 432
690 431
690 430
691 429
691 428
691 427
691 426
691 425
691 424
691 423
691 422
692 421
692 420
692 419
692 418
692 417
692 416
692 415
692 414
692 413
692 412
693 411
693 410
693 409
693 408
693 407
693 406
693 405
693 404
693 403
693 402
693 401
693 400
693 399
693 398
693 397
693 396
693 395
693 394
693 393
693 392
693 391
693 390
693 389
693 388
693 387
693 386
693 385
693 384
693 383
693 382
693 381
693 380
693 379
693 378
693 377
693 376
692 375
692 374
692 373
692 372
692 371
692 370
692 369
692 368
692 367
692 366
691 365
691 364
691 363
691 362
691 361
691 360
691 359
691 358
690 357
690 356
690 355
690 354
690 353
690 352
689 351
689 350
689 349
689 348
689 347
689 346
688 345
688 344
688 343
688 342
687 341
687 340
687 339
687 338
687 337
686 336
686 335
686 334
686 333
685 332
685 331
685 330
684 329
684 328
684 327
684 326
683 325
683 324
683 323
682 322
682 321
682 320
682 319
681 318
681 317
681 316
680 315
680 314
679 313
679 312
679 311
678 310
678 309
678 308
677 307
677 306
677 305
676 304
676 303
675 302
675 301
675 300
674 299
674 298
673 297
673 296
672 295
672 294
671 293
671 292
670 291
670 290
669 289
669 288
669 287
668 286
668 285
667 284
667 283
666 282
665 281
665 280
664 279
664 278
663 277
663 276
662 275
662 274
661 273
660 272
660 271
659 270
659 269
658 268
657 267
657 266
656 265
655 264
655 263
654 262
653 261
653 260
652 259
651 258
651 257
650 256
649 255
648 254
648 253
647 252
646 251
645 250
645 249
644 248
643 247
642 246
641 245
641 244
640 243
639 242
638 241
637 240
636 239
636 238
635 237
634 236
633 235
632 234
631 233
630 232
629 231
628 230
627 229
626 228
625 227
624 226
623 225
622 224
621 223
620 222
619 221
618 220
617 219
616 219
615 218
614 217
613 216
612 215
611 214
610 213
609 213
608 212
607 211
606 210
605 209
604 209
603 208
602 207
601 206
600 206
599 205
598 204
597 203
596 203
595 202
594 201
593 201
592 200
591 199
590 199
589 198
588 197
587 197
586 196
585 195
584 195
583 194
582 193
581 193
580 192
579 192
578 191
577 190
576 190
575 189
574 189
573 188
572 188
571 187
570 187
569 186
568 185
567 185
566 184
565 184
564 183
563 183
562 182
561 182
560 181
559 181
558 180
557 180
556 179
555 179
554 178
553 178
552 178
551 177
550 177
549 176
548 176
547 175
546 175
545 174
544 174
543 174
542 173
541 173
540 172
539 172
538 172
537 171
536 171
535 171
534 171
533 171
532 171
