513 330
512 331
511 332
511 333
511 334
511 335
511 336
511 337
511 338
511 339
511 340
511 341
511 342
511 343
511 344
511 345
511 346
511 347
511 348
511 349
511 350
511 351
511 352
511 353
511 354
511 355
511 356
511 357
511 358
511 359
511 360
511 361
511 362
511 363
511 364
511 365
511 366
511 367
511 368
511 369
511 370
511 371
511 372
511 373
511 374
511 375
511 376
511 377
511 378
511 379
511 380
511 381
511 382
510 383
510 384
510 385
510 386
511 387
511 388
511 389
511 390
511 391
511 392
511 393
511 394
511 395
511 396
511 397
511 398
511 399
511 400
511 401
511 402
511 403
511 404
511 405
511 406
511 407
511 408
511 409
511 410
511 411
511 412
511 413
511 414
511 415
511 416
511 417
511 418
511 419
511 420
511 421
511 422
511 423
511 424
511 425
511 426
511 427
511 428
511 429
511 430
511 431
511 432
511 433
511 434
511 435
511 436
511 437
512 438
513 439
514 439
515 439
516 439
517 439
518 439
519 438
520 438
521 438
522 438
523 438
524 437
525 437
526 437
527 437
528 436
529 436
530 436
531 435
532 435
533 434
534 434
535 434
536 433
537 433
538 432
539 431
540 431
541 430
542 430
543 429
544 428
545 427
546 427
547 426
548 425
549 424
550 423
551 422
552 421
553 420
554 419
555 418
556 417
556 416
557 415
558 414
559 413
559 412
560 411
561 410
561 409
562 408
562 407
563 406
563 405
564 404
564 403
565 402
565 401
565 400
566 399
566 398
567 397
567 396
567 395
567 394
568 393
568 392
568 391
568 390
568 389
568 388
568 387
569 386
569 385
569 384
569 383
568 382
568 381
568 380
568 379
568 378
568 377
568 376
567 375
567 374
567 373
566 372
566 371
566 370
565 369
565 368
565 367
564 366
564 365
563 364
563 363
562 362
562 361
561 360
560 359
560 358
559 357
558 356
558 355
557 354
556 353
555 352
555 351
554 350
553 349
552 348
551 347
550 346
549 345
548 344
547 343
546 342
545 342
544 341
543 340
542 340
541 339
540 338
539 338
538 337
537 337
536 336
535 336
534 335
533 335
532 334
531 334
530 333
529 333
528 333
527 332
526 332
525 332
524 332
523 331
522 331
521 331
520 331
519 331
518 331
517 331
516 330
515 330
514 330
513 330
