509 315
508 316
507 316
506 317
505 318
505 319
505 320
504 321
504 322
504 323
504 324
504 325
504 326
504 327
504 328
504 329
504 330
504 331
504 332
504 333
504 334
504 335
504 336
504 337
504 338
504 339
504 340
504 341
504 342
504 343
504 344
504 345
504 346
504 347
504 348
504 349
504 350
504 351
504 352
504 353
504 354
504 355
504 356
504 357
504 358
504 359
504 360
504 361
504 362
504 363
504 364
504 365
504 366
504 367
504 368
504 369
504 370
504 371
504 372
504 373
504 374
504 375
504 376
504 377
504 378
504 379
504 380
504 381
504 382
504 383
504 384
504 385
504 386
504 387
504 388
504 389
504 390
504 391
504 392
504 393
504 394
504 395
504 396
504 397
504 398
504 399
504 400
504 401
504 402
504 403
504 404
504 405
504 406
504 407
504 408
504 409
504 410
504 411
504 412
504 413
504 414
504 415
504 416
504 417
504 418
504 419
504 420
504 421
504 422
504 423
504 424
504 425
504 426
504 427
504 428
504 429
504 430
504 431
504 432
504 433
504 434
504 435
504 436
504 437
504 438
504 439
504 440
504 441
504 442
504 443
504 444
504 445
504 446
504 447
504 448
504 449
504 450
504 451
504 452
504 453
504 454
504 455
504 456
504 457
504 458
504 459
504 460
504 461
504 462
504 463
504 464
504 465
504 466
504 467
504 468
504 469
504 470
504 471
504 472
504 473
504 474
504 475
504 476
504 477
504 478
504 479
504 480
504 481
504 482
504 483
504 484
504 485
504 486
504 487
504 488
504 489
504 490
504 491
504 492
504 493
504 494
504 495
504 496
504 497
504 498
504 499
504 500
504 501
504 502
504 503
504 504
504 505
504 506
504 507
504 508
504 509
505 510
505 511
506 512
506 513
507 513
508 514
509 515
510 515
511 515
512 514
513 514
514 514
515 514
516 513
517 513
518 513
519 513
520 513
521 512
522 512
523 512
524 511
525 511
526 511
527 511
528 510
529 510
530 510
531 509
532 509
533 509
534 508
535 508
536 508
537 507
538 507
539 506
540 506
541 506
542 505
543 505
544 505
545 504
546 504
547 503
548 503
549 502
550 502
551 501
552 501
553 500
554 500
555 499
556 499
557 498
558 498
559 497
560 497
561 496
562 495
563 495
564 494
565 493
566 493
567 492
568 491
569 491
570 490
571 489
572 489
573 488
574 487
575 486
576 486
577 485
578 484
579 483
580 482
581 481
582 480
583 479
584 479
585 478
586 477
587 476
588 475
589 474
590 473
590 472
591 471
592 470
593 469
594 468
595 467
596 466
596 465
597 464
598 463
599 462
599 461
600 460
601 459
602 458
602 457
603 456
603 455
604 454
605 453
605 452
606 451
606 450
607 449
607 448
608 447
608 446
609 445
609 444
610 443
610 442
611 441
611 440
611 439
612 438
612 437
612 436
613 435
613 434
613 433
614 432
614 431
614 430
614 429
615 428
615 427
615 426
615 425
616 424
616 423
616 422
616 421
616 420
616 419
617 418
617 417
617 416
617 415
617 414
617 413
617 412
616 411
616 410
616 409
616 408
616 407
616 406
615 405
615 404
615 403
615 402
614 401
614 400
614 399
614 398
613 397
613 396
613 395
612 394
612 393
612 392
611 391
611 390
611 389
610 388
610 387
609 386
609 385
608 384
608 383
607 382
607 381
606 380
606 379
605 378
605 377
604 376
603 375
603 374
602 373
602 372
601 371
600 370
599 369
599 368
598 367
597 366
596 365
596 364
595 363
594 362
593 361
592 360
591 359
591 358
590 357
589 356
588 355
587 354
586 353
585 352
584 351
583 350
582 349
581 349
580 348
579 347
578 346
577 345
576 344
575 343
574 343
573 342
572 341
571 340
570 340
569 339
568 338
567 338
566 337
565 336
564 336
563 335
562 335
561 334
560 333
559 333
558 332
557 332
556 331
555 331
554 330
553 330
552 329
551 329
550 328
549 328
548 327
547 327
546 326
545 326
544 325
543 325
542 325
541 324
540 324
539 323
538 323
537 323
536 322
535 322
534 322
533 321
532 321
531 321
530 320
529 320
528 320
527 319
526 319
525 319
524 318
523 318
522 318
521 318
520 317
519 317
518 317
517 317
516 316
515 316
514 316
513 316
512 315
511 315
510 315
509 315
