478 335
477 336
476 336
475 336
474 336
473 336
472 336
471 336
470 336
469 336
468 336
467 336
466 336
465 336
464 336
463 336
462 337
461 337
460 337
459 337
458 337
457 337
456 337
455 337
454 337
453 337
452 337
451 338
450 338
449 338
448 339
447 340
447 341
447 342
447 343
447 344
447 345
447 346
447 347
447 348
447 349
447 350
447 351
447 352
447 353
447 354
447 355
447 356
447 357
447 358
447 359
447 360
447 361
447 362
447 363
447 364
447 365
447 366
447 367
447 368
447 369
447 370
447 371
447 372
447 373
447 374
447 375
447 376
447 377
447 378
447 379
447 380
447 381
447 382
447 383
447 384
447 385
447 386
447 387
447 388
447 389
447 390
447 391
447 392
447 393
447 394
447 395
447 396
447 397
447 398
447 399
447 400
447 401
447 402
447 403
447 404
447 405
447 406
447 407
447 408
447 409
447 410
447 411
447 412
447 413
447 414
447 415
447 416
447 417
447 418
447 419
447 420
447 421
447 422
447 423
447 424
447 425
447 426
447 427
447 428
447 429
447 430
447 431
447 432
447 433
447 434
447 435
447 436
447 437
447 438
447 439
447 440
447 441
447 442
447 443
447 444
447 445
447 446
447 447
447 448
447 449
447 450
447 451
447 452
447 453
447 454
447 455
447 456
447 457
447 458
447 459
447 460
447 461
447 462
447 463
447 464
447 465
447 466
447 467
447 468
447 469
447 470
447 471
447 472
447 473
447 474
447 475
447 476
448 477
449 478
450 478
451 478
452 478
453 478
454 478
455 478
456 478
457 479
458 479
459 479
460 479
461 479
462 479
463 479
464 479
465 479
466 479
467 479
468 479
469 480
470 480
471 480
472 480
473 480
474 480
475 480
476 480
477 480
478 480
479 480
480 480
481 480
482 480
483 480
484 480
485 480
486 481
487 481
488 481
489 481
490 481
491 481
492 481
493 481
494 481
495 481
496 481
497 481
498 481
499 481
500 481
501 481
502 481
503 481
504 481
505 481
506 481
507 481
508 481
509 481
510 481
511 481
512 481
513 481
514 481
515 480
516 480
517 480
518 480
519 480
520 480
521 480
522 480
523 480
524 480
525 480
526 480
527 480
528 480
529 480
530 479
531 479
532 479
533 479
534 479
535 479
536 479
537 479
538 479
539 479
540 478
541 478
542 478
543 478
544 478
545 478
546 478
547 477
548 477
549 477
550 477
551 477
552 476
553 476
554 476
555 475
556 475
557 475
558 474
559 474
560 473
561 473
562 473
563 472
564 472
565 471
566 470
567 470
568 469
569 469
570 468
571 467
572 466
573 466
574 465
575 464
576 463
577 462
578 461
579 460
580 459
581 458
581 457
582 456
583 455
584 454
584 453
585 452
586 451
586 450
587 449
587 448
588 447
588 446
589 445
589 444
590 443
590 442
591 441
591 440
592 439
592 438
592 437
593 436
593 435
593 434
594 433
594 432
594 431
594 430
595 429
595 428
595 427
595 426
596 425
596 424
596 423
596 422
596 421
596 420
597 419
597 418
597 417
597 416
597 415
597 414
597 413
597 412
597 411
597 410
598 409
597 408
598 407
597 406
597 405
597 404
597 403
597 402
597 401
597 400
597 399
597 398
597 397
596 396
596 395
596 394
596 393
596 392
596 391
595 390
595 389
595 388
595 387
595 386
594 385
594 384
594 383
593 382
593 381
593 380
592 379
592 378
592 377
591 376
591 375
590 374
590 373
590 372
589 371
589 370
588 369
588 368
587 367
586 366
586 365
585 364
584 363
584 362
583 361
583 360
582 359
581 358
580 357
579 356
578 355
577 354
576 353
575 352
574 351
573 350
572 349
571 348
570 348
569 347
568 346
567 346
566 345
565 345
564 344
563 344
562 343
561 343
560 342
559 342
558 341
557 341
556 341
555 340
554 340
553 340
552 339
551 339
550 339
549 339
548 338
547 338
546 338
545 338
544 338
543 338
542 337
541 337
540 337
539 337
538 337
537 337
536 337
535 337
534 336
533 336
532 336
531 336
530 336
529 336
528 336
527 336
526 336
525 336
524 336
523 335
522 335
521 335
520 335
519 335
518 335
517 335
516 335
515 335
514 335
513 335
512 335
511 335
510 335
509 335
508 335
507 335
506 335
505 335
504 335
503 335
502 335
501 335
500 335
499 335
498 335
497 335
496 335
495 335
494 335
493 335
492 335
491 335
490 335
489 335
488 335
487 335
486 335
485 335
484 335
483 335
482 335
481 335
480 335
479 335
478 335
