551 339
550 340
549 340
548 340
547 340
546 340
545 340
544 340
543 340
542 340
541 340
540 340
539 340
538 340
537 340
536 340
535 340
534 340
533 340
532 340
531 340
530 340
529 340
528 340
527 340
526 340
525 340
524 340
523 340
522 340
521 340
520 340
519 340
518 341
517 341
516 341
515 341
514 341
513 341
512 341
511 341
510 341
510 342
509 343
509 344
509 345
509 346
509 347
509 348
509 349
509 350
509 351
509 352
509 353
509 354
509 355
509 356
509 357
509 358
509 359
509 360
509 361
509 362
509 363
509 364
509 365
509 366
509 367
509 368
509 369
509 370
509 371
509 372
509 373
509 374
509 375
509 376
509 377
509 378
509 379
509 380
509 381
509 382
509 383
509 384
509 385
509 386
509 387
509 388
509 389
509 390
509 391
509 392
509 393
509 394
509 395
509 396
509 397
509 398
509 399
509 400
509 401
509 402
509 403
509 404
509 405
509 406
509 407
509 408
509 409
509 410
509 411
509 412
509 413
509 414
509 415
509 416
509 417
509 418
509 419
509 420
509 421
509 422
509 423
509 424
509 425
509 426
509 427
509 428
509 429
509 430
509 431
509 432
509 433
509 434
509 435
509 436
509 437
509 438
509 439
510 440
511 440
512 440
513 440
514 440
515 441
516 441
517 441
518 441
519 441
520 441
521 441
522 441
523 441
524 441
525 441
526 441
527 441
528 441
529 441
530 441
531 441
532 441
533 441
534 441
535 441
536 441
537 441
538 441
539 441
540 441
541 441
542 441
543 441
544 441
545 442
546 442
547 442
548 442
549 442
550 442
551 442
552 442
553 442
554 442
555 442
556 442
557 442
558 442
559 442
560 442
561 442
562 442
563 442
564 442
565 442
566 442
567 442
568 442
569 442
570 442
571 442
572 442
573 442
574 442
575 441
576 441
577 441
578 441
579 440
580 440
581 440
582 439
583 439
584 439
585 438
586 438
587 437
588 437
589 436
590 436
591 435
592 434
593 434
594 433
595 432
596 432
597 431
598 430
599 429
600 428
601 427
602 426
603 425
604 424
605 423
606 422
607 421
607 420
608 419
609 418
609 417
610 416
611 415
611 414
612 413
612 412
613 411
613 410
614 409
614 408
614 407
615 406
615 405
616 404
616 403
616 402
616 401
617 400
617 399
617 398
617 397
617 396
617 395
617 394
618 393
618 392
618 391
618 390
618 389
618 388
617 387
617 386
617 385
617 384
617 383
617 382
617 381
616 380
616 379
616 378
616 377
615 376
615 375
614 374
614 373
614 372
613 371
613 370
612 369
612 368
611 367
611 366
610 365
609 364
609 363
608 362
607 361
606 360
606 359
605 358
604 357
603 356
602 355
601 354
600 353
599 352
598 351
597 350
596 350
595 349
594 348
593 347
592 347
591 346
590 345
589 345
588 344
587 344
586 343
585 343
584 342
583 342
582 342
581 341
580 341
579 341
578 340
577 340
576 340
575 340
574 340
573 339
572 339
571 339
570 339
569 339
568 339
567 339
566 339
565 339
564 339
563 339
562 339
561 339
560 339
559 339
558 339
557 339
556 339
555 339
554 339
553 339
552 339
551 339
