553 270
552 271
551 272
550 273
549 274
548 275
547 276
546 277
545 278
544 279
543 279
542 280
541 281
540 281
539 282
538 282
537 283
536 283
535 284
534 284
533 285
532 285
531 286
530 287
529 288
528 289
527 289
527 290
526 291
525 292
524 293
524 294
524 295
524 296
524 297
524 298
524 299
524 300
524 301
524 302
524 303
524 304
524 305
524 306
524 307
524 308
524 309
524 310
524 311
524 312
524 313
524 314
524 315
524 316
524 317
524 318
524 319
524 320
524 321
524 322
524 323
524 324
524 325
524 326
524 327
524 328
524 329
524 330
524 331
524 332
524 333
524 334
524 335
524 336
524 337
524 338
524 339
524 340
524 341
524 342
524 343
524 344
524 345
524 346
524 347
524 348
524 349
524 350
524 351
524 352
524 353
524 354
524 355
524 356
524 357
524 358
524 359
524 360
524 361
524 362
524 363
524 364
524 365
524 366
524 367
524 368
524 369
524 370
524 371
524 372
524 373
524 374
524 375
524 376
524 377
524 378
524 379
524 380
524 381
524 382
524 383
524 384
524 385
524 386
524 387
524 388
524 389
524 390
524 391
524 392
524 393
524 394
524 395
524 396
524 397
524 398
524 399
524 400
524 401
524 402
524 403
524 404
524 405
524 406
524 407
524 408
524 409
524 410
524 411
524 412
524 413
524 414
524 415
524 416
524 417
524 418
524 419
524 420
524 421
524 422
524 423
524 424
524 425
524 426
524 427
524 428
524 429
524 430
524 431
524 432
524 433
524 434
524 435
524 436
524 437
524 438
524 439
524 440
524 441
524 442
524 443
524 444
524 445
524 446
524 447
524 448
524 449
524 450
524 451
524 452
524 453
524 454
524 455
524 456
524 457
524 458
524 459
524 460
524 461
524 462
524 463
524 464
524 465
524 466
524 467
524 468
524 469
524 470
524 471
524 472
524 473
524 474
524 475
524 476
524 477
524 478
524 479
524 480
525 481
525 482
526 483
527 484
528 485
529 486
530 486
531 487
532 488
533 488
534 489
535 490
536 490
537 491
538 491
539 492
540 492
541 493
542 493
543 494
544 494
545 495
546 496
547 497
548 498
549 499
550 500
551 501
552 502
553 503
554 504
555 504
556 503
557 503
558 502
558 501
558 500
559 499
559 498
559 497
559 496
559 495
559 494
559 493
559 492
559 491
560 490
560 489
561 488
561 487
562 486
563 485
563 484
564 483
564 482
565 481
566 480
566 479
567 478
567 477
568 476
568 475
569 474
570 473
570 472
571 471
571 470
572 469
572 468
573 467
573 466
574 465
575 464
575 463
575 462
576 461
576 460
577 459
577 458
578 457
578 456
579 455
579 454
580 453
580 452
580 451
581 450
581 449
581 448
582 447
582 446
582 445
583 444
583 443
583 442
584 441
584 440
584 439
584 438
585 437
585 436
585 435
585 434
586 433
586 432
586 431
586 430
586 429
586 428
587 427
587 426
587 425
587 424
587 423
587 422
587 421
588 420
588 419
588 418
588 417
588 416
588 415
588 414
588 413
588 412
588 411
588 410
588 409
589 408
589 407
589 406
589 405
589 404
589 403
589 402
589 401
589 400
589 399
589 398
589 397
589 396
589 395
589 394
589 393
589 392
589 391
589 390
589 389
589 388
589 387
589 386
589 385
589 384
589 383
589 382
589 381
589 380
589 379
589 378
589 377
589 376
589 375
589 374
589 373
589 372
589 371
589 370
589 369
589 368
589 367
589 366
589 365
588 364
588 363
588 362
588 361
588 360
588 359
588 358
588 357
588 356
588 355
588 354
588 353
587 352
587 351
587 350
587 349
587 348
587 347
587 346
586 345
586 344
586 343
586 342
586 341
586 340
585 339
585 338
585 337
585 336
584 335
584 334
584 333
584 332
583 331
583 330
583 329
582 328
582 327
582 326
581 325
581 324
581 323
580 322
580 321
579 320
579 319
579 318
578 317
578 316
577 315
577 314
576 313
576 312
575 311
575 310
574 309
574 308
573 307
573 306
572 305
572 304
571 303
571 302
570 301
569 300
569 299
568 298
568 297
567 296
566 295
566 294
565 293
565 292
564 291
563 290
563 289
562 288
562 287
561 286
560 285
560 284
560 283
559 282
559 281
559 280
559 279
559 278
559 277
559 276
559 275
559 274
558 273
558 272
557 271
556 270
555 270
554 270
553 270
