521 333
520 334
519 334
518 334
517 334
516 334
515 335
514 335
513 335
512 335
511 336
510 336
509 336
508 337
507 337
506 337
505 338
504 338
503 339
502 339
501 340
500 340
499 341
498 341
497 342
496 342
495 343
494 344
493 344
492 345
491 345
490 345
489 345
488 345
487 345
486 345
485 345
484 345
483 345
482 346
482 347
482 348
482 349
482 350
482 351
482 352
482 353
482 354
482 355
482 356
482 357
482 358
482 359
482 360
482 361
482 362
482 363
482 364
482 365
482 366
482 367
482 368
482 369
482 370
482 371
482 372
482 373
482 374
482 375
482 376
482 377
482 378
482 379
482 380
482 381
482 382
482 383
482 384
482 385
482 386
482 387
482 388
482 389
482 390
482 391
482 392
482 393
482 394
482 395
482 396
482 397
482 398
482 399
482 400
482 401
482 402
481 403
481 404
481 405
481 406
481 407
482 408
482 409
482 410
482 411
482 412
482 413
482 414
482 415
482 416
482 417
482 418
482 419
482 420
482 421
482 422
482 423
482 424
482 425
482 426
482 427
482 428
482 429
482 430
482 431
482 432
482 433
482 434
482 435
482 436
482 437
482 438
482 439
482 440
482 441
482 442
482 443
482 444
482 445
482 446
482 447
482 448
482 449
482 450
482 451
482 452
482 453
482 454
482 455
482 456
482 457
482 458
482 459
482 460
482 461
482 462
482 463
482 464
483 464
484 465
485 465
486 465
487 464
488 464
489 465
490 465
491 465
492 465
493 466
494 466
495 467
496 468
497 468
498 469
499 469
500 470
501 470
502 471
503 471
504 472
505 472
506 472
507 473
508 473
509 474
510 474
511 474
512 475
513 475
514 475
515 475
516 476
517 476
518 476
519 476
520 476
521 476
522 477
523 477
524 477
525 477
526 477
527 477
528 477
529 477
530 477
531 477
532 477
533 477
534 477
535 476
536 476
537 476
538 476
539 476
540 475
541 475
542 475
543 475
544 474
545 474
546 474
547 473
548 473
549 472
550 472
551 472
552 471
553 471
554 470
555 470
556 469
557 468
558 468
559 467
560 467
561 466
562 465
563 465
564 464
565 463
566 462
567 462
568 461
569 460
570 459
571 458
572 458
573 457
574 456
575 455
576 454
577 453
578 452
578 451
579 450
580 449
581 448
582 447
583 446
583 445
584 444
585 443
585 442
586 441
587 440
587 439
588 438
588 437
589 436
589 435
590 434
590 433
591 432
591 431
592 430
592 429
592 428
593 427
593 426
594 425
594 424
594 423
594 422
595 421
595 420
595 419
596 418
596 417
596 416
596 415
596 414
596 413
597 412
597 411
597 410
597 409
597 408
597 407
597 406
597 405
597 404
597 403
597 402
597 401
597 400
597 399
597 398
596 397
596 396
596 395
596 394
596 393
596 392
595 391
595 390
595 389
595 388
594 387
594 386
594 385
593 384
593 383
593 382
592 381
592 380
591 379
591 378
590 377
590 376
589 375
589 374
588 373
588 372
587 371
587 370
586 369
585 368
585 367
584 366
583 365
583 364
582 363
581 362
580 361
579 360
579 359
578 358
577 357
576 356
575 355
574 354
573 353
572 352
571 351
570 351
569 350
568 349
567 348
566 347
565 347
564 346
563 345
562 344
561 344
560 343
559 343
558 342
557 341
556 341
555 340
554 340
553 339
552 339
551 338
550 338
549 337
548 337
547 337
546 336
545 336
544 336
543 335
542 335
541 335
540 334
539 334
538 334
537 334
536 334
535 333
534 333
533 333
532 333
531 333
530 333
529 333
528 333
527 333
526 333
525 333
524 333
523 333
522 333
521 333
