553 319
552 320
551 320
550 320
549 320
548 320
547 321
546 321
545 321
544 322
543 322
542 322
541 323
540 323
539 323
538 324
537 324
536 325
535 325
534 325
533 326
532 326
531 327
530 327
529 328
528 328
527 328
526 329
525 329
524 330
523 330
522 331
521 331
520 332
519 332
518 333
517 333
516 334
515 334
514 335
513 335
512 336
511 336
510 337
509 337
508 338
507 339
506 339
505 340
504 340
503 341
502 341
501 342
500 342
499 342
498 342
497 343
496 343
495 343
494 343
493 343
492 343
491 343
490 344
490 345
489 346
489 347
489 348
489 349
489 350
489 351
489 352
489 353
489 354
489 355
489 356
489 357
489 358
489 359
489 360
489 361
489 362
489 363
489 364
489 365
489 366
489 367
489 368
489 369
489 370
489 371
489 372
489 373
489 374
489 375
489 376
489 377
489 378
489 379
489 380
489 381
489 382
489 383
489 384
489 385
489 386
489 387
489 388
489 389
489 390
489 391
489 392
489 393
489 394
489 395
489 396
489 397
489 398
489 399
489 400
489 401
489 402
489 403
489 404
489 405
489 406
489 407
489 408
489 409
489 410
489 411
489 412
489 413
489 414
489 415
489 416
489 417
489 418
489 419
489 420
489 421
489 422
489 423
489 424
489 425
489 426
489 427
489 428
489 429
489 430
489 431
489 432
489 433
489 434
489 435
489 436
489 437
489 438
489 439
489 440
489 441
489 442
489 443
489 444
489 445
489 446
489 447
490 448
490 449
491 450
492 450
493 450
494 450
495 451
496 451
497 451
498 451
499 451
500 451
501 452
502 452
503 453
504 453
505 454
506 454
507 455
508 455
509 456
510 456
511 457
512 457
513 458
514 458
515 459
516 459
517 460
518 460
519 461
520 461
521 462
522 462
523 463
524 463
525 464
526 464
527 465
528 465
529 466
530 466
531 467
532 467
533 467
534 468
535 468
536 469
537 469
538 470
539 470
540 470
541 471
542 471
543 471
544 472
545 472
546 472
547 473
548 473
549 473
550 473
551 473
552 474
553 474
554 474
555 474
556 474
557 474
558 474
559 475
560 475
561 475
562 475
563 475
564 475
565 475
566 475
567 474
568 474
569 474
570 474
571 474
572 474
573 473
574 473
575 473
576 473
577 472
578 472
579 472
580 471
581 471
582 470
583 470
584 470
585 469
586 469
587 468
588 468
589 467
590 467
591 466
592 466
593 465
594 464
595 464
596 463
597 463
598 462
599 461
600 461
601 460
602 459
603 458
604 458
605 457
606 456
607 455
608 455
609 454
610 453
611 452
612 451
613 450
614 449
615 448
616 447
617 446
618 445
619 444
620 443
621 442
621 441
622 440
623 439
624 438
625 437
625 436
626 435
627 434
627 433
628 432
629 431
629 430
630 429
630 428
631 427
632 426
632 425
633 424
633 423
634 422
634 421
634 420
635 419
635 418
636 417
636 416
636 415
637 414
637 413
637 412
638 411
638 410
638 409
638 408
638 407
639 406
639 405
639 404
639 403
639 402
639 401
639 400
639 399
640 398
640 397
640 396
640 395
639 394
639 393
639 392
639 391
639 390
639 389
639 388
639 387
638 386
638 385
638 384
638 383
637 382
637 381
637 380
637 379
636 378
636 377
635 376
635 375
635 374
634 373
634 372
633 371
633 370
632 369
632 368
631 367
631 366
630 365
630 364
629 363
628 362
628 361
627 360
627 359
626 358
625 357
624 356
624 355
623 354
622 353
621 352
620 351
620 350
619 349
618 348
617 347
616 346
615 345
614 344
613 343
612 342
611 341
610 340
609 340
608 339
607 338
606 337
605 336
604 335
603 335
602 334
601 333
600 333
599 332
598 331
597 331
596 330
595 329
594 329
593 328
592 328
591 327
590 327
589 326
588 326
587 325
586 325
585 324
584 324
583 323
582 323
581 322
580 322
579 322
578 321
577 321
576 321
575 320
574 320
573 320
572 320
571 319
570 319
569 319
568 319
567 319
566 319
565 319
564 319
563 319
562 319
561 319
560 319
559 319
558 319
557 319
556 319
555 319
554 319
553 319
