533 329
532 330
531 330
530 330
529 330
528 330
527 330
526 330
525 330
524 331
523 331
522 331
521 331
520 331
519 332
518 332
517 332
516 332
515 332
514 333
513 333
512 333
511 333
510 334
509 334
508 334
507 335
506 335
505 335
504 336
503 336
502 336
501 337
500 337
499 337
498 338
497 338
496 338
495 339
494 339
493 339
492 340
491 340
490 340
489 341
488 341
487 341
486 342
485 342
484 343
483 343
482 343
481 344
480 344
479 344
478 345
477 345
476 345
475 346
474 346
473 346
472 347
471 347
470 347
469 348
468 348
467 348
466 348
465 348
464 348
463 348
462 349
461 349
460 349
459 349
458 349
457 349
456 350
455 351
455 352
455 353
455 354
455 355
455 356
455 357
455 358
455 359
455 360
455 361
455 362
455 363
455 364
455 365
455 366
455 367
455 368
455 369
455 370
455 371
455 372
455 373
455 374
455 375
455 376
455 377
455 378
455 379
455 380
455 381
455 382
455 383
455 384
455 385
455 386
455 387
455 388
455 389
455 390
455 391
455 392
455 393
455 394
455 395
455 396
455 397
455 398
455 399
455 400
455 401
455 402
455 403
455 404
455 405
455 406
455 407
455 408
455 409
455 410
455 411
455 412
455 413
455 414
455 415
455 416
455 417
455 418
455 419
455 420
455 421
455 422
455 423
455 424
455 425
455 426
455 427
455 428
455 429
455 430
455 431
455 432
455 433
455 434
455 435
455 436
455 437
455 438
455 439
455 440
455 441
455 442
455 443
455 444
455 445
455 446
455 447
455 448
455 449
455 450
455 451
455 452
455 453
455 454
455 455
455 456
456 457
457 458
458 458
459 458
460 458
461 458
462 458
463 459
464 459
465 459
466 459
467 459
468 459
469 459
470 460
471 460
472 460
473 461
474 461
475 461
476 462
477 462
478 462
479 463
480 463
481 463
482 464
483 464
484 464
485 465
486 465
487 466
488 466
489 466
490 467
491 467
492 467
493 468
494 468
495 468
496 469
497 469
498 469
499 470
500 470
501 470
502 471
503 471
504 471
505 472
506 472
507 472
508 473
509 473
510 473
511 474
512 474
513 474
514 474
515 475
516 475
517 475
518 475
519 475
520 476
521 476
522 476
523 476
524 476
525 477
526 477
527 477
528 477
529 477
530 477
531 477
532 477
533 478
534 478
535 478
536 478
537 478
538 478
539 478
540 478
541 478
542 478
543 478
544 478
545 478
546 478
547 478
548 477
549 477
550 477
551 477
552 477
553 477
554 477
555 476
556 476
557 476
558 476
559 475
560 475
561 475
562 475
563 474
564 474
565 474
566 473
567 473
568 472
569 472
570 472
571 471
572 471
573 470
574 470
575 469
576 469
577 468
578 467
579 467
580 466
581 465
582 465
583 464
584 463
585 462
586 462
587 461
588 460
589 459
590 458
591 457
592 456
593 455
594 454
595 453
596 452
597 451
597 450
598 449
599 448
600 447
600 446
601 445
602 444
602 443
603 442
603 441
604 440
605 439
605 438
606 437
606 436
607 435
607 434
608 433
608 432
609 431
609 430
609 429
610 428
610 427
611 426
611 425
611 424
612 423
612 422
612 421
613 420
613 419
613 418
613 417
614 416
614 415
614 414
614 413
614 412
614 411
615 410
615 409
615 408
615 407
615 406
615 405
615 404
615 403
615 402
615 401
615 400
615 399
615 398
615 397
614 396
614 395
614 394
614 393
614 392
614 391
613 390
613 389
613 388
613 387
612 386
612 385
612 384
611 383
611 382
611 381
610 380
610 379
609 378
609 377
609 376
608 375
608 374
607 373
607 372
606 371
606 370
605 369
605 368
604 367
603 366
603 365
602 364
602 363
601 362
600 361
600 360
599 359
598 358
597 357
597 356
596 355
595 354
594 353
593 352
592 351
591 350
590 349
589 348
588 347
587 346
586 345
585 345
584 344
583 343
582 342
581 342
580 341
579 340
578 340
577 339
576 338
575 338
574 337
573 337
572 336
571 336
570 335
569 335
568 335
567 334
566 334
565 333
564 333
563 333
562 332
561 332
560 332
559 332
558 331
557 331
556 331
555 331
554 330
553 330
552 330
551 330
550 330
549 330
548 330
547 329
546 329
545 329
544 329
543 329
542 329
541 329
540 329
539 329
538 329
537 329
536 329
535 329
534 329
533 329
