576 340
575 341
574 341
573 341
572 341
571 342
570 342
569 342
568 343
567 343
566 343
565 344
564 344
563 344
562 345
561 345
560 346
559 346
558 346
557 347
556 347
555 348
554 348
553 349
552 349
551 349
550 350
549 350
548 351
547 351
546 352
545 352
544 353
543 354
542 354
541 355
540 355
539 356
538 356
537 357
536 358
535 358
534 359
533 359
532 360
531 361
530 361
529 362
528 363
527 364
526 364
525 365
524 366
523 367
522 366
521 366
520 366
519 366
518 366
517 365
516 365
515 365
514 365
513 365
512 365
511 365
510 365
509 365
508 365
507 366
507 367
507 368
507 369
507 370
507 371
507 372
507 373
507 374
507 375
507 376
507 377
507 378
507 379
507 380
507 381
507 382
507 383
507 384
507 385
507 386
507 387
507 388
507 389
507 390
507 391
507 392
507 393
507 394
507 395
507 396
507 397
507 398
507 399
507 400
507 401
507 402
507 403
507 404
507 405
507 406
507 407
507 408
507 409
507 410
507 411
507 412
507 413
507 414
507 415
507 416
507 417
507 418
507 419
507 420
507 421
507 422
507 423
507 424
507 425
507 426
507 427
507 428
507 429
507 430
507 431
507 432
507 433
508 433
509 434
510 434
511 434
512 434
513 434
514 434
515 434
516 434
517 434
518 433
519 433
520 433
521 433
522 432
523 432
524 433
525 434
526 435
527 435
528 436
529 437
530 437
531 438
532 439
533 439
534 440
535 441
536 441
537 442
538 443
539 443
540 444
541 444
542 445
543 445
544 446
545 446
546 447
547 447
548 448
549 448
550 449
551 449
552 450
553 450
554 451
555 451
556 452
557 452
558 453
559 453
560 453
561 454
562 454
563 455
564 455
565 455
566 456
567 456
568 456
569 457
570 457
571 457
572 457
573 458
574 458
575 458
576 459
577 459
578 459
579 459
580 459
581 459
582 459
583 459
584 459
585 459
586 459
587 459
588 459
589 459
590 459
591 459
592 458
593 458
594 458
595 458
596 457
597 457
598 457
599 457
600 456
601 456
602 455
603 455
604 454
605 454
606 453
607 452
608 452
609 451
610 450
611 450
612 449
613 448
614 447
615 446
616 445
617 444
617 443
618 442
619 441
619 440
620 439
621 438
621 437
622 436
623 435
623 434
624 433
624 432
625 431
625 430
625 429
626 428
626 427
627 426
627 425
627 424
628 423
628 422
628 421
629 420
629 419
629 418
629 417
630 416
630 415
630 414
630 413
631 412
631 411
631 410
631 409
631 408
631 407
631 406
632 405
632 404
632 403
632 402
632 401
632 400
632 399
632 398
632 397
632 396
632 395
632 394
631 393
631 392
631 391
631 390
631 389
631 388
631 387
630 386
630 385
630 384
630 383
629 382
629 381
629 380
629 379
628 378
628 377
628 376
627 375
627 374
627 373
626 372
626 371
625 370
625 369
625 368
624 367
624 366
623 365
623 364
622 363
621 362
621 361
620 360
619 359
619 358
618 357
617 356
617 355
616 354
615 353
614 352
613 351
612 350
611 349
610 349
609 348
608 347
607 346
606 346
605 345
604 345
603 344
602 344
601 343
600 343
599 342
598 342
597 342
596 341
595 341
594 341
593 341
592 340
591 340
590 340
589 340
588 340
587 340
586 340
585 340
584 340
583 340
582 340
581 340
580 340
579 340
578 340
577 340
576 340
