554 222
553 223
552 223
551 223
550 223
549 223
548 223
547 223
546 223
545 223
544 223
543 223
542 223
541 223
540 223
539 223
538 224
537 224
536 224
535 224
534 224
533 224
532 224
531 225
530 225
529 225
528 225
527 225
526 225
525 226
524 226
523 226
522 226
521 226
520 227
519 227
518 227
517 227
516 227
515 228
514 228
513 228
512 228
511 229
510 229
509 229
508 229
507 230
506 230
505 230
504 231
503 231
502 231
501 231
500 232
499 232
498 232
497 233
496 233
495 233
494 234
493 234
492 234
491 234
490 235
489 235
488 235
487 236
486 236
485 237
484 237
483 237
482 238
481 238
480 238
479 239
478 239
477 239
476 240
475 240
474 241
473 241
472 241
471 242
470 242
469 243
468 243
467 243
466 244
465 244
464 245
463 245
462 246
461 246
460 246
459 247
458 247
457 248
456 248
455 249
454 249
453 250
452 250
451 250
450 251
449 251
448 252
447 252
446 253
445 253
444 254
443 254
442 255
441 255
440 256
439 256
438 257
437 257
436 258
435 258
434 259
433 259
432 260
431 260
430 261
429 261
428 262
427 262
426 263
425 263
424 264
423 264
422 265
421 265
420 266
419 266
418 267
417 268
416 268
415 269
414 269
413 270
412 270
411 271
410 271
409 272
408 273
407 273
406 274
405 274
404 275
403 275
402 276
401 277
400 277
399 278
398 278
397 279
396 279
395 280
394 281
393 281
392 282
391 282
390 283
389 284
388 284
387 285
386 285
385 286
384 287
383 287
382 288
381 288
380 289
379 290
378 290
377 291
376 292
375 292
374 293
373 293
372 293
371 293
370 293
369 293
368 293
367 293
366 292
365 291
364 290
363 290
362 289
361 288
360 287
359 286
358 286
357 285
356 285
355 285
354 285
353 286
352 287
351 288
350 289
349 290
348 290
347 291
346 291
345 291
344 291
343 292
342 292
341 292
340 293
339 294
338 295
338 296
338 297
338 298
338 299
338 300
338 301
338 302
338 303
338 304
338 305
338 306
338 307
338 308
338 309
338 310
338 311
338 312
338 313
338 314
338 315
338 316
338 317
338 318
338 319
338 320
338 321
338 322
338 323
338 324
338 325
338 326
338 327
338 328
338 329
338 330
338 331
338 332
338 333
338 334
338 335
338 336
338 337
338 338
338 339
338 340
338 341
338 342
338 343
338 344
338 345
338 346
338 347
338 348
338 349
338 350
338 351
338 352
338 353
338 354
338 355
338 356
338 357
338 358
338 359
338 360
338 361
338 362
338 363
338 364
338 365
338 366
338 367
338 368
338 369
338 370
338 371
338 372
338 373
338 374
338 375
338 376
338 377
338 378
338 379
338 380
338 381
338 382
338 383
338 384
338 385
338 386
338 387
338 388
338 389
338 390
338 391
338 392
338 393
338 394
338 395
338 396
338 397
338 398
338 399
338 400
338 401
338 402
338 403
338 404
338 405
338 406
338 407
338 408
338 409
338 410
338 411
338 412
338 413
338 414
338 415
338 416
338 417
338 418
338 419
338 420
338 421
338 422
338 423
338 424
338 425
338 426
338 427
338 428
338 429
338 430
338 431
338 432
338 433
338 434
338 435
338 436
338 437
338 438
338 439
338 440
338 441
338 442
338 443
338 444
338 445
338 446
338 447
338 448
338 449
338 450
338 451
338 452
338 453
338 454
338 455
338 456
338 457
338 458
338 459
338 460
338 461
338 462
338 463
338 464
338 465
338 466
338 467
338 468
338 469
338 470
338 471
338 472
338 473
338 474
338 475
338 476
338 477
338 478
338 479
338 480
338 481
338 482
338 483
338 484
338 485
338 486
338 487
338 488
338 489
338 490
338 491
338 492
338 493
338 494
338 495
338 496
338 497
338 498
338 499
338 500
338 501
338 502
338 503
338 504
338 505
338 506
338 507
338 508
338 509
338 510
338 511
338 512
338 513
338 514
338 515
338 516
338 517
338 518
338 519
338 520
338 521
338 522
338 523
338 524
338 525
338 526
338 527
338 528
338 529
338 530
338 531
338 532
338 533
338 534
338 535
338 536
338 537
338 538
338 539
338 540
338 541
338 542
338 543
339 544
339 545
340 546
341 546
342 547
343 547
344 547
345 547
346 548
347 548
348 548
349 549
350 550
351 551
352 551
353 552
354 553
355 554
356 554
357 553
358 553
359 552
360 551
361 550
362 550
363 549
364 548
365 547
366 546
367 546
368 545
369 545
370 545
371 545
372 545
373 546
374 546
375 546
376 547
377 548
378 548
379 549
380 549
381 550
382 551
383 551
384 552
385 552
386 553
387 554
388 554
389 555
390 555
391 556
392 557
393 557
394 558
395 558
396 559
397 560
398 560
399 561
400 561
401 562
402 562
403 563
404 564
405 564
406 565
407 565
408 566
409 566
410 567
411 568
412 568
413 569
414 569
415 570
416 570
417 571
418 571
419 572
420 572
421 573
422 574
423 574
424 575
425 575
426 576
427 576
428 577
429 577
430 578
431 578
432 579
433 579
434 580
435 580
436 581
437 581
438 582
439 582
440 583
441 583
442 584
443 584
444 585
445 585
446 586
447 586
448 587
449 587
450 588
451 588
452 588
453 589
454 589
455 590
456 590
457 591
458 591
459 592
460 592
461 592
462 593
463 593
464 594
465 594
466 595
467 595
468 595
469 596
470 596
471 597
472 597
473 597
474 598
475 598
476 599
477 599
478 599
479 600
480 600
481 600
482 601
483 601
484 602
485 602
486 602
487 603
488 603
489 603
490 604
491 604
492 604
493 605
494 605
495 605
496 606
497 606
498 606
499 607
500 607
501 607
502 607
503 608
504 608
505 608
506 608
507 609
508 609
509 609
510 610
511 610
512 610
513 610
514 611
515 611
516 611
517 611
518 612
519 612
520 612
521 612
522 612
523 613
524 613
525 613
526 613
527 613
528 613
529 614
530 614
531 614
532 614
533 614
534 614
535 615
536 615
537 615
538 615
539 615
540 615
541 615
542 615
543 615
544 615
545 616
546 616
547 616
548 616
549 616
550 616
551 616
552 616
553 616
554 616
555 616
556 616
557 616
558 616
559 616
560 616
561 616
562 616
563 616
564 616
565 616
566 616
567 616
568 616
569 615
570 615
571 615
572 615
573 615
574 615
575 615
576 615
577 615
578 615
579 615
580 614
581 614
582 614
583 614
584 614
585 614
586 614
587 613
588 613
589 613
590 613
591 613
592 613
593 612
594 612
595 612
596 612
597 612
598 611
599 611
600 611
601 611
602 611
603 610
604 610
605 610
606 610
607 609
608 609
609 609
610 608
611 608
612 608
613 608
614 607
615 607
616 607
617 606
618 606
619 606
620 605
621 605
622 605
623 604
624 604
625 604
626 603
627 603
628 603
629 602
630 602
631 601
632 601
633 601
634 600
635 600
636 599
637 599
638 599
639 598
640 598
641 597
642 597
643 596
644 596
645 595
646 595
647 594
648 594
649 593
650 593
651 592
652 592
653 591
654 591
655 590
656 590
657 589
658 589
659 588
660 587
661 587
662 586
663 586
664 585
665 584
666 584
667 583
668 582
669 582
670 581
671 580
672 580
673 579
674 578
675 578
676 577
677 576
678 575
679 575
680 574
681 573
682 572
683 572
684 571
685 570
686 569
687 568
688 568
689 567
690 566
691 565
692 564
693 563
694 562
695 561
696 561
697 560
698 559
699 558
700 557
701 556
702 555
703 554
704 553
705 552
706 551
706 550
707 549
708 548
709 547
710 546
711 545
712 544
713 543
713 542
714 541
715 540
716 539
717 538
717 537
718 536
719 535
720 534
720 533
721 532
722 531
723 530
723 529
724 528
725 527
725 526
726 525
727 524
727 523
728 522
729 521
729 520
730 519
730 518
731 517
732 516
732 515
733 514
733 513
734 512
734 511
735 510
735 509
736 508
736 507
737 506
738 505
738 504
738 503
739 502
739 501
740 500
740 499
741 498
741 497
742 496
742 495
743 494
743 493
743 492
744 491
744 490
745 489
745 488
745 487
746 486
746 485
747 484
747 483
747 482
748 481
748 480
748 479
749 478
749 477
749 476
749 475
750 474
750 473
750 472
751 471
751 470
751 469
751 468
752 467
752 466
752 465
752 464
753 463
753 462
753 461
753 460
754 459
754 458
754 457
754 456
754 455
755 454
755 453
755 452
755 451
755 450
756 449
756 448
756 447
756 446
756 445
756 444
756 443
756 442
757 441
757 440
757 439
757 438
757 437
757 436
757 435
757 434
757 433
757 432
757 431
758 430
758 429
758 428
758 427
758 426
758 425
758 424
758 423
758 422
758 421
758 420
758 419
758 418
758 417
758 416
758 415
758 414
758 413
758 412
758 411
758 410
758 409
758 408
757 407
757 406
757 405
757 404
757 403
757 402
757 401
757 400
757 399
757 398
757 397
756 396
756 395
756 394
756 393
756 392
756 391
756 390
755 389
755 388
755 387
755 386
755 385
755 384
754 383
754 382
754 381
754 380
754 379
753 378
753 377
753 376
753 375
752 374
752 373
752 372
752 371
751 370
751 369
751 368
750 367
750 366
750 365
750 364
749 363
749 362
749 361
748 360
748 359
748 358
747 357
747 356
747 355
746 354
746 353
746 352
745 351
745 350
744 349
744 348
744 347
743 346
743 345
742 344
742 343
742 342
741 341
741 340
740 339
740 338
739 337
739 336
738 335
738 334
737 333
737 332
736 331
736 330
735 329
735 328
734 327
734 326
733 325
732 324
732 323
731 322
731 321
730 320
729 319
729 318
728 317
728 316
727 315
726 314
726 313
725 312
724 311
724 310
723 309
722 308
721 307
721 306
720 305
719 304
719 303
718 302
717 301
716 300
715 299
715 298
714 297
713 296
712 295
711 294
711 293
710 292
709 291
708 290
707 289
706 288
705 287
704 286
703 285
702 284
701 283
700 282
699 281
698 280
697 279
696 278
695 277
694 276
693 275
692 274
691 273
690 273
689 272
688 271
687 270
686 269
685 268
684 268
683 267
682 266
681 265
680 264
679 264
678 263
677 262
676 261
675 261
674 260
673 259
672 259
671 258
670 257
669 257
668 256
667 255
666 255
665 254
664 253
663 253
662 252
661 252
660 251
659 250
658 250
657 249
656 249
655 248
654 248
653 247
652 247
651 246
650 246
649 245
648 245
647 244
646 244
645 243
644 243
643 242
642 242
641 241
640 241
639 240
638 240
637 239
636 239
635 239
634 238
633 238
632 237
631 237
630 237
629 236
628 236
627 235
626 235
625 235
624 234
623 234
622 234
621 233
620 233
619 233
618 232
617 232
616 232
615 231
614 231
613 231
612 231
611 230
610 230
609 230
608 229
607 229
606 229
605 229
604 228
603 228
602 228
601 228
600 227
599 227
598 227
597 227
596 227
595 226
594 226
593 226
592 226
591 226
590 226
589 225
588 225
587 225
586 225
585 225
584 225
583 224
582 224
581 224
580 224
579 224
578 224
577 224
576 224
575 223
574 223
573 223
572 223
571 223
570 223
569 223
568 223
567 223
566 223
565 223
564 223
563 223
562 223
561 223
560 223
559 223
558 223
557 222
556 222
555 222
554 222
