494 201
493 202
492 202
491 202
490 202
489 202
488 202
487 202
486 202
485 202
484 202
483 202
482 202
481 202
480 202
479 202
478 202
477 202
476 203
475 203
474 203
473 203
472 203
471 203
470 203
469 203
468 203
467 203
466 204
465 204
464 204
463 204
462 204
461 204
460 204
459 204
458 204
457 205
456 205
455 205
454 205
453 205
452 205
451 206
450 206
449 206
448 206
447 206
446 206
445 206
444 207
443 207
442 207
441 207
440 207
439 208
438 208
437 208
436 208
435 208
434 209
433 209
432 209
431 209
430 209
429 210
428 210
427 210
426 210
425 211
424 211
423 211
422 212
421 212
420 212
419 213
418 213
417 213
416 214
415 214
414 214
413 215
412 215
411 216
410 216
409 216
408 217
407 217
406 218
405 218
404 218
403 219
402 219
401 220
400 220
399 221
398 221
397 222
396 222
395 222
394 223
393 223
392 224
391 224
390 225
389 225
388 226
387 226
386 227
385 227
384 228
383 229
382 229
381 230
380 230
379 231
378 231
377 232
376 232
375 233
374 234
373 234
372 235
371 235
370 236
369 237
368 237
367 238
366 239
365 239
364 240
363 240
362 241
361 242
360 242
359 243
358 244
357 245
356 245
355 246
354 247
353 247
352 248
351 249
350 250
349 250
348 251
347 252
346 252
345 253
344 253
343 254
342 254
341 255
340 255
339 255
338 256
337 256
336 257
335 257
334 257
333 257
332 256
332 255
332 254
331 253
331 252
330 251
329 250
328 250
327 250
326 251
325 251
324 252
323 252
322 253
321 254
320 254
319 255
319 256
318 257
318 258
318 259
318 260
318 261
318 262
318 263
318 264
318 265
318 266
318 267
318 268
318 269
318 270
318 271
318 272
318 273
318 274
318 275
318 276
318 277
318 278
318 279
318 280
318 281
318 282
318 283
318 284
318 285
318 286
318 287
318 288
318 289
318 290
318 291
318 292
318 293
318 294
318 295
318 296
318 297
318 298
318 299
318 300
318 301
318 302
318 303
318 304
318 305
318 306
318 307
318 308
318 309
318 310
318 311
318 312
318 313
318 314
318 315
318 316
318 317
318 318
318 319
318 320
318 321
318 322
318 323
318 324
318 325
318 326
318 327
318 328
318 329
318 330
318 331
318 332
318 333
318 334
318 335
318 336
318 337
318 338
318 339
318 340
318 341
318 342
318 343
318 344
318 345
318 346
318 347
318 348
318 349
318 350
318 351
318 352
318 353
318 354
318 355
318 356
318 357
318 358
318 359
318 360
318 361
318 362
318 363
318 364
318 365
318 366
318 367
318 368
318 369
318 370
318 371
318 372
318 373
318 374
318 375
318 376
318 377
318 378
318 379
318 380
318 381
318 382
318 383
318 384
318 385
318 386
318 387
318 388
318 389
318 390
318 391
318 392
318 393
318 394
318 395
318 396
318 397
318 398
318 399
318 400
318 401
318 402
318 403
318 404
318 405
318 406
318 407
318 408
318 409
318 410
317 411
317 412
317 413
317 414
318 415
318 416
318 417
318 418
318 419
318 420
318 421
318 422
318 423
318 424
318 425
318 426
318 427
318 428
318 429
318 430
318 431
318 432
318 433
318 434
318 435
318 436
318 437
318 438
318 439
318 440
318 441
318 442
318 443
318 444
318 445
318 446
318 447
318 448
318 449
318 450
318 451
318 452
318 453
318 454
318 455
318 456
318 457
318 458
318 459
318 460
318 461
318 462
318 463
318 464
318 465
318 466
318 467
318 468
318 469
318 470
318 471
318 472
318 473
318 474
318 475
318 476
318 477
318 478
318 479
318 480
318 481
318 482
318 483
318 484
318 485
318 486
318 487
318 488
318 489
318 490
318 491
318 492
318 493
318 494
318 495
318 496
318 497
318 498
318 499
318 500
318 501
318 502
318 503
318 504
318 505
318 506
318 507
318 508
318 509
318 510
318 511
318 512
318 513
318 514
318 515
318 516
318 517
318 518
318 519
318 520
318 521
318 522
318 523
318 524
318 525
318 526
318 527
318 528
318 529
318 530
318 531
318 532
318 533
318 534
318 535
318 536
318 537
318 538
318 539
318 540
318 541
318 542
318 543
318 544
318 545
318 546
318 547
318 548
318 549
318 550
318 551
318 552
318 553
318 554
318 555
318 556
318 557
318 558
318 559
318 560
318 561
318 562
318 563
318 564
318 565
318 566
318 567
318 568
318 569
319 570
320 571
321 572
322 572
323 573
324 574
325 574
326 575
327 575
328 575
329 575
330 574
331 573
331 572
332 571
332 570
333 569
334 568
335 568
336 569
337 569
338 569
339 570
340 570
341 571
342 571
343 571
344 572
345 572
346 573
347 573
348 574
349 575
350 576
351 576
352 577
353 578
354 579
355 579
356 580
357 581
358 581
359 582
360 583
361 583
362 584
363 585
364 585
365 586
366 587
367 587
368 588
369 589
370 589
371 590
372 590
373 591
374 592
375 592
376 593
377 593
378 594
379 595
380 595
381 596
382 596
383 597
384 597
385 598
386 598
387 599
388 599
389 600
390 600
391 601
392 601
393 602
394 602
395 603
396 603
397 604
398 604
399 605
400 605
401 605
402 606
403 606
404 607
405 607
406 608
407 608
408 609
409 609
410 609
411 610
412 610
413 610
414 611
415 611
416 612
417 612
418 612
419 613
420 613
421 613
422 614
423 614
424 614
425 615
426 615
427 615
428 615
429 616
430 616
431 616
432 616
433 617
434 617
435 617
436 617
437 617
438 618
439 618
440 618
441 618
442 618
443 618
444 619
445 619
446 619
447 619
448 619
449 619
450 620
451 620
452 620
453 620
454 620
455 620
456 620
457 621
458 621
459 621
460 621
461 621
462 621
463 621
464 621
465 622
466 622
467 622
468 622
469 622
470 622
471 622
472 622
473 622
474 623
475 623
476 623
477 623
478 623
479 623
480 623
481 623
482 623
483 623
484 623
485 623
486 623
487 623
488 624
489 624
490 624
491 624
492 624
493 624
494 624
495 624
496 624
497 624
498 624
499 624
500 624
501 624
502 624
503 624
504 624
505 624
506 624
507 624
508 624
509 624
510 624
511 624
512 624
513 624
514 624
515 624
516 624
517 624
518 624
519 624
520 624
521 624
522 624
523 624
524 624
525 624
526 624
527 623
528 623
529 623
530 623
531 623
532 623
533 623
534 623
535 623
536 623
537 623
538 623
539 623
540 623
541 622
542 622
543 622
544 622
545 622
546 622
547 622
548 622
549 622
550 622
551 621
552 621
553 621
554 621
555 621
556 621
557 621
558 621
559 620
560 620
561 620
562 620
563 620
564 620
565 620
566 619
567 619
568 619
569 619
570 619
571 618
572 618
573 618
574 618
575 618
576 618
577 617
578 617
579 617
580 617
581 617
582 616
583 616
584 616
585 616
586 616
587 615
588 615
589 615
590 615
591 614
592 614
593 614
594 614
595 613
596 613
597 613
598 613
599 612
600 612
601 612
602 612
603 611
604 611
605 611
606 611
607 610
608 610
609 610
610 609
611 609
612 609
613 609
614 608
615 608
616 608
617 607
618 607
619 607
620 606
621 606
622 606
623 605
624 605
625 605
626 604
627 604
628 604
629 603
630 603
631 602
632 602
633 602
634 601
635 601
636 601
637 600
638 600
639 599
640 599
641 599
642 598
643 598
644 597
645 597
646 596
647 596
648 596
649 595
650 595
651 594
652 594
653 593
654 593
655 592
656 592
657 592
658 591
659 591
660 590
661 590
662 589
663 589
664 588
665 588
666 587
667 587
668 586
669 586
670 585
671 584
672 584
673 583
674 583
675 582
676 582
677 581
678 581
679 580
680 579
681 579
682 578
683 578
684 577
685 576
686 576
687 575
688 575
689 574
690 573
691 573
692 572
693 571
694 571
695 570
696 569
697 569
698 568
699 567
700 567
701 566
702 565
703 564
704 564
705 563
706 562
707 561
708 561
709 560
710 559
711 558
712 557
713 557
714 556
715 555
716 554
717 553
718 553
719 552
720 551
721 550
722 549
723 548
724 547
725 546
726 545
727 545
728 544
729 543
730 542
731 541
732 540
733 539
734 538
735 537
736 536
737 535
737 534
738 533
739 532
740 531
741 530
742 529
743 528
744 527
745 526
745 525
746 524
747 523
748 522
749 521
750 520
750 519
751 518
752 517
753 516
753 515
754 514
755 513
755 512
756 511
757 510
758 509
758 508
759 507
760 506
760 505
761 504
761 503
762 502
763 501
763 500
764 499
765 498
765 497
766 496
766 495
767 494
767 493
768 492
768 491
769 490
769 489
770 488
770 487
771 486
771 485
772 484
772 483
773 482
773 481
774 480
774 479
775 478
775 477
775 476
776 475
776 474
777 473
777 472
777 471
778 470
778 469
779 468
779 467
779 466
780 465
780 464
780 463
781 462
781 461
781 460
782 459
782 458
782 457
782 456
783 455
783 454
783 453
783 452
784 451
784 450
784 449
784 448
785 447
785 446
785 445
785 444
785 443
786 442
786 441
786 440
786 439
786 438
786 437
787 436
787 435
787 434
787 433
787 432
787 431
787 430
787 429
788 428
788 427
788 426
788 425
788 424
788 423
788 422
788 421
788 420
788 419
788 418
788 417
788 416
788 415
788 414
788 413
788 412
788 411
788 410
788 409
788 408
788 407
788 406
788 405
788 404
788 403
788 402
788 401
788 400
788 399
788 398
788 397
787 396
787 395
787 394
787 393
787 392
787 391
787 390
787 389
786 388
786 387
786 386
786 385
786 384
786 383
785 382
785 381
785 380
785 379
785 378
784 377
784 376
784 375
784 374
783 373
783 372
783 371
783 370
782 369
782 368
782 367
781 366
781 365
781 364
781 363
780 362
780 361
780 360
779 359
779 358
778 357
778 356
778 355
777 354
777 353
777 352
776 351
776 350
775 349
775 348
774 347
774 346
774 345
773 344
773 343
772 342
772 341
771 340
771 339
770 338
770 337
769 336
769 335
768 334
768 333
767 332
767 331
766 330
766 329
765 328
764 327
764 326
763 325
763 324
762 323
761 322
761 321
760 320
759 319
759 318
758 317
757 316
757 315
756 314
755 313
755 312
754 311
753 310
752 309
752 308
751 307
750 306
749 305
748 304
748 303
747 302
746 301
745 300
744 299
743 298
743 297
742 296
741 295
740 294
739 293
738 292
737 291
736 290
735 289
734 288
733 287
732 286
731 285
730 284
729 283
728 282
727 281
726 280
725 279
724 278
723 277
722 276
721 275
720 274
719 274
718 273
717 272
716 271
715 270
714 269
713 269
712 268
711 267
710 266
709 265
708 265
707 264
706 263
705 262
704 262
703 261
702 260
701 259
700 259
699 258
698 257
697 257
696 256
695 255
694 255
693 254
692 253
691 253
690 252
689 251
688 251
687 250
686 249
685 249
684 248
683 248
682 247
681 246
680 246
679 245
678 245
677 244
676 244
675 243
674 242
673 242
672 241
671 241
670 240
669 240
668 239
667 239
666 238
665 238
664 237
663 237
662 236
661 236
660 235
659 235
658 234
657 234
656 233
655 233
654 232
653 232
652 231
651 231
650 231
649 230
648 230
647 229
646 229
645 228
644 228
643 227
642 227
641 227
640 226
639 226
638 225
637 225
636 225
635 224
634 224
633 224
632 223
631 223
630 222
629 222
628 222
627 221
626 221
625 221
624 220
623 220
622 220
621 219
620 219
619 219
618 218
617 218
616 218
615 217
614 217
613 217
612 216
611 216
610 216
609 216
608 215
607 215
606 215
605 214
604 214
603 214
602 214
601 213
600 213
599 213
598 213
597 212
596 212
595 212
594 212
593 211
592 211
591 211
590 211
589 210
588 210
587 210
586 210
585 209
584 209
583 209
582 209
581 209
580 208
579 208
578 208
577 208
576 208
575 207
574 207
573 207
572 207
571 207
570 207
569 206
568 206
567 206
566 206
565 206
564 206
563 205
562 205
561 205
560 205
559 205
558 205
557 205
556 204
555 204
554 204
553 204
552 204
551 204
550 204
549 204
548 203
547 203
546 203
545 203
544 203
543 203
542 203
541 203
540 203
539 203
538 203
537 202
536 202
535 202
534 202
533 202
532 202
531 202
530 202
529 202
528 202
527 202
526 202
525 202
524 202
523 202
522 202
521 201
520 201
519 201
518 201
517 201
516 201
515 201
514 201
513 201
512 201
511 201
510 201
509 201
508 201
507 201
506 201
505 201
504 201
503 201
502 201
501 201
500 201
499 201
498 201
497 201
496 201
495 201
494 201
