501 184
500 185
499 185
498 185
497 185
496 185
495 185
494 185
493 185
492 185
491 185
490 186
489 186
488 186
487 186
486 186
485 186
484 186
483 186
482 187
481 187
480 187
479 187
478 187
477 187
476 187
475 188
474 188
473 188
472 188
471 188
470 189
469 189
468 189
467 189
466 189
465 190
464 190
463 190
462 190
461 190
460 191
459 191
458 191
457 191
456 192
455 192
454 192
453 192
452 193
451 193
450 193
449 193
448 194
447 194
446 194
445 194
444 195
443 195
442 195
441 196
440 196
439 196
438 196
437 197
436 197
435 197
434 198
433 198
432 198
431 199
430 199
429 199
428 200
427 200
426 200
425 201
424 201
423 202
422 202
421 202
420 203
419 203
418 203
417 204
416 204
415 205
414 205
413 205
412 206
411 206
410 207
409 207
408 207
407 208
406 208
405 209
404 209
403 210
402 210
401 210
400 211
399 211
398 212
397 212
396 213
395 213
394 214
393 214
392 215
391 215
390 216
389 216
388 217
387 217
386 218
385 218
384 219
383 219
382 220
381 220
380 221
379 221
378 222
377 222
376 223
375 223
374 224
373 225
372 225
371 226
370 226
369 227
368 227
367 228
366 228
365 228
364 229
363 229
362 229
361 228
360 228
359 227
358 226
357 225
356 224
356 223
355 222
355 221
354 220
353 219
352 218
351 218
350 218
349 218
348 218
347 219
346 220
345 221
345 222
344 223
344 224
343 225
342 225
341 225
340 226
339 226
338 226
337 227
336 228
335 229
334 230
333 231
332 232
332 233
331 234
330 235
330 236
330 237
330 238
330 239
330 240
330 241
330 242
330 243
330 244
330 245
330 246
330 247
330 248
330 249
330 250
330 251
330 252
330 253
330 254
330 255
330 256
330 257
330 258
330 259
330 260
330 261
330 262
330 263
330 264
330 265
330 266
330 267
330 268
330 269
330 270
330 271
330 272
330 273
330 274
330 275
330 276
330 277
330 278
330 279
330 280
330 281
330 282
330 283
330 284
330 285
330 286
330 287
330 288
330 289
330 290
330 291
330 292
330 293
330 294
330 295
330 296
330 297
330 298
330 299
330 300
330 301
330 302
330 303
330 304
330 305
330 306
330 307
330 308
330 309
330 310
330 311
330 312
330 313
330 314
330 315
330 316
330 317
330 318
330 319
330 320
330 321
330 322
330 323
330 324
330 325
330 326
330 327
330 328
330 329
330 330
330 331
330 332
330 333
330 334
330 335
330 336
330 337
330 338
330 339
330 340
330 341
330 342
330 343
330 344
330 345
330 346
330 347
330 348
330 349
330 350
330 351
330 352
330 353
330 354
330 355
330 356
330 357
330 358
330 359
330 360
330 361
330 362
330 363
330 364
330 365
330 366
330 367
330 368
330 369
330 370
330 371
330 372
330 373
330 374
330 375
330 376
330 377
330 378
330 379
330 380
330 381
330 382
330 383
330 384
330 385
330 386
330 387
330 388
330 389
330 390
330 391
330 392
330 393
330 394
330 395
330 396
330 397
330 398
330 399
330 400
330 401
330 402
330 403
330 404
330 405
330 406
330 407
330 408
330 409
330 410
330 411
330 412
330 413
330 414
330 415
330 416
330 417
330 418
330 419
330 420
330 421
330 422
330 423
330 424
330 425
330 426
330 427
330 428
330 429
330 430
330 431
330 432
330 433
330 434
330 435
330 436
330 437
330 438
330 439
330 440
330 441
330 442
330 443
330 444
330 445
330 446
330 447
330 448
330 449
330 450
330 451
330 452
330 453
330 454
330 455
330 456
330 457
330 458
330 459
330 460
330 461
330 462
330 463
330 464
330 465
330 466
330 467
330 468
330 469
330 470
330 471
330 472
330 473
330 474
330 475
330 476
330 477
330 478
330 479
330 480
330 481
330 482
330 483
330 484
330 485
330 486
330 487
330 488
330 489
330 490
330 491
330 492
330 493
330 494
330 495
330 496
330 497
330 498
330 499
330 500
330 501
330 502
330 503
330 504
330 505
330 506
330 507
330 508
330 509
330 510
330 511
330 512
330 513
330 514
330 515
330 516
330 517
330 518
330 519
330 520
330 521
330 522
330 523
330 524
330 525
330 526
330 527
330 528
330 529
330 530
330 531
330 532
330 533
330 534
330 535
330 536
330 537
330 538
330 539
330 540
330 541
330 542
330 543
330 544
330 545
330 546
330 547
330 548
330 549
330 550
330 551
330 552
330 553
330 554
330 555
330 556
330 557
330 558
330 559
330 560
330 561
330 562
330 563
330 564
330 565
330 566
330 567
330 568
330 569
330 570
330 571
330 572
330 573
330 574
330 575
331 576
332 577
332 578
333 579
334 580
335 581
336 582
337 583
338 584
339 584
340 584
341 585
342 585
343 585
344 586
345 587
345 588
346 589
346 590
347 591
348 592
349 592
350 592
351 592
352 592
353 591
354 590
355 589
355 588
356 587
356 586
357 585
358 584
359 583
360 582
361 582
362 581
363 581
364 581
365 582
366 582
367 582
368 583
369 583
370 584
371 584
372 585
373 585
374 586
375 586
376 587
377 588
378 588
379 589
380 589
381 590
382 590
383 591
384 591
385 592
386 592
387 593
388 593
389 594
390 594
391 595
392 595
393 596
394 596
395 597
396 597
397 598
398 598
399 598
400 599
401 599
402 600
403 600
404 601
405 601
406 602
407 602
408 602
409 603
410 603
411 604
412 604
413 605
414 605
415 605
416 606
417 606
418 606
419 607
420 607
421 608
422 608
423 608
424 609
425 609
426 609
427 610
428 610
429 610
430 611
431 611
432 611
433 612
434 612
435 612
436 613
437 613
438 613
439 614
440 614
441 614
442 615
443 615
444 615
445 615
446 616
447 616
448 616
449 617
450 617
451 617
452 617
453 618
454 618
455 618
456 618
457 619
458 619
459 619
460 619
461 619
462 620
463 620
464 620
465 620
466 621
467 621
468 621
469 621
470 621
471 622
472 622
473 622
474 622
475 622
476 622
477 623
478 623
479 623
480 623
481 623
482 623
483 623
484 624
485 624
486 624
487 624
488 624
489 624
490 624
491 624
492 625
493 625
494 625
495 625
496 625
497 625
498 625
499 625
500 625
501 625
502 625
503 626
504 626
505 626
506 626
507 626
508 626
509 626
510 626
511 626
512 626
513 626
514 626
515 626
516 626
517 626
518 626
519 626
520 626
521 626
522 626
523 626
524 626
525 626
526 626
527 626
528 626
529 626
530 626
531 626
532 626
533 626
534 626
535 626
536 626
537 626
538 626
539 625
540 625
541 625
542 625
543 625
544 625
545 625
546 625
547 625
548 625
549 625
550 625
551 624
552 624
553 624
554 624
555 624
556 624
557 624
558 624
559 623
560 623
561 623
562 623
563 623
564 623
565 623
566 622
567 622
568 622
569 622
570 622
571 622
572 621
573 621
574 621
575 621
576 621
577 620
578 620
579 620
580 620
581 620
582 619
583 619
584 619
585 619
586 618
587 618
588 618
589 618
590 617
591 617
592 617
593 617
594 616
595 616
596 616
597 616
598 615
599 615
600 615
601 614
602 614
603 614
604 614
605 613
606 613
607 613
608 612
609 612
610 612
611 611
612 611
613 611
614 610
615 610
616 610
617 609
618 609
619 609
620 608
621 608
622 608
623 607
624 607
625 607
626 606
627 606
628 605
629 605
630 605
631 604
632 604
633 604
634 603
635 603
636 602
637 602
638 602
639 601
640 601
641 600
642 600
643 599
644 599
645 599
646 598
647 598
648 597
649 597
650 596
651 596
652 595
653 595
654 594
655 594
656 594
657 593
658 593
659 592
660 592
661 591
662 591
663 590
664 590
665 589
666 589
667 588
668 588
669 587
670 587
671 586
672 585
673 585
674 584
675 584
676 583
677 583
678 582
679 582
680 581
681 581
682 580
683 579
684 579
685 578
686 578
687 577
688 576
689 576
690 575
691 574
692 574
693 573
694 572
695 572
696 571
697 570
698 569
699 569
700 568
701 567
702 566
703 566
704 565
705 564
706 563
707 562
708 561
709 561
710 560
711 559
712 558
713 557
714 556
715 555
716 554
717 553
718 553
719 552
720 551
721 550
722 549
723 548
724 547
725 546
726 545
727 544
727 543
728 542
729 541
730 540
731 539
732 538
733 537
734 536
735 535
736 534
736 533
737 532
738 531
739 530
740 529
741 528
741 527
742 526
743 525
744 524
744 523
745 522
746 521
747 520
748 519
748 518
749 517
750 516
750 515
751 514
752 513
753 512
753 511
754 510
755 509
755 508
756 507
757 506
757 505
758 504
759 503
759 502
760 501
760 500
761 499
762 498
762 497
763 496
763 495
764 494
765 493
765 492
766 491
766 490
767 489
767 488
768 487
768 486
769 485
769 484
770 483
770 482
771 481
772 480
772 479
772 478
773 477
773 476
774 475
774 474
775 473
775 472
776 471
776 470
777 469
777 468
777 467
778 466
778 465
779 464
779 463
780 462
780 461
780 460
781 459
781 458
781 457
782 456
782 455
783 454
783 453
783 452
784 451
784 450
784 449
784 448
785 447
785 446
785 445
786 444
786 443
786 442
786 441
787 440
787 439
787 438
788 437
788 436
788 435
788 434
788 433
789 432
789 431
789 430
789 429
789 428
790 427
790 426
790 425
790 424
790 423
790 422
791 421
791 420
791 419
791 418
791 417
791 416
791 415
791 414
791 413
791 412
791 411
791 410
792 409
792 408
792 407
792 406
792 405
792 404
792 403
792 402
792 401
791 400
791 399
791 398
791 397
791 396
791 395
791 394
791 393
791 392
791 391
791 390
791 389
790 388
790 387
790 386
790 385
790 384
790 383
789 382
789 381
789 380
789 379
789 378
788 377
788 376
788 375
788 374
788 373
787 372
787 371
787 370
787 369
786 368
786 367
786 366
785 365
785 364
785 363
785 362
784 361
784 360
784 359
783 358
783 357
783 356
782 355
782 354
781 353
781 352
781 351
780 350
780 349
780 348
779 347
779 346
778 345
778 344
778 343
777 342
777 341
776 340
776 339
775 338
775 337
774 336
774 335
774 334
773 333
772 332
772 331
772 330
771 329
771 328
770 327
769 326
769 325
768 324
768 323
767 322
767 321
766 320
766 319
765 318
765 317
764 316
763 315
763 314
762 313
762 312
761 311
760 310
760 309
759 308
759 307
758 306
757 305
757 304
756 303
755 302
755 301
754 300
753 299
753 298
752 297
751 296
750 295
750 294
749 293
748 292
748 291
747 290
746 289
745 288
745 287
744 286
743 285
742 284
741 283
741 282
740 281
739 280
738 279
737 278
736 277
736 276
735 275
734 274
733 273
732 272
731 271
730 270
729 269
729 268
728 267
727 266
726 265
725 264
724 263
723 262
722 261
721 260
720 259
719 258
718 257
717 256
716 255
715 255
714 254
713 253
712 252
711 251
710 250
709 249
708 248
707 248
706 247
705 246
704 245
703 244
702 244
701 243
700 242
699 241
698 241
697 240
696 239
695 238
694 238
693 237
692 236
691 236
690 235
689 234
688 234
687 233
686 232
685 232
684 231
683 230
682 230
681 229
680 229
679 228
678 228
677 227
676 227
675 226
674 225
673 225
672 224
671 224
670 223
669 223
668 222
667 222
666 221
665 221
664 220
663 220
662 219
661 219
660 218
659 218
658 217
657 217
656 216
655 216
654 215
653 215
652 214
651 214
650 214
649 213
648 213
647 212
646 212
645 211
644 211
643 210
642 210
641 210
640 209
639 209
638 208
637 208
636 208
635 207
634 207
633 206
632 206
631 206
630 205
629 205
628 204
627 204
626 204
625 203
624 203
623 203
622 202
621 202
620 201
619 201
618 201
617 200
616 200
615 200
614 199
613 199
612 199
611 198
610 198
609 198
608 197
607 197
606 197
605 197
604 196
603 196
602 196
601 195
600 195
599 195
598 195
597 194
596 194
595 194
594 193
593 193
592 193
591 193
590 192
589 192
588 192
587 192
586 191
585 191
584 191
583 191
582 191
581 190
580 190
579 190
578 190
577 189
576 189
575 189
574 189
573 189
572 189
571 188
570 188
569 188
568 188
567 188
566 187
565 187
564 187
563 187
562 187
561 187
560 187
559 186
558 186
557 186
556 186
555 186
554 186
553 186
552 186
551 185
550 185
549 185
548 185
547 185
546 185
545 185
544 185
543 185
542 185
541 185
540 184
539 184
538 184
537 184
536 184
535 184
534 184
533 184
532 184
531 184
530 184
529 184
528 184
527 184
526 184
525 184
524 184
523 184
522 184
521 184
520 184
519 184
518 184
517 184
516 184
515 184
514 184
513 184
512 184
511 184
510 184
509 184
508 184
507 184
506 184
505 184
504 184
503 184
502 184
501 184
