547 199
546 200
545 200
544 200
543 200
542 200
541 200
540 200
539 200
538 200
537 200
536 200
535 201
534 201
533 201
532 201
531 201
530 201
529 201
528 202
527 202
526 202
525 202
524 202
523 202
522 203
521 203
520 203
519 203
518 203
517 203
516 204
515 204
514 204
513 204
512 204
511 205
510 205
509 205
508 205
507 206
506 206
505 206
504 206
503 207
502 207
501 207
500 207
499 208
498 208
497 208
496 208
495 209
494 209
493 209
492 210
491 210
490 210
489 211
488 211
487 211
486 211
485 212
484 212
483 212
482 213
481 213
480 213
479 214
478 214
477 215
476 215
475 215
474 216
473 216
472 216
471 217
470 217
469 218
468 218
467 218
466 219
465 219
464 220
463 220
462 220
461 221
460 221
459 222
458 222
457 223
456 223
455 223
454 224
453 224
452 225
451 225
450 226
449 226
448 227
447 227
446 228
445 228
444 229
443 229
442 230
441 230
440 231
439 231
438 232
437 232
436 233
435 233
434 234
433 234
432 235
431 235
430 236
429 237
428 237
427 238
426 238
425 239
424 239
423 240
422 240
421 241
420 242
419 242
418 243
417 243
416 243
415 244
414 244
413 245
412 245
411 245
410 246
409 246
408 246
407 247
406 247
405 247
404 247
403 247
402 248
401 248
400 248
399 248
398 248
397 248
396 248
395 248
394 248
393 248
392 248
391 248
390 248
389 247
388 247
387 247
386 246
385 246
384 245
383 244
382 244
381 243
380 242
380 241
379 240
378 239
378 238
377 237
377 236
376 235
376 234
375 233
375 232
374 231
374 230
373 229
373 228
372 227
372 226
371 226
370 225
369 225
368 226
367 226
366 227
365 228
364 229
364 230
363 231
362 231
361 232
360 233
359 233
358 234
357 234
356 235
355 235
354 236
353 237
353 238
353 239
353 240
353 241
353 242
353 243
353 244
353 245
353 246
353 247
353 248
353 249
353 250
353 251
353 252
353 253
353 254
353 255
353 256
353 257
353 258
353 259
353 260
353 261
353 262
353 263
353 264
353 265
353 266
353 267
353 268
353 269
353 270
353 271
353 272
353 273
353 274
353 275
353 276
353 277
353 278
353 279
353 280
353 281
353 282
353 283
353 284
353 285
353 286
353 287
353 288
353 289
353 290
353 291
353 292
353 293
353 294
353 295
353 296
353 297
353 298
353 299
353 300
353 301
353 302
353 303
353 304
353 305
353 306
353 307
353 308
353 309
353 310
353 311
353 312
353 313
353 314
353 315
353 316
353 317
353 318
353 319
353 320
353 321
353 322
353 323
353 324
353 325
353 326
353 327
353 328
353 329
353 330
353 331
353 332
353 333
353 334
353 335
353 336
353 337
353 338
353 339
353 340
353 341
353 342
353 343
353 344
353 345
353 346
353 347
353 348
353 349
353 350
353 351
353 352
353 353
353 354
353 355
353 356
353 357
353 358
353 359
353 360
353 361
353 362
353 363
353 364
353 365
353 366
353 367
353 368
353 369
353 370
353 371
353 372
353 373
353 374
353 375
353 376
353 377
353 378
353 379
353 380
353 381
353 382
353 383
353 384
353 385
353 386
353 387
353 388
353 389
353 390
353 391
353 392
353 393
353 394
353 395
353 396
353 397
353 398
353 399
353 400
353 401
353 402
353 403
353 404
353 405
353 406
353 407
353 408
353 409
353 410
353 411
353 412
353 413
353 414
353 415
353 416
353 417
353 418
353 419
353 420
353 421
353 422
353 423
353 424
353 425
353 426
353 427
353 428
353 429
353 430
353 431
353 432
353 433
353 434
353 435
353 436
353 437
353 438
353 439
353 440
353 441
353 442
353 443
353 444
353 445
353 446
353 447
353 448
353 449
353 450
353 451
353 452
353 453
353 454
353 455
353 456
353 457
353 458
353 459
353 460
353 461
353 462
353 463
353 464
353 465
353 466
353 467
353 468
353 469
353 470
353 471
353 472
353 473
353 474
353 475
353 476
353 477
353 478
353 479
353 480
353 481
353 482
353 483
353 484
353 485
353 486
353 487
353 488
353 489
353 490
353 491
353 492
353 493
353 494
353 495
353 496
353 497
353 498
353 499
353 500
353 501
353 502
353 503
353 504
353 505
353 506
353 507
353 508
353 509
353 510
353 511
353 512
353 513
353 514
353 515
353 516
353 517
353 518
353 519
353 520
353 521
353 522
353 523
353 524
353 525
353 526
353 527
353 528
353 529
353 530
353 531
353 532
353 533
353 534
353 535
353 536
353 537
353 538
353 539
353 540
353 541
353 542
353 543
353 544
353 545
353 546
353 547
353 548
353 549
353 550
353 551
353 552
353 553
353 554
353 555
353 556
353 557
353 558
353 559
353 560
353 561
353 562
354 563
355 564
356 565
357 565
358 566
359 566
360 567
361 567
362 568
363 569
364 570
365 571
366 572
366 573
367 573
368 574
369 574
370 574
371 574
372 573
372 572
373 571
373 570
374 569
374 568
375 567
375 566
376 565
376 564
377 563
377 562
378 561
379 560
379 559
380 558
381 557
382 556
383 555
384 554
385 554
386 553
387 553
388 552
389 552
390 552
391 552
392 551
393 551
394 551
395 551
396 551
397 551
398 551
399 551
400 551
401 552
402 552
403 552
404 552
405 552
406 552
407 553
408 553
409 553
410 554
411 554
412 554
413 555
414 555
415 555
416 556
417 556
418 557
419 557
420 558
421 558
422 559
423 559
424 560
425 561
426 561
427 562
428 562
429 563
430 563
431 564
432 564
433 565
434 566
435 566
436 567
437 567
438 568
439 568
440 569
441 569
442 570
443 570
444 571
445 571
446 572
447 572
448 573
449 573
450 574
451 574
452 575
453 575
454 575
455 576
456 576
457 577
458 577
459 578
460 578
461 579
462 579
463 579
464 580
465 580
466 581
467 581
468 581
469 582
470 582
471 583
472 583
473 583
474 584
475 584
476 584
477 585
478 585
479 585
480 586
481 586
482 587
483 587
484 587
485 587
486 588
487 588
488 588
489 589
490 589
491 589
492 590
493 590
494 590
495 591
496 591
497 591
498 591
499 592
500 592
501 592
502 592
503 593
504 593
505 593
506 593
507 594
508 594
509 594
510 594
511 595
512 595
513 595
514 595
515 595
516 596
517 596
518 596
519 596
520 596
521 597
522 597
523 597
524 597
525 597
526 597
527 598
528 598
529 598
530 598
531 598
532 598
533 598
534 599
535 599
536 599
537 599
538 599
539 599
540 599
541 599
542 599
543 600
544 600
545 600
546 600
547 600
548 600
549 600
550 600
551 600
552 600
553 600
554 600
555 600
556 600
557 600
558 600
559 600
560 600
561 600
562 600
563 600
564 601
565 601
566 601
567 601
568 600
569 600
570 600
571 600
572 600
573 600
574 600
575 600
576 600
577 600
578 600
579 600
580 600
581 600
582 600
583 600
584 600
585 600
586 600
587 600
588 599
589 599
590 599
591 599
592 599
593 599
594 599
595 599
596 599
597 598
598 598
599 598
600 598
601 598
602 598
603 598
604 597
605 597
606 597
607 597
608 597
609 597
610 596
611 596
612 596
613 596
614 596
615 596
616 595
617 595
618 595
619 595
620 594
621 594
622 594
623 594
624 594
625 593
626 593
627 593
628 593
629 592
630 592
631 592
632 592
633 591
634 591
635 591
636 591
637 590
638 590
639 590
640 589
641 589
642 589
643 589
644 588
645 588
646 588
647 587
648 587
649 587
650 586
651 586
652 586
653 585
654 585
655 585
656 584
657 584
658 584
659 583
660 583
661 582
662 582
663 582
664 581
665 581
666 581
667 580
668 580
669 579
670 579
671 579
672 578
673 578
674 577
675 577
676 577
677 576
678 576
679 575
680 575
681 574
682 574
683 574
684 573
685 573
686 572
687 572
688 571
689 571
690 570
691 570
692 569
693 569
694 568
695 568
696 567
697 567
698 566
699 566
700 565
701 565
702 564
703 564
704 563
705 563
706 562
707 562
708 561
709 561
710 560
711 560
712 559
713 559
714 558
715 558
716 557
717 556
718 556
719 555
720 555
721 554
722 553
723 553
724 552
725 551
726 551
727 550
728 549
729 549
730 548
731 547
732 547
733 546
734 545
735 544
736 544
737 543
738 542
739 541
740 540
741 540
742 539
743 538
744 537
745 536
746 535
747 534
748 533
749 532
750 531
751 530
752 529
753 528
754 527
755 526
756 525
757 524
758 523
759 522
760 521
760 520
761 519
762 518
763 517
764 516
764 515
765 514
766 513
767 512
767 511
768 510
769 509
769 508
770 507
771 506
771 505
772 504
773 503
773 502
774 501
774 500
775 499
775 498
776 497
777 496
777 495
778 494
778 493
779 492
779 491
780 490
780 489
781 488
781 487
781 486
782 485
782 484
783 483
783 482
784 481
784 480
784 479
785 478
785 477
785 476
786 475
786 474
786 473
787 472
787 471
787 470
788 469
788 468
788 467
789 466
789 465
789 464
789 463
790 462
790 461
790 460
790 459
791 458
791 457
791 456
791 455
792 454
792 453
792 452
792 451
792 450
793 449
793 448
793 447
793 446
793 445
793 444
794 443
794 442
794 441
794 440
794 439
794 438
794 437
795 436
795 435
795 434
795 433
795 432
795 431
795 430
795 429
795 428
795 427
795 426
796 425
796 424
796 423
796 422
796 421
796 420
796 419
796 418
796 417
796 416
796 415
796 414
796 413
796 412
796 411
796 410
796 409
796 408
796 407
796 406
796 405
796 404
796 403
796 402
797 401
796 400
796 399
796 398
796 397
796 396
796 395
796 394
796 393
796 392
796 391
796 390
796 389
796 388
796 387
796 386
796 385
796 384
796 383
796 382
796 381
796 380
796 379
796 378
796 377
796 376
796 375
796 374
795 373
795 372
795 371
795 370
795 369
795 368
795 367
795 366
795 365
795 364
794 363
794 362
794 361
794 360
794 359
794 358
794 357
794 356
793 355
793 354
793 353
793 352
793 351
793 350
792 349
792 348
792 347
792 346
792 345
791 344
791 343
791 342
791 341
790 340
790 339
790 338
790 337
789 336
789 335
789 334
789 333
788 332
788 331
788 330
787 329
787 328
787 327
786 326
786 325
786 324
785 323
785 322
785 321
784 320
784 319
783 318
783 317
783 316
782 315
782 314
781 313
781 312
780 311
780 310
779 309
779 308
778 307
778 306
777 305
777 304
776 303
776 302
775 301
775 300
774 299
774 298
773 297
772 296
772 295
771 294
770 293
770 292
769 291
769 290
768 289
767 288
766 287
766 286
765 285
764 284
763 283
763 282
762 281
761 280
760 279
759 278
758 277
758 276
757 275
756 274
755 273
754 272
753 271
752 270
751 269
750 268
749 267
748 266
747 265
746 264
745 263
744 262
743 262
742 261
741 260
740 259
739 258
738 257
737 257
736 256
735 255
734 254
733 253
732 253
731 252
730 251
729 251
728 250
727 249
726 249
725 248
724 247
723 247
722 246
721 245
720 245
719 244
718 244
717 243
716 242
715 242
714 241
713 241
712 240
711 240
710 239
709 238
708 238
707 237
706 237
705 236
704 236
703 235
702 235
701 234
700 234
699 233
698 233
697 232
696 232
695 231
694 231
693 230
692 230
691 229
690 229
689 228
688 228
687 228
686 227
685 227
684 226
683 226
682 225
681 225
680 224
679 224
678 224
677 223
676 223
675 222
674 222
673 222
672 221
671 221
670 220
669 220
668 219
667 219
666 219
665 218
664 218
663 218
662 217
661 217
660 216
659 216
658 216
657 215
656 215
655 215
654 214
653 214
652 214
651 213
650 213
649 213
648 212
647 212
646 212
645 211
644 211
643 211
642 211
641 210
640 210
639 210
638 209
637 209
636 209
635 208
634 208
633 208
632 208
631 207
630 207
629 207
628 207
627 206
626 206
625 206
624 206
623 205
622 205
621 205
620 205
619 205
618 204
617 204
616 204
615 204
614 204
613 203
612 203
611 203
610 203
609 203
608 202
607 202
606 202
605 202
604 202
603 202
602 202
601 201
600 201
599 201
598 201
597 201
596 201
595 201
594 200
593 200
592 200
591 200
590 200
589 200
588 200
587 200
586 200
585 200
584 200
583 199
582 199
581 199
580 199
579 199
578 199
577 199
576 199
575 199
574 199
573 199
572 199
571 199
570 199
569 199
568 199
567 199
566 199
565 199
564 199
563 199
562 199
561 199
560 199
559 199
558 199
557 199
556 199
555 199
554 199
553 199
552 199
551 199
550 199
549 199
548 199
547 199
