538 331
537 332
536 332
535 332
534 333
533 333
532 333
531 334
530 334
529 334
528 335
527 335
526 336
525 336
524 336
523 337
522 337
521 338
520 338
519 339
518 339
517 339
516 340
515 340
514 341
513 341
512 342
511 342
510 343
509 343
508 344
507 344
506 345
505 345
504 346
503 347
502 347
501 348
500 348
499 349
498 349
497 350
496 350
495 349
494 349
493 349
492 348
491 348
490 347
489 347
488 346
487 346
486 346
485 345
484 345
483 345
482 345
481 345
480 345
479 346
478 347
477 348
477 349
477 350
477 351
477 352
477 353
477 354
477 355
477 356
477 357
477 358
477 359
477 360
477 361
477 362
477 363
477 364
477 365
477 366
477 367
477 368
477 369
477 370
477 371
477 372
477 373
477 374
477 375
477 376
477 377
477 378
477 379
477 380
477 381
477 382
477 383
477 384
477 385
477 386
477 387
477 388
477 389
477 390
477 391
477 392
477 393
477 394
477 395
477 396
477 397
477 398
477 399
477 400
477 401
477 402
477 403
477 404
477 405
477 406
477 407
477 408
477 409
477 410
477 411
477 412
477 413
477 414
477 415
477 416
477 417
477 418
477 419
477 420
477 421
477 422
477 423
477 424
477 425
477 426
477 427
477 428
477 429
477 430
477 431
477 432
477 433
477 434
477 435
477 436
477 437
477 438
477 439
477 440
477 441
478 442
478 443
479 443
480 444
481 444
482 444
483 444
484 444
485 444
486 444
487 443
488 443
489 442
490 442
491 442
492 441
493 441
494 440
495 440
496 439
497 439
498 440
499 440
500 441
501 442
502 442
503 443
504 443
505 444
506 444
507 445
508 445
509 446
510 446
511 447
512 447
513 448
514 448
515 449
516 449
517 450
518 450
519 451
520 451
521 452
522 452
523 452
524 453
525 453
526 454
527 454
528 454
529 455
530 455
531 455
532 456
533 456
534 456
535 457
536 457
537 457
538 458
539 458
540 458
541 459
542 459
543 459
544 459
545 459
546 458
547 458
548 458
549 458
550 458
551 458
552 458
553 457
554 457
555 457
556 457
557 456
558 456
559 456
560 455
561 455
562 455
563 454
564 454
565 453
566 453
567 452
568 452
569 451
570 451
571 450
572 450
573 449
574 448
575 448
576 447
577 446
578 446
579 445
580 444
581 443
582 442
583 442
584 441
585 440
586 439
587 438
588 437
589 436
590 435
591 434
591 433
592 432
593 431
594 430
595 429
595 428
596 427
597 426
597 425
598 424
599 423
599 422
600 421
600 420
601 419
602 418
602 417
603 416
603 415
604 414
604 413
604 412
605 411
605 410
606 409
606 408
606 407
606 406
607 405
607 404
607 403
607 402
607 401
607 400
607 399
607 398
607 397
608 396
608 395
608 394
608 393
607 392
607 391
607 390
607 389
607 388
607 387
607 386
607 385
607 384
606 383
606 382
606 381
605 380
605 379
605 378
604 377
604 376
603 375
603 374
602 373
602 372
601 371
601 370
600 369
600 368
599 367
599 366
598 365
597 364
597 363
596 362
595 361
594 360
594 359
593 358
592 357
591 356
590 355
589 354
588 353
588 352
587 351
586 350
585 349
584 349
583 348
582 347
581 346
580 345
579 344
578 344
577 343
576 342
575 341
574 341
573 340
572 340
571 339
570 338
569 338
568 337
567 337
566 336
565 336
564 335
563 335
562 335
561 334
560 334
559 334
558 333
557 333
556 333
555 332
554 332
553 332
552 332
551 331
550 331
549 331
548 331
547 331
546 331
545 331
544 331
543 331
542 331
541 331
540 331
539 331
538 331
