654 218
653 219
652 219
651 219
650 219
649 219
648 219
647 219
646 219
645 219
644 219
643 219
642 220
641 220
640 220
639 220
638 220
637 220
636 220
635 220
634 221
633 221
632 221
631 221
630 221
629 221
628 221
627 222
626 222
625 222
624 222
623 222
622 222
621 222
620 223
619 223
618 223
617 223
616 223
615 224
614 224
613 224
612 224
611 224
610 225
609 225
608 225
607 225
606 226
605 226
604 226
603 226
602 227
601 227
600 227
599 227
598 228
597 228
596 228
595 229
594 229
593 229
592 230
591 230
590 230
589 231
588 231
587 231
586 232
585 232
584 232
583 233
582 233
581 233
580 234
579 234
578 235
577 235
576 235
575 236
574 236
573 237
572 237
571 237
570 238
569 238
568 239
567 239
566 240
565 240
564 241
563 241
562 242
561 242
560 242
559 243
558 243
557 244
556 244
555 245
554 245
553 246
552 247
551 247
550 248
549 248
548 249
547 249
546 250
545 250
544 251
543 251
542 252
541 253
540 253
539 254
538 254
537 255
536 256
535 256
534 257
533 257
532 258
531 259
530 259
529 260
528 261
527 261
526 262
525 263
524 263
523 264
522 265
521 265
520 266
519 267
518 268
517 268
516 269
515 270
514 271
513 271
512 272
511 273
510 274
509 274
508 275
507 276
506 277
505 278
504 278
503 279
502 280
501 281
500 282
499 282
498 283
497 284
496 285
495 286
494 287
493 288
492 289
491 290
490 290
489 291
488 292
487 293
486 294
485 295
484 296
483 297
482 298
481 299
480 300
479 301
478 302
477 303
476 304
475 305
474 306
473 307
472 308
472 309
471 310
470 311
469 312
468 313
467 314
466 315
465 316
464 317
463 318
463 319
462 320
461 321
460 322
459 323
458 324
458 325
457 326
456 327
455 328
454 329
453 330
452 330
451 331
450 331
449 332
448 332
447 332
446 332
445 332
444 332
443 332
442 332
441 332
440 332
439 332
438 332
437 331
436 331
435 331
434 331
433 330
432 330
431 329
430 329
429 328
428 328
427 327
426 327
425 326
424 326
423 325
422 324
421 324
420 323
419 322
418 321
417 320
416 319
415 318
414 317
413 316
412 315
412 314
412 313
412 312
412 311
412 310
412 309
412 308
412 307
411 306
411 305
410 304
409 303
408 302
407 302
406 302
405 302
404 301
403 301
402 302
401 302
400 302
399 302
398 302
397 303
396 303
395 304
395 305
394 306
394 307
394 308
394 309
394 310
394 311
394 312
394 313
394 314
394 315
394 316
394 317
394 318
394 319
394 320
394 321
394 322
394 323
394 324
394 325
394 326
394 327
394 328
394 329
394 330
394 331
394 332
394 333
394 334
394 335
394 336
394 337
394 338
394 339
394 340
394 341
394 342
394 343
394 344
394 345
394 346
394 347
394 348
394 349
394 350
394 351
394 352
394 353
394 354
394 355
394 356
394 357
394 358
394 359
394 360
394 361
394 362
394 363
394 364
394 365
394 366
394 367
394 368
394 369
394 370
394 371
394 372
394 373
394 374
394 375
394 376
394 377
394 378
394 379
394 380
394 381
394 382
394 383
394 384
394 385
394 386
394 387
394 388
394 389
394 390
394 391
394 392
394 393
394 394
394 395
394 396
394 397
394 398
394 399
394 400
394 401
394 402
394 403
394 404
394 405
394 406
394 407
394 408
394 409
394 410
394 411
394 412
394 413
394 414
394 415
394 416
394 417
394 418
394 419
394 420
394 421
394 422
394 423
394 424
394 425
394 426
394 427
394 428
394 429
394 430
394 431
394 432
394 433
394 434
394 435
394 436
394 437
394 438
394 439
394 440
394 441
394 442
394 443
394 444
394 445
394 446
394 447
394 448
394 449
394 450
394 451
394 452
394 453
394 454
394 455
394 456
394 457
394 458
394 459
394 460
394 461
394 462
394 463
394 464
394 465
394 466
394 467
394 468
394 469
394 470
394 471
394 472
394 473
394 474
394 475
394 476
394 477
394 478
394 479
394 480
394 481
394 482
394 483
394 484
394 485
394 486
395 487
396 488
397 488
398 489
399 489
400 489
401 490
402 490
403 490
404 490
405 490
406 490
407 489
408 489
409 488
410 488
410 487
411 486
411 485
412 484
412 483
412 482
412 481
412 480
412 479
412 478
412 477
413 476
413 475
414 474
415 473
416 472
417 471
418 470
419 469
420 468
421 468
422 467
423 466
424 466
425 465
426 465
427 464
428 463
429 463
430 462
431 462
432 462
433 461
434 461
435 460
436 460
437 460
438 460
439 459
440 459
441 459
442 459
443 459
444 459
445 459
446 459
447 459
448 459
449 460
450 460
451 460
452 461
453 462
454 462
455 463
456 464
457 465
457 466
458 467
459 468
460 469
461 470
462 471
462 472
463 473
464 474
465 475
466 476
467 477
468 478
469 479
469 480
470 481
471 482
472 483
473 484
474 485
475 486
476 487
477 488
478 489
479 490
480 491
481 492
482 493
483 494
484 495
485 496
486 497
487 498
488 499
489 500
490 501
491 502
492 503
493 503
494 504
495 505
496 506
497 507
498 508
499 509
500 510
501 510
502 511
503 512
504 513
505 514
506 514
507 515
508 516
509 517
510 518
511 518
512 519
513 520
514 521
515 521
516 522
517 523
518 524
519 524
520 525
521 526
522 526
523 527
524 528
525 529
526 529
527 530
528 530
529 531
530 532
531 532
532 533
533 534
534 534
535 535
536 536
537 536
538 537
539 537
540 538
541 539
542 539
543 540
544 540
545 541
546 541
547 542
548 543
549 543
550 544
551 544
552 545
553 545
554 546
555 546
556 547
557 547
558 548
559 548
560 549
561 549
562 550
563 550
564 551
565 551
566 552
567 552
568 552
569 553
570 553
571 554
572 554
573 555
574 555
575 556
576 556
577 556
578 557
579 557
580 557
581 558
582 558
583 559
584 559
585 559
586 560
587 560
588 560
589 561
590 561
591 561
592 562
593 562
594 562
595 563
596 563
597 563
598 563
599 564
600 564
601 564
602 565
603 565
604 565
605 565
606 566
607 566
608 566
609 566
610 567
611 567
612 567
613 567
614 567
615 568
616 568
617 568
618 568
619 568
620 569
621 569
622 569
623 569
624 569
625 569
626 570
627 570
628 570
629 570
630 570
631 570
632 570
633 571
634 571
635 571
636 571
637 571
638 571
639 571
640 571
641 572
642 572
643 572
644 572
645 572
646 572
647 572
648 572
649 572
650 572
651 572
652 573
653 573
654 573
655 573
656 573
657 573
658 573
659 573
660 573
661 573
662 572
663 572
664 572
665 572
666 572
667 572
668 572
669 571
670 571
671 571
672 571
673 571
674 571
675 570
676 570
677 570
678 570
679 570
680 569
681 569
682 569
683 569
684 568
685 568
686 568
687 568
688 567
689 567
690 567
691 567
692 566
693 566
694 566
695 565
696 565
697 565
698 565
699 564
700 564
701 564
702 563
703 563
704 562
705 562
706 562
707 561
708 561
709 561
710 560
711 560
712 559
713 559
714 559
715 558
716 558
717 557
718 557
719 556
720 556
721 556
722 555
723 555
724 554
725 554
726 553
727 553
728 552
729 552
730 551
731 551
732 550
733 549
734 549
735 548
736 548
737 547
738 547
739 546
740 545
741 545
742 544
743 543
744 543
745 542
746 542
747 541
748 540
749 539
750 539
751 538
752 537
753 537
754 536
755 535
756 534
757 534
758 533
759 532
760 531
761 530
762 530
763 529
764 528
765 527
766 526
767 525
768 524
769 523
770 522
771 521
772 520
773 519
774 518
775 517
776 516
777 515
778 514
779 513
780 512
781 511
782 510
782 509
783 508
784 507
785 506
786 505
786 504
787 503
788 502
789 501
789 500
790 499
791 498
791 497
792 496
793 495
793 494
794 493
795 492
795 491
796 490
796 489
797 488
797 487
798 486
799 485
799 484
800 483
800 482
801 481
801 480
802 479
802 478
802 477
803 476
803 475
804 474
804 473
805 472
805 471
805 470
806 469
806 468
806 467
807 466
807 465
807 464
808 463
808 462
808 461
809 460
809 459
809 458
809 457
810 456
810 455
810 454
810 453
811 452
811 451
811 450
811 449
811 448
812 447
812 446
812 445
812 444
813 443
813 442
813 441
813 440
813 439
813 438
814 437
814 436
814 435
814 434
814 433
815 432
815 431
815 430
815 429
815 428
815 427
815 426
816 425
816 424
816 423
816 422
816 421
816 420
816 419
816 418
817 417
817 416
817 415
817 414
817 413
817 412
817 411
817 410
817 409
817 408
817 407
817 406
817 405
818 404
818 403
818 402
818 401
818 400
818 399
818 398
818 397
818 396
818 395
818 394
818 393
818 392
818 391
818 390
818 389
818 388
818 387
817 386
817 385
817 384
817 383
817 382
817 381
817 380
817 379
817 378
817 377
817 376
817 375
816 374
816 373
816 372
816 371
816 370
816 369
816 368
816 367
816 366
815 365
815 364
815 363
815 362
815 361
815 360
815 359
814 358
814 357
814 356
814 355
814 354
813 353
813 352
813 351
813 350
813 349
812 348
812 347
812 346
812 345
812 344
811 343
811 342
811 341
811 340
810 339
810 338
810 337
810 336
810 335
809 334
809 333
809 332
808 331
808 330
808 329
808 328
807 327
807 326
807 325
806 324
806 323
806 322
805 321
805 320
804 319
804 318
804 317
803 316
803 315
802 314
802 313
801 312
801 311
800 310
800 309
799 308
799 307
798 306
798 305
797 304
797 303
796 302
796 301
795 300
794 299
794 298
793 297
793 296
792 295
791 294
791 293
790 292
789 291
788 290
788 289
787 288
786 287
785 286
785 285
784 284
783 283
782 282
781 281
781 280
780 279
779 278
778 277
777 276
776 275
775 274
774 273
773 272
772 271
771 270
770 269
769 268
768 267
767 266
766 265
765 264
764 263
763 263
762 262
761 261
760 260
759 259
758 258
757 258
756 257
755 256
754 255
753 255
752 254
751 253
750 252
749 252
748 251
747 250
746 250
745 249
744 248
743 248
742 247
741 247
740 246
739 245
738 245
737 244
736 244
735 243
734 242
733 242
732 241
731 241
730 240
729 240
728 239
727 239
726 238
725 238
724 237
723 237
722 236
721 236
720 235
719 235
718 234
717 234
716 233
715 233
714 233
713 232
712 232
711 231
710 231
709 231
708 230
707 230
706 229
705 229
704 229
703 228
702 228
701 228
700 227
699 227
698 227
697 226
696 226
695 226
694 225
693 225
692 225
691 225
690 224
689 224
688 224
687 224
686 223
685 223
684 223
683 223
682 222
681 222
680 222
679 222
678 221
677 221
676 221
675 221
674 221
673 220
672 220
671 220
670 220
669 220
668 220
667 219
666 219
665 219
664 219
663 219
662 219
661 219
660 218
659 218
658 218
657 218
656 218
655 218
654 218
