532 177
531 178
530 178
529 178
528 178
527 178
526 178
525 178
524 178
523 178
522 178
521 178
520 178
519 178
518 178
517 178
516 178
515 178
514 178
513 178
512 178
511 178
510 178
509 179
508 179
507 179
506 179
505 179
504 179
503 179
502 179
501 179
500 180
499 180
498 180
497 180
496 180
495 180
494 181
493 181
492 181
491 181
490 181
489 181
488 182
487 182
486 182
485 182
484 182
483 182
482 182
481 183
480 183
479 183
478 183
477 183
476 183
475 184
474 184
473 184
472 184
471 184
470 184
469 184
468 185
467 185
466 185
465 185
464 185
463 185
462 186
461 186
460 186
459 186
458 186
457 186
456 187
455 187
454 187
453 187
452 187
451 187
450 187
449 188
448 188
447 188
446 188
445 188
444 188
443 189
442 189
441 189
440 189
439 189
438 189
437 190
436 190
435 190
434 190
433 190
432 190
431 190
430 191
429 191
428 191
427 191
426 191
425 191
424 192
423 192
422 192
421 192
420 192
419 192
418 192
417 193
416 193
415 193
414 193
413 193
412 193
411 194
410 194
409 194
408 194
407 194
406 194
405 195
404 195
403 195
402 195
401 195
400 195
399 195
398 195
397 195
396 195
395 195
394 195
393 195
392 195
391 194
390 194
389 194
388 194
387 193
386 193
385 193
384 193
383 192
382 192
381 192
380 192
379 191
378 191
377 191
376 191
375 190
374 190
373 190
372 190
371 189
370 189
369 189
368 189
367 189
366 189
365 189
364 189
363 189
362 189
361 189
360 189
359 190
358 190
357 190
356 191
355 191
354 192
353 193
352 194
351 195
350 196
350 197
349 198
349 199
349 200
348 201
348 202
348 203
348 204
348 205
348 206
348 207
348 208
348 209
348 210
348 211
348 212
348 213
348 214
348 215
348 216
348 217
348 218
348 219
348 220
348 221
348 222
348 223
348 224
348 225
348 226
348 227
348 228
348 229
348 230
348 231
348 232
348 233
348 234
348 235
348 236
348 237
348 238
348 239
348 240
348 241
348 242
348 243
348 244
348 245
348 246
348 247
348 248
348 249
348 250
348 251
348 252
348 253
348 254
348 255
348 256
348 257
348 258
348 259
348 260
348 261
348 262
348 263
348 264
348 265
348 266
348 267
348 268
348 269
348 270
348 271
348 272
348 273
348 274
348 275
348 276
348 277
348 278
348 279
348 280
348 281
348 282
348 283
348 284
348 285
348 286
348 287
348 288
348 289
348 290
348 291
348 292
348 293
348 294
348 295
348 296
348 297
348 298
348 299
348 300
348 301
348 302
348 303
348 304
348 305
348 306
348 307
348 308
348 309
348 310
348 311
348 312
348 313
348 314
348 315
348 316
348 317
348 318
348 319
348 320
348 321
348 322
348 323
348 324
348 325
348 326
348 327
348 328
348 329
348 330
348 331
348 332
348 333
348 334
348 335
348 336
348 337
348 338
348 339
348 340
348 341
348 342
348 343
348 344
348 345
348 346
348 347
348 348
348 349
348 350
348 351
348 352
348 353
348 354
348 355
348 356
348 357
348 358
348 359
348 360
348 361
348 362
348 363
348 364
348 365
348 366
348 367
348 368
348 369
348 370
348 371
348 372
348 373
348 374
348 375
348 376
348 377
348 378
348 379
348 380
348 381
348 382
348 383
348 384
348 385
348 386
348 387
348 388
348 389
348 390
348 391
348 392
348 393
348 394
348 395
348 396
348 397
348 398
348 399
348 400
348 401
348 402
348 403
348 404
348 405
348 406
348 407
348 408
348 409
348 410
348 411
348 412
348 413
348 414
348 415
348 416
348 417
348 418
348 419
348 420
348 421
348 422
348 423
348 424
348 425
348 426
348 427
348 428
348 429
348 430
348 431
348 432
348 433
348 434
348 435
348 436
348 437
348 438
348 439
348 440
348 441
348 442
348 443
348 444
348 445
348 446
348 447
348 448
348 449
348 450
348 451
348 452
348 453
348 454
348 455
348 456
348 457
348 458
348 459
348 460
348 461
348 462
348 463
348 464
348 465
348 466
348 467
348 468
348 469
348 470
348 471
348 472
348 473
348 474
348 475
348 476
348 477
348 478
348 479
348 480
348 481
348 482
348 483
348 484
348 485
348 486
348 487
348 488
348 489
348 490
348 491
348 492
348 493
348 494
348 495
348 496
348 497
348 498
348 499
348 500
348 501
348 502
348 503
348 504
348 505
348 506
348 507
348 508
348 509
348 510
348 511
348 512
348 513
348 514
348 515
348 516
348 517
348 518
348 519
348 520
348 521
348 522
348 523
348 524
348 525
348 526
348 527
348 528
348 529
348 530
348 531
348 532
348 533
348 534
348 535
348 536
348 537
348 538
348 539
348 540
348 541
348 542
348 543
348 544
348 545
348 546
348 547
348 548
348 549
348 550
348 551
348 552
348 553
348 554
348 555
348 556
348 557
348 558
348 559
348 560
348 561
348 562
348 563
348 564
348 565
348 566
348 567
348 568
348 569
348 570
348 571
348 572
348 573
348 574
348 575
348 576
348 577
348 578
348 579
348 580
348 581
348 582
348 583
348 584
348 585
348 586
348 587
348 588
348 589
348 590
348 591
348 592
348 593
348 594
348 595
348 596
348 597
348 598
348 599
348 600
349 601
349 602
349 603
350 604
350 605
351 606
352 607
353 608
354 609
355 610
356 611
357 611
358 611
359 612
360 612
361 612
362 612
363 613
364 613
365 613
366 613
367 613
368 612
369 612
370 612
371 612
372 612
373 611
374 611
375 611
376 611
377 610
378 610
379 610
380 610
381 609
382 609
383 609
384 609
385 608
386 608
387 608
388 608
389 607
390 607
391 607
392 607
393 607
394 606
395 606
396 606
397 606
398 606
399 606
400 606
401 606
402 606
403 606
404 607
405 607
406 607
407 607
408 607
409 607
410 608
411 608
412 608
413 608
414 608
415 608
416 609
417 609
418 609
419 609
420 609
421 609
422 609
423 610
424 610
425 610
426 610
427 610
428 610
429 611
430 611
431 611
432 611
433 611
434 611
435 611
436 612
437 612
438 612
439 612
440 612
441 612
442 613
443 613
444 613
445 613
446 613
447 613
448 614
449 614
450 614
451 614
452 614
453 614
454 614
455 615
456 615
457 615
458 615
459 615
460 615
461 616
462 616
463 616
464 616
465 616
466 616
467 617
468 617
469 617
470 617
471 617
472 617
473 617
474 618
475 618
476 618
477 618
478 618
479 618
480 619
481 619
482 619
483 619
484 619
485 619
486 619
487 620
488 620
489 620
490 620
491 620
492 620
493 621
494 621
495 621
496 621
497 621
498 621
499 622
500 622
501 622
502 622
503 622
504 622
505 622
506 622
507 623
508 623
509 623
510 623
511 623
512 623
513 623
514 623
515 623
516 623
517 623
518 623
519 623
520 623
521 624
522 624
523 624
524 624
525 624
526 624
527 624
528 624
529 624
530 624
531 624
532 624
533 624
534 624
535 624
536 624
537 624
538 624
539 624
540 624
541 624
542 624
543 624
544 624
545 624
546 623
547 623
548 623
549 623
550 623
551 623
552 623
553 623
554 623
555 623
556 623
557 623
558 623
559 623
560 622
561 622
562 622
563 622
564 622
565 622
566 622
567 622
568 621
569 621
570 621
571 621
572 621
573 621
574 621
575 620
576 620
577 620
578 620
579 620
580 620
581 619
582 619
583 619
584 619
585 619
586 618
587 618
588 618
589 618
590 618
591 617
592 617
593 617
594 617
595 616
596 616
597 616
598 616
599 615
600 615
601 615
602 615
603 614
604 614
605 614
606 613
607 613
608 613
609 613
610 612
611 612
612 612
613 611
614 611
615 611
616 610
617 610
618 610
619 609
620 609
621 608
622 608
623 608
624 607
625 607
626 607
627 606
628 606
629 605
630 605
631 604
632 604
633 604
634 603
635 603
636 602
637 602
638 601
639 601
640 600
641 600
642 599
643 599
644 598
645 598
646 597
647 596
648 596
649 595
650 595
651 594
652 593
653 593
654 592
655 591
656 591
657 590
658 589
659 589
660 588
661 587
662 586
663 586
664 585
665 584
666 583
667 582
668 581
669 580
670 580
671 579
672 578
673 577
674 576
675 575
676 574
677 573
678 572
679 571
680 570
681 569
682 568
683 567
684 566
685 565
686 564
687 563
687 562
688 561
689 560
690 559
691 558
692 557
693 556
693 555
694 554
695 553
696 552
696 551
697 550
698 549
699 548
699 547
700 546
701 545
702 544
702 543
703 542
704 541
704 540
705 539
706 538
706 537
707 536
707 535
708 534
709 533
709 532
710 531
710 530
711 529
712 528
712 527
713 526
713 525
714 524
714 523
715 522
715 521
716 520
716 519
717 518
717 517
718 516
718 515
719 514
719 513
720 512
720 511
721 510
721 509
721 508
722 507
722 506
723 505
723 504
724 503
724 502
724 501
725 500
725 499
725 498
726 497
726 496
727 495
727 494
727 493
728 492
728 491
728 490
729 489
729 488
729 487
730 486
730 485
730 484
731 483
731 482
731 481
731 480
732 479
732 478
732 477
733 476
733 475
733 474
733 473
734 472
734 471
734 470
734 469
735 468
735 467
735 466
735 465
735 464
736 463
736 462
736 461
736 460
736 459
737 458
737 457
737 456
737 455
737 454
738 453
738 452
738 451
738 450
738 449
738 448
739 447
739 446
739 445
739 444
739 443
739 442
739 441
740 440
740 439
740 438
740 437
740 436
740 435
740 434
740 433
740 432
741 431
741 430
741 429
741 428
741 427
741 426
741 425
741 424
741 423
741 422
741 421
741 420
742 419
742 418
742 417
742 416
742 415
742 414
742 413
742 412
742 411
742 410
742 409
742 408
742 407
742 406
742 405
742 404
742 403
742 402
742 401
742 400
742 399
742 398
742 397
742 396
742 395
742 394
742 393
742 392
742 391
742 390
742 389
742 388
742 387
742 386
742 385
742 384
742 383
741 382
741 381
741 380
741 379
741 378
741 377
741 376
741 375
741 374
741 373
741 372
741 371
741 370
740 369
740 368
740 367
740 366
740 365
740 364
740 363
740 362
740 361
739 360
739 359
739 358
739 357
739 356
739 355
739 354
738 353
738 352
738 351
738 350
738 349
738 348
737 347
737 346
737 345
737 344
737 343
736 342
736 341
736 340
736 339
736 338
735 337
735 336
735 335
735 334
734 333
734 332
734 331
734 330
734 329
733 328
733 327
733 326
732 325
732 324
732 323
732 322
731 321
731 320
731 319
730 318
730 317
730 316
730 315
729 314
729 313
729 312
728 311
728 310
728 309
727 308
727 307
726 306
726 305
726 304
725 303
725 302
725 301
724 300
724 299
723 298
723 297
723 296
722 295
722 294
721 293
721 292
720 291
720 290
720 289
719 288
719 287
718 286
718 285
717 284
717 283
716 282
716 281
715 280
715 279
714 278
714 277
713 276
712 275
712 274
711 273
711 272
710 271
710 270
709 269
708 268
708 267
707 266
707 265
706 264
705 263
705 262
704 261
703 260
703 259
702 258
701 257
701 256
700 255
699 254
698 253
698 252
697 251
696 250
695 249
695 248
694 247
693 246
692 245
691 244
691 243
690 242
689 241
688 240
687 239
686 238
685 237
684 236
684 235
683 234
682 233
681 232
680 231
679 230
678 229
677 228
676 227
675 226
674 225
673 224
672 223
671 223
670 222
669 221
668 220
667 219
666 218
665 217
664 217
663 216
662 215
661 214
660 213
659 213
658 212
657 211
656 210
655 210
654 209
653 209
652 208
651 207
650 207
649 206
648 205
647 205
646 204
645 204
644 203
643 203
642 202
641 202
640 201
639 201
638 200
637 200
636 199
635 199
634 198
633 198
632 197
631 197
630 196
629 196
628 196
627 195
626 195
625 194
624 194
623 194
622 193
621 193
620 192
619 192
618 192
617 191
616 191
615 191
614 190
613 190
612 190
611 189
610 189
609 189
608 188
607 188
606 188
605 188
604 187
603 187
602 187
601 186
600 186
599 186
598 186
597 185
596 185
595 185
594 185
593 184
592 184
591 184
590 184
589 184
588 183
587 183
586 183
585 183
584 182
583 182
582 182
581 182
580 182
579 182
578 181
577 181
576 181
575 181
574 181
573 181
572 180
571 180
570 180
569 180
568 180
567 180
566 180
565 179
564 179
563 179
562 179
561 179
560 179
559 179
558 179
557 179
556 179
555 178
554 178
553 178
552 178
551 178
550 178
549 178
548 178
547 178
546 178
545 178
544 178
543 178
542 178
541 178
540 178
539 178
538 178
537 177
536 177
535 177
534 177
533 177
532 177
