492 344
491 345
490 345
489 345
488 346
488 347
488 348
488 349
488 350
488 351
488 352
488 353
488 354
488 355
488 356
488 357
488 358
488 359
488 360
488 361
488 362
488 363
488 364
488 365
488 366
488 367
488 368
488 369
488 370
488 371
488 372
488 373
488 374
488 375
488 376
488 377
488 378
488 379
488 380
488 381
488 382
488 383
488 384
488 385
488 386
488 387
488 388
488 389
488 390
488 391
488 392
488 393
488 394
488 395
488 396
488 397
488 398
488 399
488 400
488 401
488 402
488 403
488 404
488 405
488 406
487 407
487 408
487 409
487 410
488 411
488 412
488 413
488 414
488 415
488 416
488 417
488 418
488 419
488 420
488 421
488 422
488 423
488 424
488 425
488 426
488 427
488 428
488 429
488 430
488 431
488 432
488 433
488 434
488 435
488 436
488 437
488 438
488 439
488 440
488 441
488 442
488 443
488 444
488 445
488 446
488 447
488 448
488 449
488 450
488 451
488 452
488 453
488 454
488 455
488 456
488 457
488 458
488 459
488 460
488 461
488 462
488 463
488 464
488 465
488 466
488 467
488 468
488 469
488 470
488 471
489 472
490 473
491 473
492 473
493 473
494 473
495 473
496 473
497 473
498 473
499 472
500 472
501 472
502 472
503 472
504 472
505 472
506 472
507 472
508 472
509 472
510 472
511 472
512 472
513 472
514 472
515 472
516 471
517 471
518 471
519 471
520 471
521 471
522 471
523 471
524 471
525 471
526 471
527 471
528 471
529 471
530 471
531 471
532 471
533 470
534 470
535 470
536 470
537 470
538 470
539 470
540 469
541 469
542 469
543 469
544 469
545 468
546 468
547 468
548 467
549 467
550 467
551 466
552 466
553 465
554 465
555 464
556 464
557 463
558 463
559 462
560 462
561 461
562 460
563 460
564 459
565 458
566 458
567 457
568 456
569 455
570 454
571 453
572 452
573 451
574 450
575 449
576 448
577 447
577 446
578 445
579 444
579 443
580 442
581 441
581 440
582 439
582 438
583 437
583 436
584 435
584 434
585 433
585 432
586 431
586 430
586 429
587 428
587 427
587 426
588 425
588 424
588 423
588 422
589 421
589 420
589 419
589 418
589 417
589 416
589 415
590 414
590 413
590 412
590 411
590 410
590 409
590 408
590 407
590 406
590 405
590 404
590 403
589 402
589 401
589 400
589 399
589 398
589 397
588 396
588 395
588 394
588 393
588 392
587 391
587 390
587 389
586 388
586 387
586 386
585 385
585 384
584 383
584 382
583 381
583 380
582 379
582 378
581 377
581 376
580 375
579 374
579 373
578 372
577 371
576 370
576 369
575 368
574 367
573 366
572 365
571 364
570 363
569 362
568 361
567 360
566 360
565 359
564 358
563 358
562 357
561 356
560 356
559 355
558 354
557 354
556 353
555 353
554 352
553 352
552 352
551 351
550 351
549 350
548 350
547 350
546 349
545 349
544 349
543 348
542 348
541 348
540 348
539 348
538 347
537 347
536 347
535 347
534 347
533 347
532 347
531 347
530 346
529 347
528 347
527 346
526 346
525 346
524 346
523 346
522 346
521 346
520 346
519 346
518 346
517 346
516 346
515 346
514 346
513 346
512 346
511 346
510 345
509 345
508 345
507 345
506 345
505 345
504 345
503 345
502 345
501 345
500 345
499 345
498 345
497 345
496 345
495 345
494 345
493 345
492 344
