481 319
480 320
480 321
479 322
479 323
479 324
479 325
479 326
479 327
479 328
479 329
479 330
479 331
479 332
479 333
479 334
479 335
479 336
479 337
479 338
479 339
479 340
479 341
479 342
479 343
479 344
479 345
479 346
479 347
479 348
479 349
479 350
479 351
479 352
479 353
479 354
479 355
479 356
479 357
479 358
479 359
479 360
479 361
479 362
479 363
479 364
479 365
479 366
479 367
479 368
479 369
479 370
479 371
479 372
479 373
479 374
479 375
479 376
479 377
479 378
479 379
479 380
479 381
479 382
479 383
479 384
479 385
479 386
479 387
479 388
479 389
479 390
479 391
479 392
479 393
479 394
479 395
479 396
479 397
479 398
479 399
479 400
479 401
479 402
479 403
479 404
479 405
479 406
479 407
479 408
479 409
479 410
479 411
479 412
479 413
479 414
479 415
479 416
479 417
479 418
479 419
479 420
479 421
479 422
479 423
479 424
479 425
479 426
479 427
479 428
479 429
479 430
479 431
479 432
479 433
479 434
479 435
479 436
479 437
479 438
479 439
479 440
479 441
479 442
479 443
479 444
479 445
479 446
479 447
479 448
479 449
479 450
479 451
479 452
479 453
479 454
479 455
479 456
479 457
479 458
479 459
479 460
479 461
479 462
479 463
479 464
479 465
479 466
479 467
479 468
479 469
479 470
479 471
479 472
479 473
479 474
479 475
479 476
479 477
479 478
479 479
479 480
479 481
479 482
479 483
479 484
479 485
479 486
479 487
479 488
479 489
479 490
479 491
479 492
479 493
479 494
479 495
479 496
479 497
479 498
479 499
480 500
480 501
481 502
482 502
483 503
484 503
485 503
486 502
487 502
488 501
489 500
490 499
491 500
492 500
493 500
494 500
495 500
496 500
497 500
498 500
499 500
500 500
501 500
502 500
503 500
504 500
505 500
506 500
507 500
508 500
509 500
510 500
511 500
512 500
513 500
514 499
515 499
516 499
517 499
518 499
519 499
520 498
521 498
522 498
523 498
524 497
525 497
526 497
527 497
528 496
529 496
530 496
531 495
532 495
533 495
534 494
535 494
536 493
537 493
538 493
539 492
540 492
541 491
542 491
543 490
544 490
545 489
546 489
547 488
548 487
549 487
550 486
551 486
552 485
553 484
554 484
555 483
556 482
557 481
558 480
559 480
560 479
561 478
562 477
563 476
564 475
565 474
566 473
567 472
568 471
569 470
570 469
571 468
572 467
573 466
574 465
574 464
575 463
576 462
577 461
578 460
579 459
579 458
580 457
581 456
582 455
582 454
583 453
584 452
584 451
585 450
585 449
586 448
587 447
587 446
588 445
588 444
589 443
589 442
590 441
590 440
590 439
591 438
591 437
592 436
592 435
592 434
593 433
593 432
593 431
594 430
594 429
594 428
594 427
595 426
595 425
595 424
595 423
595 422
596 421
596 420
596 419
596 418
596 417
596 416
596 415
596 414
596 413
597 412
597 411
597 410
596 409
596 408
596 407
596 406
596 405
596 404
596 403
596 402
596 401
595 400
595 399
595 398
595 397
595 396
595 395
594 394
594 393
594 392
593 391
593 390
593 389
592 388
592 387
592 386
591 385
591 384
591 383
590 382
590 381
589 380
589 379
588 378
588 377
587 376
587 375
586 374
586 373
585 372
584 371
584 370
583 369
582 368
582 367
581 366
580 365
580 364
579 363
578 362
577 361
576 360
576 359
575 358
574 357
573 356
572 355
571 354
570 353
570 352
569 351
568 350
567 350
566 349
565 348
564 347
563 346
562 345
561 344
560 343
559 342
558 341
557 340
556 339
555 338
554 338
553 337
552 336
551 336
550 335
549 334
548 334
547 333
546 333
545 332
544 332
543 331
542 331
541 330
540 330
539 329
538 329
537 328
536 328
535 328
534 327
533 327
532 326
531 326
530 326
529 325
528 325
527 325
526 324
525 324
524 324
523 324
522 323
521 323
520 323
519 323
518 322
517 322
516 322
515 322
514 322
513 322
512 322
511 321
510 321
509 321
508 321
507 321
506 321
505 321
504 321
503 321
502 321
501 321
500 321
499 321
498 321
497 321
496 321
495 321
494 321
493 322
492 322
491 322
490 322
489 321
488 320
487 320
486 319
485 319
484 319
483 319
482 319
481 319
