537 278
536 279
535 279
534 279
533 279
532 279
531 279
530 279
529 279
528 280
527 280
526 280
525 280
524 280
523 281
522 281
521 281
520 281
519 282
518 282
517 282
516 283
515 283
514 283
513 284
512 284
511 284
510 285
509 285
508 285
507 286
506 286
505 286
504 287
503 287
502 288
501 288
500 288
499 289
498 289
497 290
496 290
495 290
494 291
493 291
492 292
491 292
490 293
489 293
488 294
487 294
486 295
485 295
484 296
483 296
482 297
481 297
480 298
479 298
478 299
477 299
476 300
475 300
474 301
473 301
472 302
471 302
470 303
469 303
468 304
467 304
466 305
465 306
464 306
463 307
462 307
461 308
460 309
459 309
458 310
457 310
456 311
455 312
454 312
453 313
452 314
451 314
450 315
449 316
448 317
447 317
446 318
445 317
444 316
444 315
443 314
443 313
442 312
441 311
440 311
439 311
438 311
437 312
436 313
435 314
434 315
434 316
433 317
432 318
432 319
431 320
431 321
431 322
431 323
431 324
431 325
431 326
431 327
431 328
431 329
431 330
431 331
431 332
431 333
431 334
431 335
431 336
431 337
431 338
431 339
431 340
431 341
431 342
431 343
431 344
431 345
431 346
431 347
431 348
431 349
431 350
431 351
431 352
431 353
431 354
431 355
431 356
431 357
431 358
431 359
431 360
431 361
431 362
431 363
431 364
431 365
431 366
431 367
431 368
431 369
431 370
431 371
431 372
431 373
431 374
431 375
431 376
431 377
431 378
431 379
431 380
431 381
431 382
431 383
431 384
431 385
431 386
431 387
431 388
431 389
431 390
431 391
431 392
431 393
431 394
431 395
431 396
431 397
431 398
431 399
431 400
431 401
431 402
431 403
431 404
431 405
431 406
431 407
431 408
431 409
431 410
431 411
431 412
431 413
431 414
431 415
431 416
431 417
431 418
431 419
431 420
431 421
431 422
431 423
431 424
431 425
431 426
431 427
431 428
431 429
431 430
431 431
431 432
431 433
431 434
431 435
431 436
431 437
431 438
431 439
431 440
431 441
431 442
431 443
431 444
431 445
431 446
431 447
431 448
431 449
431 450
431 451
431 452
431 453
431 454
431 455
431 456
431 457
431 458
431 459
431 460
431 461
431 462
431 463
431 464
431 465
431 466
431 467
431 468
431 469
431 470
431 471
431 472
431 473
431 474
431 475
431 476
431 477
431 478
431 479
431 480
431 481
431 482
431 483
431 484
431 485
431 486
431 487
431 488
431 489
431 490
432 491
433 492
433 493
434 494
435 495
436 496
437 497
438 498
439 498
440 498
441 498
442 498
442 497
443 496
443 495
444 494
444 493
445 492
446 492
447 492
448 493
449 494
450 494
451 495
452 496
453 496
454 497
455 498
456 498
457 499
458 500
459 500
460 501
461 501
462 502
463 503
464 503
465 504
466 504
467 505
468 506
469 506
470 507
471 507
472 508
473 508
474 509
475 509
476 510
477 510
478 511
479 511
480 512
481 512
482 513
483 513
484 514
485 514
486 515
487 515
488 516
489 516
490 517
491 517
492 518
493 518
494 519
495 519
496 519
497 520
498 520
499 521
500 521
501 521
502 522
503 522
504 523
505 523
506 523
507 524
508 524
509 525
510 525
511 525
512 526
513 526
514 526
515 527
516 527
517 527
518 527
519 528
520 528
521 528
522 528
523 529
524 529
525 529
526 529
527 530
528 530
529 530
530 530
531 530
532 530
533 531
534 531
535 531
536 531
537 531
538 531
539 531
540 531
541 531
542 531
543 531
544 532
545 532
546 532
547 532
548 532
549 532
550 532
551 532
552 532
553 532
554 532
555 532
556 532
557 532
558 532
559 532
560 532
561 532
562 532
563 532
564 532
565 532
566 531
567 531
568 531
569 531
570 531
571 531
572 531
573 531
574 531
575 531
576 531
577 530
578 530
579 530
580 530
581 530
582 530
583 530
584 529
585 529
586 529
587 529
588 529
589 528
590 528
591 528
592 528
593 527
594 527
595 527
596 527
597 526
598 526
599 526
600 525
601 525
602 525
603 524
604 524
605 524
606 523
607 523
608 522
609 522
610 522
611 521
612 521
613 520
614 520
615 519
616 519
617 518
618 518
619 517
620 517
621 516
622 516
623 515
624 514
625 514
626 513
627 513
628 512
629 511
630 511
631 510
632 509
633 509
634 508
635 507
636 506
637 506
638 505
639 504
640 503
641 502
642 502
643 501
644 500
645 499
646 498
647 497
648 496
649 495
650 494
651 493
652 492
653 491
654 490
655 489
656 488
657 487
657 486
658 485
659 484
660 483
661 482
662 481
662 480
663 479
664 478
665 477
665 476
666 475
667 474
667 473
668 472
669 471
669 470
670 469
671 468
671 467
672 466
672 465
673 464
674 463
674 462
675 461
675 460
676 459
676 458
677 457
678 456
678 455
679 454
679 453
680 452
680 451
681 450
681 449
681 448
682 447
682 446
683 445
683 444
684 443
684 442
685 441
685 440
685 439
686 438
686 437
686 436
687 435
687 434
687 433
688 432
688 431
688 430
689 429
689 428
689 427
690 426
690 425
690 424
691 423
691 422
691 421
691 420
692 419
692 418
692 417
692 416
692 415
693 414
693 413
693 412
693 411
693 410
693 409
693 408
693 407
694 406
694 405
694 404
694 403
693 402
693 401
693 400
693 399
693 398
693 397
693 396
692 395
692 394
692 393
692 392
692 391
691 390
691 389
691 388
691 387
690 386
690 385
690 384
690 383
689 382
689 381
689 380
688 379
688 378
688 377
687 376
687 375
687 374
686 373
686 372
686 371
685 370
685 369
684 368
684 367
684 366
683 365
683 364
682 363
682 362
681 361
681 360
680 359
680 358
679 357
679 356
678 355
678 354
677 353
677 352
676 351
676 350
675 349
675 348
674 347
673 346
673 345
672 344
672 343
671 342
670 341
670 340
669 339
668 338
668 337
667 336
666 335
666 334
665 333
664 332
663 331
663 330
662 329
661 328
660 327
660 326
659 325
658 324
657 323
656 322
655 321
654 320
653 319
653 318
652 317
651 316
650 315
649 314
648 313
647 312
646 311
645 311
644 310
643 309
642 308
641 307
640 306
639 305
638 305
637 304
636 303
635 302
634 302
633 301
632 300
631 299
630 299
629 298
628 297
627 297
626 296
625 296
624 295
623 294
622 294
621 293
620 293
619 292
618 292
617 291
616 291
615 290
614 290
613 289
612 289
611 288
610 288
609 287
608 287
607 287
606 286
605 286
604 285
603 285
602 285
601 284
600 284
599 284
598 283
597 283
596 283
595 283
594 282
593 282
592 282
591 282
590 281
589 281
588 281
587 281
586 280
585 280
584 280
583 280
582 280
581 280
580 279
579 279
578 279
577 279
576 279
575 279
574 279
573 279
572 278
571 278
570 278
569 278
568 278
567 278
566 278
565 278
564 278
563 278
562 278
561 278
560 278
559 278
558 278
557 278
556 278
555 278
554 278
553 278
552 278
551 278
550 278
549 278
548 278
547 278
546 278
545 278
544 278
543 278
542 278
541 278
540 278
539 278
538 278
537 278
