432 287
431 288
431 289
430 290
430 291
430 292
430 293
430 294
430 295
430 296
430 297
430 298
430 299
430 300
430 301
430 302
430 303
430 304
430 305
430 306
430 307
430 308
430 309
430 310
430 311
430 312
430 313
430 314
430 315
430 316
430 317
430 318
430 319
430 320
430 321
430 322
430 323
430 324
430 325
430 326
430 327
430 328
430 329
430 330
430 331
430 332
430 333
430 334
430 335
430 336
430 337
430 338
430 339
430 340
430 341
430 342
430 343
430 344
430 345
430 346
430 347
430 348
430 349
430 350
430 351
430 352
430 353
430 354
430 355
430 356
430 357
430 358
430 359
430 360
430 361
430 362
430 363
430 364
430 365
430 366
430 367
430 368
430 369
430 370
430 371
430 372
430 373
430 374
430 375
430 376
430 377
430 378
430 379
430 380
430 381
430 382
430 383
430 384
430 385
430 386
430 387
430 388
430 389
430 390
430 391
430 392
430 393
430 394
430 395
430 396
430 397
430 398
430 399
430 400
430 401
430 402
430 403
430 404
430 405
430 406
430 407
430 408
430 409
430 410
430 411
430 412
430 413
430 414
430 415
430 416
430 417
430 418
430 419
430 420
430 421
430 422
430 423
430 424
430 425
430 426
430 427
430 428
430 429
430 430
430 431
430 432
430 433
430 434
430 435
430 436
430 437
430 438
430 439
430 440
430 441
430 442
430 443
430 444
430 445
430 446
430 447
430 448
430 449
430 450
430 451
430 452
430 453
430 454
430 455
430 456
430 457
430 458
430 459
430 460
430 461
430 462
430 463
430 464
430 465
430 466
430 467
430 468
430 469
430 470
430 471
430 472
430 473
430 474
430 475
430 476
430 477
430 478
430 479
430 480
430 481
430 482
430 483
430 484
430 485
430 486
430 487
430 488
430 489
430 490
430 491
430 492
430 493
430 494
430 495
430 496
430 497
430 498
430 499
430 500
430 501
430 502
430 503
430 504
430 505
430 506
430 507
430 508
430 509
430 510
430 511
430 512
430 513
430 514
430 515
430 516
430 517
430 518
430 519
430 520
430 521
430 522
430 523
430 524
430 525
430 526
430 527
430 528
430 529
430 530
430 531
430 532
430 533
430 534
430 535
430 536
430 537
430 538
430 539
430 540
430 541
430 542
430 543
430 544
430 545
430 546
430 547
431 548
431 549
432 549
433 549
434 549
435 549
436 549
437 549
438 549
439 549
440 549
441 549
442 549
443 549
444 549
445 549
446 548
447 548
448 548
449 548
450 548
451 548
452 548
453 548
454 548
455 548
456 548
457 548
458 548
459 548
460 548
461 548
462 548
463 548
464 547
465 547
466 547
467 547
468 547
469 547
470 547
471 547
472 547
473 547
474 547
475 547
476 546
477 546
478 546
479 546
480 546
481 546
482 546
483 546
484 545
485 545
486 545
487 545
488 545
489 544
490 544
491 544
492 544
493 544
494 543
495 543
496 543
497 543
498 542
499 542
500 542
501 542
502 541
503 541
504 541
505 540
506 540
507 540
508 539
509 539
510 539
511 538
512 538
513 537
514 537
515 537
516 536
517 536
518 535
519 535
520 534
521 534
522 533
523 533
524 532
525 532
526 531
527 531
528 530
529 530
530 529
531 528
532 528
533 527
534 527
535 526
536 525
537 525
538 524
539 523
540 523
541 522
542 521
543 521
544 520
545 519
546 518
547 518
548 517
549 516
550 515
551 514
552 514
553 513
554 512
555 511
556 510
557 509
558 508
559 507
560 506
561 505
562 504
563 503
564 502
565 501
566 500
567 499
568 498
569 497
569 496
570 495
571 494
572 493
573 492
573 491
574 490
575 489
576 488
576 487
577 486
578 485
578 484
579 483
580 482
580 481
581 480
582 479
582 478
583 477
583 476
584 475
584 474
585 473
585 472
586 471
586 470
587 469
587 468
588 467
588 466
588 465
589 464
589 463
590 462
590 461
590 460
591 459
591 458
591 457
592 456
592 455
592 454
592 453
593 452
593 451
593 450
594 449
594 448
594 447
594 446
595 445
595 444
595 443
595 442
596 441
596 440
596 439
596 438
596 437
596 436
597 435
597 434
597 433
597 432
597 431
597 430
597 429
597 428
597 427
597 426
597 425
598 424
598 423
598 422
598 421
598 420
598 419
598 418
598 417
598 416
598 415
598 414
598 413
598 412
598 411
597 410
597 409
597 408
597 407
597 406
597 405
597 404
597 403
597 402
597 401
597 400
596 399
596 398
596 397
596 396
596 395
596 394
595 393
595 392
595 391
595 390
594 389
594 388
594 387
594 386
593 385
593 384
593 383
592 382
592 381
592 380
592 379
591 378
591 377
590 376
590 375
590 374
589 373
589 372
589 371
588 370
588 369
588 368
587 367
587 366
586 365
586 364
585 363
585 362
584 361
583 360
583 359
582 358
582 357
581 356
581 355
580 354
579 353
579 352
578 351
577 350
577 349
576 348
575 347
574 346
574 345
573 344
572 343
571 342
571 341
570 340
569 339
568 338
567 337
566 336
565 335
564 334
563 333
562 332
561 331
560 330
559 329
558 328
557 327
556 326
555 325
554 324
553 323
552 322
551 321
550 321
549 320
548 319
547 318
546 318
545 317
544 316
543 315
542 315
541 314
540 313
539 313
538 312
537 311
536 311
535 310
534 309
533 309
532 308
531 308
530 307
529 307
528 306
527 305
526 305
525 304
524 304
523 303
522 303
521 302
520 302
519 301
518 301
517 300
516 300
515 300
514 299
513 299
512 298
511 298
510 298
509 297
508 297
507 296
506 296
505 296
504 295
503 295
502 295
501 295
500 294
499 294
498 294
497 294
496 293
495 293
494 293
493 293
492 292
491 292
490 292
489 292
488 292
487 291
486 291
485 291
484 291
483 291
482 291
481 290
480 290
479 290
478 290
477 290
476 290
475 290
474 290
473 290
472 289
471 289
470 289
469 289
468 289
467 289
466 289
465 289
464 289
463 289
462 289
461 289
460 289
459 289
458 289
457 288
456 288
455 288
454 288
453 288
452 288
451 288
450 288
449 288
448 288
447 288
446 288
445 288
444 288
443 288
442 288
441 288
440 288
439 287
438 287
437 287
436 287
435 287
434 287
433 287
432 287
