504 237
503 238
502 238
501 238
500 238
499 238
498 238
497 238
496 238
495 238
494 238
493 238
492 239
491 239
490 239
489 239
488 239
487 239
486 239
485 240
484 240
483 240
482 240
481 240
480 240
479 241
478 241
477 241
476 241
475 241
474 242
473 242
472 242
471 242
470 243
469 243
468 243
467 243
466 244
465 244
464 244
463 245
462 245
461 245
460 245
459 246
458 246
457 246
456 247
455 247
454 247
453 248
452 248
451 248
450 249
449 249
448 250
447 250
446 250
445 251
444 251
443 252
442 252
441 253
440 253
439 253
438 254
437 254
436 255
435 255
434 256
433 256
432 257
431 257
430 258
429 258
428 259
427 260
426 260
425 261
424 261
423 262
422 262
421 263
420 264
419 264
418 265
417 265
416 266
415 267
414 267
413 268
412 269
411 269
410 270
409 271
408 272
407 272
406 273
405 274
404 275
403 275
402 276
401 277
400 278
399 279
398 279
397 280
396 281
395 282
394 283
393 284
392 285
391 286
390 287
389 287
388 288
387 289
386 290
385 291
384 292
383 293
383 294
382 295
381 296
380 297
379 298
378 299
377 300
376 301
375 302
375 303
374 304
373 305
372 306
371 307
371 308
370 309
369 310
368 311
368 312
367 313
366 314
366 315
365 316
364 317
364 318
363 319
362 320
362 321
361 322
360 323
360 324
359 325
359 326
358 327
357 328
357 329
357 330
356 331
356 332
355 333
355 334
355 335
354 336
354 337
353 338
353 339
353 340
352 341
352 342
351 343
351 344
351 345
350 346
350 347
349 348
349 349
349 350
348 351
348 352
348 353
347 354
347 355
346 356
346 357
346 358
345 359
345 360
345 361
345 362
344 363
344 364
344 365
343 366
343 367
343 368
343 369
342 370
342 371
342 372
342 373
342 374
342 375
342 376
342 377
342 378
342 379
342 380
342 381
342 382
342 383
342 384
342 385
342 386
342 387
342 388
342 389
342 390
342 391
342 392
342 393
342 394
342 395
342 396
342 397
342 398
342 399
342 400
342 401
342 402
342 403
342 404
342 405
342 406
342 407
342 408
342 409
342 410
342 411
342 412
342 413
342 414
342 415
342 416
342 417
342 418
342 419
342 420
342 421
342 422
342 423
342 424
342 425
342 426
342 427
342 428
342 429
342 430
342 431
342 432
342 433
342 434
342 435
342 436
342 437
342 438
342 439
342 440
342 441
342 442
342 443
342 444
342 445
342 446
342 447
342 448
342 449
342 450
342 451
342 452
342 453
342 454
342 455
342 456
342 457
342 458
342 459
342 460
342 461
342 462
342 463
342 464
342 465
342 466
343 467
343 468
343 469
343 470
344 471
344 472
344 473
345 474
345 475
345 476
345 477
346 478
346 479
346 480
347 481
347 482
348 483
348 484
348 485
349 486
349 487
350 488
350 489
350 490
351 491
351 492
352 493
352 494
352 495
353 496
353 497
353 498
354 499
354 500
355 501
355 502
355 503
356 504
356 505
357 506
357 507
358 508
358 509
359 510
359 511
360 512
361 513
361 514
362 515
362 516
363 517
364 518
364 519
365 520
366 521
366 522
367 523
368 524
369 525
369 526
370 527
371 528
372 529
372 530
373 531
374 532
375 533
376 534
377 535
377 536
378 537
379 538
380 539
381 540
382 541
383 542
384 543
385 544
386 545
387 546
388 547
389 548
390 549
391 550
392 551
393 552
394 553
395 554
396 555
397 555
398 556
399 557
400 558
401 559
402 560
403 560
404 561
405 562
406 563
407 563
408 564
409 565
410 566
411 566
412 567
413 568
414 568
415 569
416 570
417 570
418 571
419 572
420 572
421 573
422 573
423 574
424 574
425 575
426 576
427 576
428 577
429 577
430 578
431 578
432 579
433 579
434 580
435 580
436 581
437 581
438 582
439 582
440 583
441 583
442 584
443 584
444 584
445 585
446 585
447 586
448 586
449 586
450 587
451 587
452 588
453 588
454 588
455 589
456 589
457 589
458 590
459 590
460 590
461 591
462 591
463 591
464 591
465 592
466 592
467 592
468 593
469 593
470 593
471 593
472 594
473 594
474 594
475 594
476 594
477 595
478 595
479 595
480 595
481 595
482 596
483 596
484 596
485 596
486 596
487 596
488 597
489 597
490 597
491 597
492 597
493 597
494 597
495 598
496 598
497 598
498 598
499 598
500 598
501 598
502 598
503 598
504 598
505 598
506 598
507 598
508 598
509 598
510 598
511 599
512 599
513 599
514 599
515 599
516 599
517 599
518 599
519 598
520 598
521 598
522 598
523 598
524 598
525 598
526 598
527 598
528 598
529 598
530 598
531 598
532 598
533 598
534 597
535 597
536 597
537 597
538 597
539 597
540 597
541 597
542 596
543 596
544 596
545 596
546 596
547 596
548 595
549 595
550 595
551 595
552 595
553 594
554 594
555 594
556 594
557 593
558 593
559 593
560 593
561 593
562 592
563 592
564 592
565 591
566 591
567 591
568 590
569 590
570 590
571 589
572 589
573 589
574 588
575 588
576 588
577 587
578 587
579 587
580 586
581 586
582 585
583 585
584 585
585 584
586 584
587 583
588 583
589 582
590 582
591 582
592 581
593 581
594 580
595 580
596 579
597 579
598 578
599 578
600 577
601 576
602 576
603 575
604 575
605 574
606 574
607 573
608 572
609 572
610 571
611 571
612 570
613 569
614 569
615 568
616 567
617 567
618 566
619 565
620 564
621 564
622 563
623 562
624 562
625 561
626 560
627 559
628 558
629 558
630 557
631 556
632 555
633 554
634 553
635 552
636 552
637 551
638 550
639 549
640 548
641 547
642 546
643 545
644 544
645 543
646 542
647 541
648 540
649 539
649 538
650 537
651 536
652 535
653 534
654 533
655 532
655 531
656 530
657 529
658 528
659 527
659 526
660 525
661 524
661 523
662 522
663 521
664 520
664 519
665 518
666 517
666 516
667 515
667 514
668 513
669 512
669 511
670 510
670 509
671 508
672 507
672 506
673 505
673 504
674 503
674 502
675 501
675 500
676 499
676 498
677 497
677 496
678 495
678 494
679 493
679 492
680 491
680 490
680 489
681 488
681 487
682 486
682 485
682 484
683 483
683 482
684 481
684 480
684 479
685 478
685 477
685 476
686 475
686 474
686 473
687 472
687 471
687 470
688 469
688 468
688 467
688 466
689 465
689 464
689 463
690 462
690 461
690 460
690 459
690 458
691 457
691 456
691 455
691 454
692 453
692 452
692 451
692 450
692 449
692 448
693 447
693 446
693 445
693 444
693 443
693 442
694 441
694 440
694 439
694 438
694 437
694 436
694 435
694 434
694 433
695 432
695 431
695 430
695 429
695 428
695 427
695 426
695 425
695 424
695 423
695 422
695 421
695 420
695 419
695 418
695 417
695 416
695 415
695 414
695 413
695 412
695 411
695 410
695 409
695 408
695 407
695 406
695 405
695 404
694 403
694 402
694 401
694 400
694 399
694 398
694 397
694 396
694 395
693 394
693 393
693 392
693 391
693 390
693 389
693 388
692 387
692 386
692 385
692 384
692 383
691 382
691 381
691 380
691 379
691 378
690 377
690 376
690 375
690 374
689 373
689 372
689 371
689 370
688 369
688 368
688 367
687 366
687 365
687 364
686 363
686 362
686 361
686 360
685 359
685 358
684 357
684 356
684 355
683 354
683 353
683 352
682 351
682 350
681 349
681 348
681 347
680 346
680 345
679 344
679 343
678 342
678 341
677 340
677 339
676 338
676 337
675 336
675 335
674 334
674 333
673 332
673 331
672 330
672 329
671 328
671 327
670 326
669 325
669 324
668 323
668 322
667 321
666 320
666 319
665 318
664 317
664 316
663 315
662 314
662 313
661 312
660 311
659 310
659 309
658 308
657 307
656 306
656 305
655 304
654 303
653 302
652 301
651 300
651 299
650 298
649 297
648 296
647 295
646 294
645 293
644 292
643 291
642 290
641 289
640 288
639 287
638 286
637 285
636 284
635 283
634 282
633 281
632 281
631 280
630 279
629 278
628 277
627 276
626 276
625 275
624 274
623 273
622 273
621 272
620 271
619 270
618 270
617 269
616 268
615 268
614 267
613 266
612 266
611 265
610 265
609 264
608 263
607 263
606 262
605 262
604 261
603 260
602 260
601 259
600 259
599 258
598 258
597 257
596 257
595 256
594 256
593 255
592 255
591 254
590 254
589 253
588 253
587 252
586 252
585 252
584 251
583 251
582 250
581 250
580 249
579 249
578 249
577 248
576 248
575 248
574 247
573 247
572 247
571 246
570 246
569 246
568 245
567 245
566 245
565 244
564 244
563 244
562 243
561 243
560 243
559 243
558 242
557 242
556 242
555 242
554 241
553 241
552 241
551 241
550 241
549 240
548 240
547 240
546 240
545 240
544 240
543 239
542 239
541 239
540 239
539 239
538 239
537 239
536 238
535 238
534 238
533 238
532 238
531 238
530 238
529 238
528 238
527 238
526 238
525 237
524 237
523 237
522 237
521 237
520 237
519 237
518 237
517 237
516 237
515 237
514 237
513 237
512 237
511 237
510 237
509 237
508 237
507 237
506 237
505 237
504 237
