513 338
512 339
512 340
512 341
512 342
512 343
512 344
512 345
512 346
512 347
512 348
512 349
512 350
512 351
512 352
512 353
512 354
512 355
512 356
512 357
512 358
512 359
512 360
512 361
512 362
512 363
512 364
512 365
512 366
512 367
512 368
512 369
512 370
512 371
512 372
512 373
512 374
512 375
512 376
512 377
512 378
512 379
512 380
512 381
512 382
512 383
512 384
512 385
512 386
512 387
512 388
512 389
512 390
512 391
512 392
512 393
512 394
512 395
512 396
512 397
512 398
512 399
512 400
512 401
512 402
512 403
512 404
512 405
512 406
512 407
512 408
512 409
512 410
512 411
512 412
512 413
512 414
512 415
512 416
512 417
512 418
512 419
512 420
512 421
512 422
512 423
512 424
512 425
512 426
512 427
512 428
512 429
512 430
512 431
512 432
512 433
512 434
512 435
512 436
512 437
512 438
512 439
512 440
512 441
512 442
512 443
512 444
512 445
512 446
512 447
512 448
512 449
512 450
513 451
513 452
514 452
515 452
516 452
517 452
518 451
519 450
520 449
521 448
522 448
523 448
524 448
525 448
526 448
527 448
528 448
529 447
530 447
531 447
532 447
533 447
534 447
535 447
536 446
537 446
538 446
539 445
540 445
541 445
542 445
543 444
544 444
545 443
546 443
547 443
548 442
549 442
550 441
551 441
552 440
553 440
554 439
555 439
556 438
557 437
558 437
559 436
560 436
561 435
562 434
563 434
564 433
565 432
566 431
567 431
568 430
569 429
570 428
571 427
572 426
573 425
574 424
575 423
576 422
577 421
577 420
578 419
579 418
580 417
580 416
581 415
581 414
582 413
582 412
583 411
583 410
584 409
584 408
584 407
585 406
585 405
585 404
586 403
586 402
586 401
586 400
586 399
586 398
587 397
587 396
587 395
587 394
587 393
586 392
586 391
586 390
586 389
586 388
586 387
585 386
585 385
585 384
585 383
584 382
584 381
583 380
583 379
582 378
582 377
581 376
581 375
580 374
580 373
579 372
578 371
578 370
577 369
576 368
575 367
574 366
573 365
572 364
571 363
570 362
569 361
568 360
567 359
566 358
565 358
564 357
563 356
562 356
561 355
560 354
559 354
558 353
557 352
556 352
555 351
554 351
553 350
552 350
551 349
550 349
549 348
548 348
547 347
546 347
545 346
544 346
543 346
542 345
541 345
540 345
539 344
538 344
537 344
536 344
535 343
534 343
533 343
532 343
531 343
530 343
529 342
528 342
527 342
526 342
525 342
524 342
523 342
522 342
521 341
520 341
519 340
518 339
517 338
516 338
515 338
514 338
513 338
