601 292
600 293
599 293
598 293
597 293
596 294
595 294
594 294
593 295
592 295
591 295
590 296
589 296
588 297
587 297
586 298
585 298
584 299
583 299
582 299
581 300
580 300
579 301
578 301
577 302
576 302
575 303
574 303
573 304
572 304
571 305
570 305
569 306
568 306
567 307
566 307
565 308
564 308
563 309
562 309
561 310
560 311
559 311
558 312
557 312
556 313
555 313
554 314
553 314
552 315
551 315
550 316
549 317
548 317
547 318
546 318
545 319
544 319
543 320
542 321
541 321
540 322
539 322
538 323
537 323
536 324
535 324
534 325
533 326
532 326
531 327
530 327
529 328
528 329
527 329
526 330
525 330
524 331
523 331
522 332
521 333
520 333
519 334
518 334
517 335
516 336
515 336
514 337
513 337
512 338
511 337
510 337
509 337
508 337
507 337
506 336
505 335
504 335
503 335
502 335
501 335
500 334
499 334
498 334
497 333
496 333
495 332
494 331
493 331
492 331
491 331
490 330
489 329
488 329
487 329
486 329
485 328
484 327
483 327
482 326
481 326
480 326
479 326
478 325
477 324
476 324
475 324
474 324
473 323
472 322
471 322
470 322
469 322
468 323
467 322
466 322
465 321
464 321
463 321
462 320
461 320
460 319
459 319
458 319
457 320
456 319
455 318
454 318
453 318
452 318
451 318
450 318
449 317
449 316
448 316
447 316
446 316
445 316
444 315
443 314
442 313
441 313
440 314
439 314
438 314
437 313
436 313
435 313
434 313
433 312
432 312
431 311
430 311
429 311
428 311
427 311
426 311
425 310
424 309
423 309
422 308
421 308
420 307
419 307
418 307
417 307
416 307
415 308
414 308
413 309
412 309
411 310
411 311
411 312
411 313
411 314
411 315
411 316
411 317
411 318
411 319
411 320
411 321
411 322
411 323
411 324
411 325
411 326
411 327
411 328
411 329
411 330
411 331
411 332
411 333
411 334
411 335
411 336
411 337
411 338
411 339
411 340
411 341
411 342
411 343
411 344
411 345
411 346
411 347
411 348
411 349
411 350
411 351
411 352
411 353
411 354
411 355
411 356
411 357
411 358
411 359
411 360
411 361
411 362
411 363
411 364
411 365
411 366
411 367
411 368
411 369
411 370
411 371
411 372
411 373
411 374
411 375
411 376
411 377
411 378
411 379
411 380
411 381
411 382
411 383
411 384
411 385
411 386
411 387
411 388
411 389
411 390
411 391
411 392
411 393
410 394
410 395
410 396
411 397
411 398
411 399
411 400
411 401
411 402
411 403
411 404
411 405
411 406
411 407
411 408
411 409
411 410
411 411
411 412
411 413
411 414
411 415
411 416
411 417
411 418
411 419
411 420
411 421
411 422
411 423
411 424
411 425
411 426
411 427
411 428
411 429
411 430
411 431
411 432
411 433
411 434
411 435
411 436
411 437
411 438
411 439
411 440
411 441
411 442
411 443
411 444
411 445
411 446
411 447
411 448
411 449
411 450
411 451
411 452
411 453
411 454
411 455
411 456
411 457
411 458
411 459
411 460
411 461
411 462
411 463
411 464
411 465
411 466
411 467
411 468
411 469
411 470
411 471
411 472
411 473
411 474
411 475
411 476
411 477
411 478
411 479
411 480
412 481
413 481
414 482
415 482
416 482
417 483
418 483
419 483
420 482
421 482
422 482
423 481
424 480
425 480
426 479
427 479
428 479
429 479
430 479
431 479
432 478
433 477
434 477
435 477
436 477
437 477
438 476
439 476
440 476
441 477
442 476
443 476
444 475
445 474
446 474
447 474
448 474
449 473
450 472
451 472
452 472
453 472
454 472
455 472
456 471
457 470
458 470
459 471
460 471
461 470
462 470
463 469
464 469
465 469
466 468
467 468
468 467
469 468
470 468
471 468
472 468
473 467
474 466
475 466
476 466
477 466
478 465
479 464
480 463
481 463
482 463
483 463
484 463
485 462
486 461
487 461
488 461
489 461
490 460
491 459
492 459
493 459
494 459
495 458
496 457
497 456
498 456
499 456
500 456
501 455
502 455
503 455
504 455
505 455
506 454
507 453
508 453
509 453
510 453
511 453
512 452
513 453
514 453
515 454
516 454
517 455
518 455
519 456
520 457
521 457
522 458
523 458
524 459
525 460
526 460
527 461
528 461
529 462
530 463
531 463
532 464
533 464
534 465
535 465
536 466
537 467
538 467
539 468
540 468
541 469
542 469
543 470
544 470
545 471
546 472
547 472
548 473
549 473
550 474
551 474
552 475
553 476
554 476
555 477
556 477
557 478
558 478
559 479
560 479
561 480
562 480
563 481
564 481
565 482
566 482
567 483
568 483
569 484
570 485
571 485
572 486
573 486
574 486
575 487
576 487
577 488
578 488
579 489
580 489
581 490
582 490
583 491
584 491
585 492
586 492
587 493
588 493
589 494
590 494
591 494
592 495
593 495
594 496
595 496
596 496
597 497
598 497
599 497
600 497
601 497
602 498
603 498
604 498
605 498
606 498
607 498
608 498
609 498
610 498
611 498
612 498
613 498
614 498
615 498
616 498
617 497
618 497
619 497
620 497
621 497
622 497
623 496
624 496
625 496
626 496
627 496
628 495
629 495
630 495
631 495
632 494
633 494
634 494
635 494
636 493
637 493
638 493
639 492
640 492
641 492
642 491
643 491
644 491
645 490
646 490
647 490
648 489
649 489
650 489
651 488
652 488
653 487
654 487
655 486
656 486
657 486
658 485
659 485
660 484
661 484
662 483
663 483
664 482
665 482
666 481
667 480
668 480
669 479
670 479
671 478
672 477
673 477
674 476
675 475
676 475
677 474
678 473
679 473
680 472
681 471
682 470
683 470
684 469
685 468
686 467
687 466
688 465
689 464
690 463
691 462
692 461
693 460
693 459
694 458
695 457
696 456
696 455
697 454
698 453
698 452
699 451
700 450
700 449
701 448
701 447
702 446
702 445
703 444
703 443
703 442
704 441
704 440
705 439
705 438
705 437
706 436
706 435
706 434
706 433
707 432
707 431
707 430
707 429
708 428
708 427
708 426
708 425
708 424
709 423
709 422
709 421
709 420
709 419
709 418
709 417
710 416
710 415
710 414
710 413
710 412
710 411
710 410
710 409
710 408
710 407
710 406
711 405
711 404
711 403
711 402
711 401
711 400
711 399
711 398
711 397
711 396
711 395
711 394
711 393
711 392
711 391
711 390
711 389
711 388
711 387
711 386
711 385
710 384
710 383
710 382
710 381
710 380
710 379
710 378
710 377
710 376
710 375
710 374
709 373
709 372
709 371
709 370
709 369
709 368
709 367
708 366
708 365
708 364
708 363
708 362
707 361
707 360
707 359
707 358
706 357
706 356
706 355
706 354
705 353
705 352
705 351
704 350
704 349
703 348
703 347
703 346
702 345
702 344
701 343
701 342
700 341
700 340
699 339
698 338
698 337
697 336
697 335
696 334
695 333
694 332
694 331
693 330
692 329
691 328
690 327
689 326
688 325
687 324
686 323
685 322
684 321
683 320
682 320
681 319
680 318
679 317
678 316
677 316
676 315
675 314
674 314
673 313
672 312
671 312
670 311
669 311
668 310
667 309
666 309
665 308
664 308
663 307
662 307
661 306
660 306
659 305
658 305
657 304
656 304
655 303
654 303
653 303
652 302
651 302
650 301
649 301
648 301
647 300
646 300
645 299
644 299
643 299
642 298
641 298
640 298
639 297
638 297
637 297
636 297
635 296
634 296
633 296
632 295
631 295
630 295
629 295
628 295
627 294
626 294
625 294
624 294
623 293
622 293
621 293
620 293
619 293
618 293
617 292
616 292
615 292
614 292
613 292
612 292
611 292
610 292
609 292
608 292
607 292
606 292
605 292
604 292
603 292
602 292
601 292
