548 301
547 302
546 302
545 303
544 304
543 305
542 305
541 306
540 307
539 308
538 308
537 309
536 310
535 311
534 312
533 313
532 314
531 315
530 316
529 317
528 318
528 319
527 320
526 321
525 321
524 322
523 322
522 322
521 322
520 323
519 323
518 324
517 324
516 325
515 325
514 326
513 326
512 326
511 326
510 327
509 327
508 327
507 328
506 328
505 329
504 329
503 330
502 330
501 330
500 330
499 330
498 330
497 331
496 331
495 331
494 332
494 333
493 334
493 335
493 336
493 337
493 338
493 339
493 340
493 341
493 342
493 343
493 344
493 345
493 346
493 347
493 348
493 349
493 350
493 351
493 352
493 353
493 354
493 355
493 356
493 357
493 358
493 359
493 360
493 361
493 362
493 363
493 364
493 365
493 366
493 367
493 368
493 369
493 370
493 371
493 372
493 373
493 374
493 375
493 376
493 377
493 378
493 379
493 380
493 381
493 382
493 383
493 384
493 385
493 386
493 387
493 388
493 389
493 390
493 391
493 392
493 393
493 394
493 395
493 396
493 397
493 398
493 399
493 400
493 401
493 402
493 403
493 404
493 405
493 406
493 407
493 408
493 409
493 410
493 411
493 412
493 413
493 414
493 415
493 416
493 417
493 418
493 419
493 420
493 421
493 422
493 423
493 424
493 425
493 426
493 427
493 428
493 429
493 430
493 431
493 432
493 433
493 434
493 435
493 436
493 437
493 438
493 439
493 440
493 441
493 442
493 443
493 444
493 445
493 446
493 447
493 448
493 449
493 450
493 451
493 452
493 453
493 454
493 455
493 456
493 457
493 458
493 459
493 460
493 461
493 462
493 463
493 464
493 465
493 466
493 467
494 468
494 469
495 470
496 470
497 471
498 471
499 471
500 471
501 471
502 471
503 471
504 472
505 472
506 473
507 474
508 474
509 474
510 475
511 475
512 475
513 475
514 475
515 476
516 477
517 477
518 478
519 478
520 479
521 479
522 479
523 480
524 480
525 480
526 480
527 481
528 482
528 483
529 484
530 485
531 486
532 487
533 488
534 489
535 490
536 491
537 492
538 493
539 494
540 495
541 495
542 496
543 497
544 497
545 498
546 499
547 500
548 500
549 500
550 501
551 501
552 501
553 500
554 500
555 499
556 499
557 498
558 497
559 496
560 496
561 495
562 494
563 493
564 492
565 492
566 491
567 490
568 489
569 488
570 487
571 486
572 486
573 485
574 484
575 483
576 482
577 481
578 480
579 479
580 478
581 477
581 476
582 475
583 474
584 473
585 472
585 471
586 470
587 469
588 468
588 467
589 466
589 465
590 464
591 463
591 462
592 461
592 460
593 459
593 458
594 457
594 456
594 455
595 454
595 453
596 452
596 451
596 450
597 449
597 448
597 447
598 446
598 445
598 444
599 443
599 442
599 441
599 440
600 439
600 438
600 437
600 436
600 435
601 434
601 433
601 432
601 431
601 430
601 429
602 428
602 427
602 426
602 425
602 424
602 423
602 422
602 421
602 420
602 419
603 418
603 417
603 416
603 415
603 414
603 413
603 412
603 411
603 410
603 409
603 408
603 407
603 406
603 405
603 404
603 403
603 402
603 401
603 400
603 399
603 398
603 397
603 396
603 395
603 394
603 393
603 392
603 391
603 390
603 389
603 388
603 387
603 386
603 385
603 384
603 383
602 382
602 381
602 380
602 379
602 378
602 377
602 376
602 375
602 374
601 373
601 372
601 371
601 370
601 369
601 368
600 367
600 366
600 365
600 364
600 363
599 362
599 361
599 360
599 359
598 358
598 357
598 356
598 355
597 354
597 353
597 352
596 351
596 350
596 349
595 348
595 347
594 346
594 345
593 344
593 343
592 342
592 341
591 340
591 339
590 338
590 337
589 336
588 335
588 334
587 333
587 332
586 331
585 330
584 329
584 328
583 327
582 326
581 325
580 324
579 323
578 322
577 321
576 320
575 319
574 318
573 317
572 316
571 315
570 314
569 313
568 312
567 311
566 311
565 310
564 309
563 308
562 307
561 307
560 306
559 305
558 304
557 304
556 303
555 302
554 301
553 301
552 301
551 301
550 301
549 301
548 301
