490 208
489 209
488 209
487 209
486 209
485 209
484 209
483 209
482 209
481 209
480 209
479 210
478 210
477 210
476 210
475 210
474 210
473 210
472 211
471 211
470 211
469 211
468 211
467 211
466 212
465 212
464 212
463 212
462 213
461 213
460 213
459 213
458 214
457 214
456 214
455 214
454 215
453 215
452 215
451 215
450 216
449 216
448 216
447 217
446 217
445 217
444 218
443 218
442 218
441 219
440 219
439 220
438 220
437 220
436 221
435 221
434 222
433 222
432 222
431 223
430 223
429 224
428 224
427 225
426 225
425 226
424 226
423 227
422 227
421 228
420 228
419 229
418 229
417 230
416 230
415 231
414 231
413 232
412 233
411 233
410 234
409 234
408 235
407 236
406 236
405 237
404 238
403 238
402 239
401 240
400 240
399 241
398 242
397 242
396 243
395 244
394 245
393 245
392 246
391 247
390 248
389 249
388 249
387 250
386 251
385 252
384 253
383 254
382 255
381 256
380 257
379 257
378 258
377 259
376 260
375 261
374 262
373 263
372 264
372 265
371 266
370 267
369 268
368 269
367 270
366 271
365 272
365 273
364 274
363 275
362 276
361 277
360 278
360 279
359 280
359 281
359 282
358 283
357 284
357 285
356 286
355 287
354 288
354 289
353 290
352 291
352 292
351 293
351 294
350 295
349 296
349 297
348 298
347 299
347 300
346 301
346 302
345 303
345 304
344 305
343 306
343 307
342 308
342 309
341 310
341 311
340 312
340 313
339 314
339 315
339 316
339 317
339 318
339 319
339 320
339 321
339 322
339 323
339 324
339 325
339 326
339 327
339 328
339 329
339 330
339 331
339 332
339 333
339 334
339 335
339 336
339 337
339 338
339 339
339 340
339 341
339 342
339 343
339 344
339 345
339 346
339 347
339 348
339 349
339 350
339 351
339 352
339 353
339 354
339 355
339 356
339 357
339 358
339 359
339 360
339 361
339 362
339 363
339 364
339 365
339 366
339 367
339 368
339 369
339 370
339 371
339 372
339 373
339 374
339 375
339 376
339 377
339 378
339 379
339 380
339 381
339 382
339 383
339 384
339 385
339 386
339 387
339 388
339 389
339 390
339 391
339 392
339 393
339 394
339 395
339 396
339 397
339 398
339 399
339 400
339 401
339 402
339 403
339 404
339 405
339 406
339 407
339 408
339 409
339 410
339 411
339 412
339 413
339 414
339 415
339 416
339 417
339 418
339 419
339 420
339 421
339 422
339 423
339 424
339 425
339 426
339 427
339 428
339 429
339 430
339 431
339 432
339 433
339 434
339 435
339 436
339 437
339 438
339 439
339 440
339 441
339 442
339 443
339 444
339 445
339 446
339 447
339 448
339 449
339 450
339 451
339 452
339 453
339 454
339 455
339 456
339 457
339 458
339 459
339 460
339 461
339 462
339 463
339 464
339 465
339 466
339 467
339 468
339 469
339 470
339 471
339 472
339 473
339 474
339 475
339 476
339 477
339 478
339 479
339 480
339 481
339 482
339 483
339 484
340 485
340 486
341 487
341 488
342 489
342 490
343 491
343 492
344 493
344 494
345 495
345 496
346 497
347 498
347 499
348 500
348 501
349 502
350 503
350 504
351 505
351 506
352 507
353 508
353 509
354 510
355 511
355 512
356 513
357 514
358 515
358 516
359 517
359 518
360 519
360 520
361 521
362 522
363 523
363 524
364 525
365 526
366 527
367 528
368 529
368 530
369 531
370 532
371 533
372 534
373 535
374 536
375 537
376 538
377 539
378 540
379 541
380 542
381 543
382 544
383 545
384 546
385 546
386 547
387 548
388 549
389 550
390 551
391 551
392 552
393 553
394 554
395 555
396 555
397 556
398 557
399 557
400 558
401 559
402 560
403 560
404 561
405 562
406 562
407 563
408 563
409 564
410 565
411 565
412 566
413 567
414 567
415 568
416 568
417 569
418 569
419 570
420 570
421 571
422 571
423 572
424 572
425 573
426 573
427 574
428 574
429 575
430 575
431 576
432 576
433 576
434 577
435 577
436 578
437 578
438 578
439 579
440 579
441 580
442 580
443 580
444 581
445 581
446 581
447 582
448 582
449 582
450 583
451 583
452 583
453 584
454 584
455 584
456 584
457 585
458 585
459 585
460 585
461 586
462 586
463 586
464 586
465 587
466 587
467 587
468 587
469 587
470 588
471 588
472 588
473 588
474 588
475 588
476 588
477 589
478 589
479 589
480 589
481 589
482 589
483 589
484 589
485 590
486 590
487 590
488 590
489 590
490 590
491 590
492 590
493 590
494 590
495 590
496 590
497 590
498 590
499 590
500 590
501 590
502 590
503 590
504 590
505 590
506 590
507 590
508 590
509 590
510 590
511 590
512 590
513 590
514 590
515 590
516 590
517 590
518 589
519 589
520 589
521 589
522 589
523 589
524 589
525 589
526 588
527 588
528 588
529 588
530 588
531 588
532 587
533 587
534 587
535 587
536 587
537 587
538 586
539 586
540 586
541 586
542 585
543 585
544 585
545 585
546 584
547 584
548 584
549 583
550 583
551 583
552 583
553 582
554 582
555 582
556 581
557 581
558 581
559 580
560 580
561 580
562 579
563 579
564 578
565 578
566 578
567 577
568 577
569 576
570 576
571 575
572 575
573 575
574 574
575 574
576 573
577 573
578 572
579 572
580 571
581 571
582 570
583 570
584 569
585 569
586 568
587 567
588 567
589 566
590 566
591 565
592 564
593 564
594 563
595 563
596 562
597 561
598 561
599 560
600 559
601 559
602 558
603 557
604 556
605 556
606 555
607 554
608 553
609 553
610 552
611 551
612 550
613 549
614 549
615 548
616 547
617 546
618 545
619 544
620 543
621 542
622 541
623 541
624 540
625 539
626 538
627 537
628 536
629 535
629 534
630 533
631 532
632 531
633 530
634 529
635 528
636 527
637 526
637 525
638 524
639 523
640 522
641 521
641 520
642 519
643 518
644 517
644 516
645 515
646 514
647 513
647 512
648 511
649 510
649 509
650 508
651 507
651 506
652 505
652 504
653 503
654 502
654 501
655 500
655 499
656 498
657 497
657 496
658 495
658 494
659 493
659 492
660 491
660 490
661 489
661 488
662 487
662 486
663 485
663 484
664 483
664 482
665 481
665 480
666 479
666 478
666 477
667 476
667 475
668 474
668 473
668 472
669 471
669 470
670 469
670 468
670 467
671 466
671 465
671 464
672 463
672 462
672 461
673 460
673 459
673 458
674 457
674 456
674 455
674 454
675 453
675 452
675 451
676 450
676 449
676 448
676 447
677 446
677 445
677 444
677 443
677 442
678 441
678 440
678 439
678 438
678 437
679 436
679 435
679 434
679 433
679 432
679 431
680 430
680 429
680 428
680 427
680 426
680 425
680 424
681 423
681 422
681 421
681 420
681 419
681 418
681 417
681 416
681 415
681 414
681 413
682 412
682 411
682 410
682 409
682 408
682 407
682 406
682 405
682 404
682 403
682 402
682 401
682 400
682 399
682 398
682 397
682 396
682 395
682 394
682 393
682 392
682 391
682 390
682 389
682 388
682 387
681 386
681 385
681 384
681 383
681 382
681 381
681 380
681 379
681 378
681 377
681 376
680 375
680 374
680 373
680 372
680 371
680 370
680 369
680 368
679 367
679 366
679 365
679 364
679 363
679 362
678 361
678 360
678 359
678 358
678 357
677 356
677 355
677 354
677 353
676 352
676 351
676 350
676 349
675 348
675 347
675 346
675 345
674 344
674 343
674 342
673 341
673 340
673 339
672 338
672 337
672 336
671 335
671 334
671 333
671 332
670 331
670 330
669 329
669 328
669 327
668 326
668 325
667 324
667 323
667 322
666 321
666 320
665 319
665 318
664 317
664 316
664 315
663 314
663 313
662 312
662 311
661 310
661 309
660 308
660 307
659 306
659 305
658 304
657 303
657 302
656 301
656 300
655 299
655 298
654 297
653 296
653 295
652 294
652 293
651 292
650 291
650 290
649 289
648 288
648 287
647 286
646 285
646 284
645 283
644 282
643 281
643 280
642 279
641 278
640 277
639 276
639 275
638 274
637 273
636 272
635 271
635 270
634 269
633 268
632 267
631 266
630 265
629 264
628 263
627 262
626 261
625 260
624 259
623 258
622 257
621 256
620 255
619 254
618 253
617 252
616 252
615 251
614 250
613 249
612 248
611 247
610 247
609 246
608 245
607 244
606 244
605 243
604 242
603 241
602 241
601 240
600 239
599 239
598 238
597 237
596 236
595 236
594 235
593 235
592 234
591 233
590 233
589 232
588 232
587 231
586 230
585 230
584 229
583 229
582 228
581 228
580 227
579 227
578 226
577 226
576 225
575 225
574 224
573 224
572 223
571 223
570 223
569 222
568 222
567 221
566 221
565 220
564 220
563 220
562 219
561 219
560 219
559 218
558 218
557 217
556 217
555 217
554 216
553 216
552 216
551 216
550 215
549 215
548 215
547 214
546 214
545 214
544 214
543 213
542 213
541 213
540 213
539 212
538 212
537 212
536 212
535 212
534 211
533 211
532 211
531 211
530 211
529 210
528 210
527 210
526 210
525 210
524 210
523 210
522 209
521 209
520 209
519 209
518 209
517 209
516 209
515 209
514 209
513 209
512 209
511 208
510 208
509 208
508 208
507 208
506 208
505 208
504 208
503 208
502 208
501 208
500 208
499 208
498 208
497 208
496 208
495 208
494 208
493 208
492 208
491 208
490 208
