514 298
513 299
512 299
511 300
511 301
510 302
510 303
510 304
510 305
510 306
510 307
510 308
510 309
510 310
510 311
510 312
510 313
510 314
510 315
510 316
510 317
510 318
510 319
510 320
510 321
510 322
510 323
510 324
510 325
510 326
510 327
510 328
510 329
510 330
510 331
510 332
510 333
510 334
510 335
510 336
510 337
510 338
510 339
510 340
510 341
510 342
510 343
510 344
510 345
510 346
510 347
510 348
510 349
510 350
510 351
510 352
510 353
510 354
510 355
510 356
510 357
510 358
510 359
510 360
510 361
510 362
510 363
510 364
510 365
510 366
510 367
510 368
510 369
510 370
510 371
510 372
510 373
510 374
510 375
510 376
510 377
510 378
510 379
510 380
510 381
510 382
510 383
510 384
510 385
510 386
510 387
510 388
510 389
510 390
510 391
510 392
510 393
510 394
510 395
510 396
510 397
510 398
510 399
510 400
510 401
510 402
510 403
510 404
510 405
510 406
510 407
510 408
510 409
510 410
510 411
510 412
510 413
510 414
510 415
510 416
510 417
510 418
510 419
510 420
510 421
510 422
510 423
510 424
510 425
510 426
510 427
510 428
510 429
510 430
510 431
510 432
510 433
510 434
510 435
510 436
510 437
510 438
510 439
510 440
510 441
510 442
510 443
510 444
510 445
510 446
510 447
510 448
510 449
510 450
510 451
510 452
510 453
510 454
510 455
510 456
510 457
510 458
510 459
510 460
510 461
510 462
510 463
510 464
510 465
510 466
510 467
510 468
510 469
510 470
510 471
510 472
510 473
510 474
510 475
510 476
510 477
510 478
510 479
510 480
510 481
510 482
510 483
510 484
510 485
510 486
510 487
510 488
510 489
510 490
510 491
510 492
510 493
510 494
510 495
510 496
510 497
510 498
510 499
510 500
510 501
511 502
511 503
512 504
513 504
514 505
515 505
516 505
517 505
518 504
519 503
520 502
521 501
522 500
523 499
523 498
524 497
525 496
526 495
527 494
528 494
529 493
530 492
531 492
532 491
533 490
534 490
535 489
536 489
537 488
538 488
539 487
540 487
541 486
542 485
543 485
544 484
545 483
546 483
547 482
548 481
549 481
550 480
551 479
552 478
553 478
554 477
555 476
556 475
557 474
558 473
559 473
560 472
561 471
562 470
563 469
564 468
565 467
566 466
567 466
568 465
569 464
570 463
571 462
572 461
573 460
574 459
575 458
576 457
577 456
578 455
579 454
580 453
581 452
582 451
583 450
584 449
585 448
586 447
587 446
588 445
589 444
590 443
591 442
592 441
593 440
593 439
594 438
595 437
596 436
597 435
598 434
599 433
600 432
601 431
602 430
603 430
604 431
605 432
605 433
606 434
606 435
607 436
607 437
608 438
608 439
608 440
609 441
609 442
609 443
610 444
610 445
610 446
611 447
611 448
612 449
612 450
612 451
613 452
613 453
614 454
615 454
616 455
617 455
618 455
619 455
619 454
619 453
619 452
619 451
619 450
619 449
619 448
619 447
619 446
619 445
619 444
619 443
619 442
619 441
619 440
619 439
619 438
619 437
619 436
619 435
619 434
619 433
619 432
619 431
619 430
619 429
619 428
619 427
619 426
619 425
619 424
619 423
619 422
619 421
619 420
619 419
619 418
619 417
619 416
619 415
619 414
619 413
619 412
619 411
619 410
619 409
619 408
619 407
619 406
619 405
619 404
619 403
619 402
619 401
619 400
619 399
619 398
619 397
619 396
619 395
619 394
619 393
619 392
619 391
619 390
619 389
619 388
619 387
619 386
619 385
619 384
619 383
619 382
619 381
619 380
619 379
619 378
619 377
619 376
619 375
619 374
619 373
619 372
619 371
619 370
619 369
619 368
619 367
619 366
619 365
619 364
619 363
619 362
619 361
619 360
619 359
619 358
619 357
619 356
619 355
619 354
619 353
619 352
619 351
619 350
619 349
619 348
618 348
617 348
616 348
615 349
614 349
613 350
613 351
612 352
612 353
612 354
611 355
611 356
610 357
610 358
610 359
609 360
609 361
609 362
608 363
608 364
608 365
607 366
607 367
606 368
606 369
605 370
605 371
604 372
603 373
602 373
601 372
600 371
599 370
598 369
597 368
596 367
595 366
594 365
593 364
593 363
592 362
591 361
590 360
589 359
588 358
587 357
586 356
585 355
584 354
583 353
582 352
581 351
580 350
579 349
578 348
577 347
576 346
575 345
574 344
573 343
572 342
571 341
570 340
569 339
568 338
567 337
566 336
565 336
564 335
563 334
562 333
561 332
560 331
559 330
558 329
557 329
556 328
555 327
554 326
553 325
552 325
551 324
550 323
549 322
548 322
547 321
546 320
545 320
544 319
543 318
542 318
541 317
540 316
539 316
538 315
537 315
536 314
535 314
534 313
533 312
532 312
531 311
530 311
529 310
528 309
527 308
526 308
525 307
524 306
523 305
523 304
522 303
521 302
520 301
519 300
518 299
517 298
516 298
515 298
514 298
