483 284
482 285
481 286
480 286
480 287
479 288
479 289
479 290
479 291
479 292
479 293
479 294
479 295
479 296
479 297
479 298
479 299
479 300
479 301
479 302
479 303
479 304
479 305
479 306
479 307
479 308
479 309
479 310
479 311
479 312
479 313
479 314
479 315
479 316
479 317
479 318
479 319
479 320
479 321
479 322
479 323
479 324
479 325
479 326
479 327
479 328
479 329
479 330
479 331
479 332
479 333
479 334
479 335
479 336
479 337
479 338
479 339
479 340
479 341
479 342
479 343
479 344
479 345
479 346
479 347
479 348
479 349
479 350
479 351
479 352
479 353
479 354
479 355
479 356
479 357
479 358
479 359
479 360
479 361
479 362
479 363
479 364
479 365
479 366
479 367
479 368
479 369
479 370
479 371
479 372
479 373
479 374
479 375
479 376
479 377
479 378
479 379
479 380
479 381
479 382
479 383
479 384
479 385
479 386
479 387
479 388
479 389
479 390
479 391
479 392
479 393
479 394
479 395
479 396
479 397
479 398
479 399
479 400
479 401
479 402
479 403
479 404
479 405
479 406
479 407
479 408
479 409
479 410
479 411
479 412
479 413
479 414
479 415
479 416
479 417
479 418
479 419
479 420
479 421
479 422
479 423
479 424
479 425
479 426
479 427
479 428
479 429
479 430
479 431
479 432
479 433
479 434
479 435
479 436
479 437
479 438
479 439
479 440
479 441
479 442
479 443
479 444
479 445
479 446
479 447
479 448
479 449
479 450
479 451
479 452
479 453
479 454
479 455
479 456
479 457
479 458
479 459
479 460
479 461
479 462
479 463
479 464
479 465
479 466
479 467
479 468
479 469
479 470
479 471
479 472
479 473
479 474
479 475
479 476
479 477
479 478
479 479
479 480
479 481
479 482
479 483
479 484
479 485
479 486
479 487
479 488
479 489
479 490
479 491
479 492
479 493
479 494
479 495
479 496
479 497
479 498
479 499
479 500
479 501
479 502
479 503
479 504
479 505
479 506
479 507
479 508
479 509
479 510
479 511
479 512
479 513
479 514
479 515
479 516
479 517
479 518
479 519
479 520
479 521
479 522
480 523
481 524
482 525
483 525
484 526
485 526
486 526
487 526
488 526
489 526
490 526
491 525
492 525
493 524
494 523
495 522
496 521
497 520
498 519
499 518
500 517
501 516
502 516
503 515
504 514
505 514
506 513
507 513
508 513
509 512
510 512
511 511
512 511
513 511
514 510
515 510
516 509
517 509
518 509
519 508
520 508
521 507
522 507
523 506
524 506
525 505
526 505
527 504
528 504
529 503
530 503
531 502
532 502
533 501
534 501
535 500
536 500
537 499
538 499
539 498
540 497
541 497
542 496
543 496
544 495
545 494
546 494
547 493
548 492
549 492
550 491
551 490
552 489
553 489
554 488
555 487
556 486
557 486
558 485
559 484
560 483
561 482
562 481
563 480
564 480
565 479
566 478
567 477
568 476
569 475
570 474
571 473
572 472
572 471
573 470
574 469
575 468
576 467
577 466
577 465
578 464
579 463
580 462
580 461
581 460
582 459
583 458
583 457
584 456
584 455
585 454
586 453
586 452
587 451
587 450
588 449
589 448
589 447
589 446
590 445
590 444
591 443
591 442
592 441
592 440
593 439
593 438
593 437
594 436
594 435
594 434
595 433
595 432
595 431
596 430
596 429
596 428
597 427
597 426
597 425
597 424
598 423
598 422
598 421
598 420
598 419
598 418
599 417
599 416
599 415
599 414
599 413
599 412
599 411
599 410
599 409
599 408
599 407
600 406
600 405
600 404
599 403
599 402
599 401
599 400
599 399
599 398
599 397
599 396
599 395
599 394
599 393
598 392
598 391
598 390
598 389
598 388
598 387
597 386
597 385
597 384
597 383
596 382
596 381
596 380
595 379
595 378
595 377
595 376
594 375
594 374
593 373
593 372
593 371
592 370
592 369
591 368
591 367
590 366
590 365
590 364
589 363
589 362
588 361
587 360
587 359
586 358
586 357
585 356
585 355
584 354
583 353
583 352
582 351
581 350
581 349
580 348
579 347
578 346
578 345
577 344
576 343
575 342
574 341
573 340
573 339
572 338
571 337
570 336
569 335
568 334
567 333
566 332
565 331
564 330
563 329
562 329
561 328
560 327
559 326
558 325
557 324
556 324
555 323
554 322
553 321
552 320
551 320
550 319
549 318
548 318
547 317
546 316
545 316
544 315
543 314
542 314
541 313
540 312
539 312
538 311
537 311
536 310
535 310
534 309
533 308
532 308
531 307
530 307
529 306
528 306
527 305
526 305
525 304
524 304
523 303
522 303
521 303
520 302
519 302
518 301
517 301
516 300
515 300
514 300
513 299
512 299
511 298
510 298
509 298
508 297
507 297
506 297
505 296
504 296
503 295
502 294
501 293
500 293
499 292
498 291
498 290
497 289
496 288
495 287
494 286
493 286
492 285
491 285
490 284
489 284
488 284
487 284
486 284
485 284
484 284
483 284
