537 342
536 343
535 343
534 343
533 343
532 343
531 343
530 343
529 343
528 343
527 344
526 344
525 344
524 344
523 345
522 345
521 345
520 345
519 346
518 346
517 347
516 347
515 347
514 348
513 348
512 349
511 349
510 349
509 350
508 350
507 351
506 352
505 352
504 353
503 353
502 354
501 355
500 355
499 356
498 357
497 357
496 358
495 359
494 360
493 361
492 362
491 362
490 363
489 364
488 365
487 366
486 366
485 367
484 368
483 369
482 370
481 370
480 371
479 372
478 372
477 373
476 374
475 375
474 375
473 376
472 376
471 377
470 377
469 377
468 377
467 377
466 377
465 377
464 377
463 376
462 375
461 375
460 374
459 373
458 372
457 372
456 371
455 371
454 370
453 370
452 370
451 371
451 372
451 373
451 374
451 375
451 376
451 377
451 378
451 379
451 380
451 381
451 382
451 383
451 384
451 385
451 386
451 387
451 388
451 389
451 390
451 391
451 392
451 393
451 394
451 395
451 396
451 397
451 398
451 399
451 400
451 401
451 402
451 403
451 404
451 405
451 406
451 407
451 408
451 409
451 410
451 411
451 412
451 413
451 414
451 415
451 416
451 417
451 418
451 419
451 420
451 421
451 422
451 423
451 424
451 425
451 426
451 427
451 428
451 429
451 430
451 431
451 432
451 433
451 434
451 435
451 436
451 437
451 438
451 439
451 440
451 441
451 442
451 443
451 444
451 445
451 446
451 447
451 448
451 449
451 450
451 451
451 452
451 453
452 454
453 454
454 454
455 454
456 453
457 452
458 452
459 451
460 450
461 450
462 449
463 448
464 448
465 447
466 447
467 447
468 447
469 447
470 447
471 448
472 448
473 448
474 449
475 450
476 450
477 451
478 452
479 452
480 453
481 454
482 455
483 455
484 456
485 457
486 458
487 458
488 459
489 460
490 461
491 462
492 463
493 463
494 464
495 465
496 466
497 467
498 467
499 468
500 469
501 470
502 470
503 471
504 471
505 472
506 473
507 473
508 474
509 474
510 475
511 475
512 476
513 476
514 477
515 477
516 477
517 478
518 478
519 478
520 479
521 479
522 479
523 479
524 480
525 480
526 480
527 480
528 481
529 481
530 481
531 481
532 481
533 481
534 481
535 482
536 482
537 482
538 482
539 482
540 482
541 482
542 482
543 482
544 482
545 482
546 481
547 481
548 481
549 481
550 481
551 481
552 481
553 480
554 480
555 480
556 480
557 479
558 479
559 479
560 479
561 478
562 478
563 478
564 477
565 477
566 476
567 476
568 475
569 475
570 475
571 474
572 473
573 473
574 472
575 472
576 471
577 470
578 470
579 469
580 468
581 468
582 467
583 466
584 465
585 464
586 463
587 462
588 461
589 460
590 459
591 458
592 457
593 456
593 455
594 454
595 453
596 452
596 451
597 450
598 449
598 448
599 447
599 446
600 445
600 444
601 443
601 442
602 441
602 440
603 439
603 438
603 437
604 436
604 435
604 434
605 433
605 432
605 431
606 430
606 429
606 428
606 427
606 426
607 425
607 424
607 423
607 422
607 421
607 420
607 419
608 418
608 417
608 416
608 415
608 414
608 413
608 412
608 411
608 410
608 409
608 408
608 407
608 406
607 405
607 404
607 403
607 402
607 401
607 400
607 399
606 398
606 397
606 396
606 395
605 394
605 393
605 392
605 391
604 390
604 389
604 388
603 387
603 386
602 385
602 384
602 383
601 382
601 381
600 380
600 379
599 378
599 377
598 376
597 375
597 374
596 373
595 372
595 371
594 370
593 369
593 368
592 367
591 366
590 365
589 364
588 363
587 362
586 361
585 360
584 359
583 358
582 357
581 357
580 356
579 355
578 354
577 354
576 353
575 352
574 352
573 351
572 351
571 350
570 350
569 349
568 349
567 348
566 348
565 347
564 347
563 347
562 346
561 346
560 346
559 345
558 345
557 345
556 344
555 344
554 344
553 344
552 344
551 343
550 343
549 343
548 343
547 343
546 343
545 343
544 343
543 343
542 342
541 342
540 342
539 342
538 342
537 342
