502 263
501 264
500 264
499 265
498 266
498 267
497 268
497 269
496 270
496 271
495 272
494 273
494 274
493 275
492 276
492 277
491 278
490 279
490 280
489 281
488 282
488 283
487 284
486 285
485 286
485 287
484 288
483 289
482 290
482 291
481 292
480 293
479 294
478 295
477 296
476 297
475 298
475 299
474 300
473 301
472 302
471 303
470 304
469 305
468 305
467 306
466 307
465 308
464 309
463 310
462 310
461 310
460 310
459 309
458 309
457 309
456 309
455 309
454 309
453 309
452 310
451 310
451 311
451 312
451 313
451 314
451 315
451 316
451 317
451 318
451 319
451 320
451 321
451 322
451 323
451 324
451 325
451 326
451 327
451 328
451 329
451 330
451 331
451 332
451 333
451 334
451 335
451 336
451 337
451 338
451 339
451 340
451 341
451 342
451 343
451 344
451 345
451 346
451 347
451 348
451 349
451 350
451 351
451 352
451 353
451 354
451 355
451 356
451 357
451 358
451 359
451 360
451 361
451 362
451 363
451 364
451 365
451 366
451 367
451 368
451 369
451 370
451 371
451 372
451 373
451 374
451 375
451 376
451 377
451 378
451 379
451 380
451 381
451 382
451 383
451 384
451 385
451 386
451 387
451 388
451 389
451 390
451 391
451 392
451 393
451 394
451 395
451 396
451 397
451 398
451 399
451 400
451 401
451 402
451 403
451 404
451 405
451 406
451 407
451 408
451 409
451 410
451 411
451 412
451 413
451 414
451 415
451 416
451 417
451 418
451 419
451 420
451 421
451 422
451 423
451 424
451 425
451 426
451 427
451 428
451 429
451 430
451 431
451 432
451 433
451 434
451 435
451 436
451 437
451 438
451 439
451 440
451 441
451 442
451 443
451 444
451 445
451 446
451 447
451 448
451 449
451 450
451 451
451 452
451 453
451 454
451 455
451 456
451 457
451 458
451 459
451 460
451 461
451 462
451 463
451 464
451 465
451 466
451 467
451 468
451 469
451 470
451 471
451 472
451 473
451 474
451 475
451 476
451 477
451 478
451 479
451 480
451 481
451 482
451 483
451 484
451 485
451 486
451 487
451 488
451 489
451 490
451 491
451 492
451 493
451 494
451 495
451 496
451 497
451 498
451 499
452 500
453 500
454 500
455 500
456 500
457 500
458 500
459 500
460 500
461 500
462 500
463 500
464 500
465 501
466 502
467 503
468 504
469 505
470 506
471 507
472 508
473 509
474 510
475 511
476 512
477 513
478 514
479 515
479 516
480 517
481 518
482 519
483 520
484 521
484 522
485 523
486 524
487 525
487 526
488 527
489 528
489 529
490 530
491 531
492 532
492 533
493 534
493 535
494 536
495 537
495 538
496 539
496 540
497 541
497 542
498 543
499 544
499 545
500 545
501 546
502 546
503 546
504 546
505 546
506 546
507 546
508 546
509 545
510 545
511 544
512 543
513 542
514 542
515 541
516 540
517 540
518 539
519 539
520 538
521 538
522 538
523 537
524 537
525 536
526 536
527 536
528 535
529 535
530 535
531 534
532 534
533 534
534 533
535 533
536 533
537 532
538 532
539 532
540 532
541 531
542 531
543 530
544 530
545 530
546 529
547 529
548 528
549 528
550 528
551 527
552 527
553 526
554 526
555 525
556 525
557 524
558 524
559 523
560 523
561 522
562 522
563 521
564 521
565 520
566 520
567 519
568 519
569 518
570 518
571 517
572 517
573 516
574 516
575 515
576 514
577 514
578 513
579 513
580 512
581 512
582 511
583 510
584 510
585 509
586 508
587 508
588 507
589 507
590 506
591 505
592 505
593 504
594 503
595 503
596 502
597 501
598 500
599 500
600 499
601 498
602 498
603 497
604 496
605 495
606 495
607 494
608 493
609 492
610 491
611 491
612 490
613 489
614 488
615 487
616 486
617 486
618 485
619 484
620 483
621 482
622 481
623 480
624 479
625 478
626 477
627 476
628 476
629 475
630 474
630 473
631 472
632 471
633 470
634 469
635 468
636 467
637 466
638 465
639 464
640 463
640 462
641 461
642 460
643 459
644 458
644 457
645 456
646 455
647 454
647 453
648 452
649 451
649 450
650 449
651 448
651 447
652 446
653 445
653 444
654 443
654 442
655 441
656 440
656 439
657 438
657 437
658 436
658 435
659 434
659 433
660 432
660 431
660 430
661 429
661 428
662 427
662 426
662 425
663 424
663 423
663 422
663 421
664 420
664 419
664 418
664 417
665 416
665 415
665 414
665 413
665 412
665 411
666 410
666 409
666 408
666 407
666 406
666 405
666 404
666 403
666 402
666 401
666 400
666 399
665 398
665 397
665 396
665 395
665 394
665 393
664 392
664 391
664 390
664 389
663 388
663 387
663 386
662 385
662 384
662 383
661 382
661 381
661 380
660 379
660 378
659 377
659 376
658 375
658 374
657 373
657 372
656 371
656 370
655 369
655 368
654 367
654 366
653 365
652 364
652 363
651 362
650 361
650 360
649 359
648 358
648 357
647 356
646 355
646 354
645 353
644 352
643 351
642 350
642 349
641 348
640 347
639 346
638 345
637 344
637 343
636 342
635 341
634 340
633 339
632 338
631 337
630 336
629 335
628 334
627 333
626 332
625 331
624 330
623 329
622 328
621 327
620 326
619 326
618 325
617 324
616 323
615 322
614 321
613 320
612 320
611 319
610 318
609 317
608 316
607 316
606 315
605 314
604 313
603 313
602 312
601 311
600 310
599 310
598 309
597 308
596 308
595 307
594 306
593 306
592 305
591 304
590 304
589 303
588 302
587 302
586 301
585 300
584 300
583 299
582 298
581 298
580 297
579 297
578 296
577 296
576 295
575 294
574 294
573 293
572 293
571 292
570 292
569 291
568 291
567 290
566 289
565 289
564 288
563 288
562 287
561 287
560 286
559 286
558 286
557 285
556 285
555 284
554 284
553 283
552 283
551 282
550 282
549 281
548 281
547 281
546 280
545 280
544 279
543 279
542 279
541 278
540 278
539 278
538 277
537 277
536 277
535 276
534 276
533 276
532 276
531 275
530 275
529 275
528 274
527 274
526 273
525 273
524 273
523 272
522 272
521 271
520 271
519 271
518 270
517 270
516 269
515 268
514 268
513 267
512 266
511 266
510 265
509 264
508 264
507 263
506 263
505 263
504 263
503 263
502 263
