475 128
474 129
473 129
472 129
471 129
470 129
469 129
468 129
467 130
466 130
465 130
464 130
463 131
462 131
461 131
460 131
459 132
458 132
457 133
456 133
455 133
454 134
453 134
452 135
451 135
450 136
449 136
448 137
447 137
446 138
445 138
444 139
443 139
442 140
441 140
440 141
439 141
438 141
437 142
436 142
435 143
434 143
433 143
432 144
431 144
430 144
429 144
428 144
427 144
426 144
425 144
424 144
423 144
422 143
421 143
420 143
419 142
418 142
417 142
416 141
415 140
414 140
413 139
412 139
411 139
410 139
409 139
408 139
407 139
406 140
406 141
405 142
405 143
405 144
405 145
405 146
405 147
405 148
405 149
405 150
405 151
405 152
405 153
405 154
405 155
405 156
405 157
405 158
405 159
405 160
405 161
405 162
405 163
405 164
405 165
405 166
405 167
405 168
405 169
405 170
405 171
405 172
405 173
405 174
405 175
405 176
405 177
405 178
405 179
405 180
405 181
405 182
405 183
405 184
405 185
405 186
405 187
405 188
405 189
405 190
405 191
405 192
405 193
405 194
405 195
405 196
405 197
405 198
405 199
405 200
405 201
405 202
405 203
405 204
405 205
405 206
405 207
405 208
405 209
405 210
405 211
405 212
405 213
405 214
405 215
405 216
405 217
405 218
405 219
405 220
405 221
405 222
405 223
405 224
405 225
405 226
405 227
405 228
405 229
405 230
405 231
405 232
405 233
405 234
405 235
405 236
405 237
405 238
405 239
405 240
405 241
405 242
405 243
405 244
405 245
405 246
405 247
405 248
405 249
405 250
405 251
405 252
405 253
405 254
405 255
405 256
405 257
405 258
405 259
405 260
405 261
405 262
405 263
405 264
405 265
405 266
405 267
405 268
405 269
405 270
405 271
405 272
405 273
405 274
405 275
405 276
405 277
405 278
405 279
405 280
405 281
405 282
405 283
405 284
405 285
405 286
405 287
405 288
405 289
405 290
405 291
405 292
405 293
405 294
405 295
405 296
405 297
405 298
405 299
405 300
405 301
405 302
405 303
405 304
405 305
405 306
405 307
405 308
405 309
405 310
405 311
405 312
405 313
405 314
405 315
405 316
405 317
405 318
405 319
405 320
405 321
405 322
405 323
405 324
405 325
405 326
405 327
405 328
405 329
405 330
405 331
405 332
405 333
405 334
405 335
405 336
405 337
405 338
405 339
405 340
405 341
405 342
405 343
405 344
405 345
405 346
405 347
405 348
405 349
405 350
405 351
405 352
405 353
405 354
405 355
405 356
405 357
405 358
405 359
405 360
405 361
405 362
405 363
405 364
405 365
405 366
405 367
405 368
405 369
405 370
405 371
405 372
405 373
405 374
405 375
405 376
405 377
405 378
405 379
405 380
405 381
405 382
405 383
405 384
405 385
405 386
405 387
405 388
405 389
405 390
405 391
405 392
405 393
405 394
405 395
405 396
405 397
405 398
405 399
405 400
405 401
405 402
405 403
405 404
405 405
405 406
405 407
405 408
405 409
405 410
405 411
405 412
405 413
405 414
405 415
405 416
405 417
405 418
405 419
405 420
405 421
405 422
405 423
405 424
405 425
405 426
405 427
405 428
405 429
405 430
405 431
405 432
405 433
405 434
405 435
405 436
405 437
405 438
405 439
405 440
405 441
405 442
405 443
405 444
405 445
405 446
405 447
405 448
405 449
405 450
405 451
405 452
405 453
405 454
405 455
405 456
405 457
405 458
405 459
405 460
405 461
405 462
405 463
405 464
405 465
405 466
405 467
405 468
405 469
405 470
405 471
405 472
405 473
405 474
405 475
405 476
405 477
405 478
405 479
405 480
405 481
405 482
405 483
405 484
405 485
405 486
405 487
405 488
405 489
405 490
405 491
405 492
405 493
405 494
405 495
405 496
405 497
405 498
405 499
405 500
405 501
405 502
405 503
405 504
405 505
405 506
405 507
405 508
405 509
405 510
405 511
405 512
405 513
405 514
405 515
405 516
405 517
405 518
405 519
405 520
405 521
405 522
405 523
405 524
405 525
405 526
405 527
405 528
405 529
405 530
405 531
405 532
405 533
405 534
405 535
405 536
405 537
405 538
405 539
405 540
405 541
405 542
405 543
405 544
405 545
405 546
405 547
405 548
405 549
405 550
405 551
405 552
405 553
405 554
405 555
405 556
405 557
405 558
405 559
405 560
405 561
405 562
405 563
405 564
405 565
405 566
405 567
405 568
405 569
405 570
405 571
405 572
405 573
405 574
405 575
405 576
405 577
405 578
405 579
405 580
405 581
405 582
405 583
405 584
405 585
405 586
405 587
405 588
405 589
405 590
405 591
405 592
405 593
405 594
405 595
405 596
405 597
405 598
405 599
405 600
405 601
405 602
405 603
405 604
405 605
405 606
405 607
405 608
405 609
405 610
405 611
405 612
405 613
405 614
405 615
405 616
405 617
405 618
405 619
405 620
405 621
405 622
405 623
405 624
405 625
405 626
405 627
405 628
405 629
405 630
405 631
405 632
405 633
405 634
405 635
405 636
405 637
405 638
405 639
405 640
405 641
405 642
405 643
405 644
405 645
405 646
405 647
405 648
405 649
405 650
405 651
405 652
405 653
405 654
405 655
405 656
405 657
405 658
405 659
405 660
405 661
405 662
405 663
405 664
405 665
405 666
405 667
405 668
405 669
405 670
405 671
405 672
405 673
405 674
405 675
405 676
405 677
406 678
407 679
408 679
409 680
410 680
411 680
412 679
413 679
414 679
415 678
416 677
417 677
418 676
419 676
420 676
421 675
422 675
423 675
424 675
425 674
426 674
427 674
428 674
429 674
430 674
431 675
432 675
433 675
434 675
435 676
436 676
437 677
438 677
439 677
440 678
441 678
442 679
443 679
444 680
445 680
446 681
447 681
448 682
449 682
450 683
451 683
452 684
453 684
454 685
455 685
456 685
457 686
458 686
459 687
460 687
461 687
462 688
463 688
464 688
465 688
466 689
467 689
468 689
469 689
470 689
471 690
472 690
473 690
474 690
475 690
476 690
477 690
478 690
479 690
480 690
481 690
482 690
483 690
484 690
485 690
486 690
487 690
488 690
489 689
490 689
491 689
492 689
493 689
494 688
495 688
496 688
497 688
498 687
499 687
500 687
501 687
502 686
503 686
504 686
505 685
506 685
507 685
508 685
509 684
510 684
511 684
512 683
513 683
514 683
515 682
516 682
517 682
518 681
519 681
520 681
521 680
522 680
523 680
524 679
525 679
526 679
527 678
528 678
529 678
530 677
531 677
532 676
533 676
534 676
535 675
536 675
537 674
538 674
539 673
540 673
541 673
542 672
543 672
544 671
545 671
546 670
547 670
548 669
549 669
550 668
551 668
552 667
553 667
554 667
555 666
556 666
557 665
558 665
559 664
560 663
561 663
562 662
563 662
564 661
565 661
566 660
567 660
568 659
569 658
570 658
571 657
572 657
573 656
574 655
575 655
576 654
577 654
578 653
579 652
580 652
581 651
582 650
583 650
584 649
585 648
586 648
587 647
588 646
589 646
590 645
591 644
592 643
593 643
594 642
595 641
596 640
597 640
598 639
599 638
600 637
601 637
602 636
603 635
604 634
605 633
606 633
607 632
608 631
609 630
610 629
611 628
612 627
613 626
614 626
615 625
616 624
617 623
618 622
619 621
620 620
621 619
622 618
623 617
624 616
625 615
626 614
627 613
628 612
629 611
630 610
631 609
632 608
633 607
634 606
635 605
636 604
637 603
637 602
638 601
639 600
640 599
641 598
642 597
643 596
643 595
644 594
645 593
646 592
647 591
647 590
648 589
649 588
650 587
650 586
651 585
652 584
653 583
653 582
654 581
655 580
656 579
656 578
657 577
658 576
658 575
659 574
660 573
660 572
661 571
662 570
662 569
663 568
664 567
664 566
665 565
666 564
666 563
667 562
667 561
668 560
669 559
669 558
670 557
670 556
671 555
672 554
672 553
673 552
673 551
674 550
674 549
675 548
675 547
676 546
676 545
677 544
678 543
678 542
679 541
679 540
680 539
680 538
681 537
681 536
681 535
682 534
682 533
683 532
683 531
684 530
684 529
685 528
685 527
686 526
686 525
686 524
687 523
687 522
688 521
688 520
689 519
689 518
689 517
690 516
690 515
691 514
691 513
691 512
692 511
692 510
692 509
693 508
693 507
694 506
694 505
694 504
695 503
695 502
695 501
696 500
696 499
696 498
697 497
697 496
697 495
697 494
698 493
698 492
698 491
699 490
699 489
699 488
699 487
700 486
700 485
700 484
701 483
701 482
701 481
701 480
702 479
702 478
702 477
702 476
703 475
703 474
703 473
703 472
704 471
704 470
704 469
704 468
704 467
705 466
705 465
705 464
705 463
705 462
706 461
706 460
706 459
706 458
706 457
706 456
707 455
707 454
707 453
707 452
707 451
707 450
708 449
708 448
708 447
708 446
708 445
708 444
708 443
708 442
709 441
709 440
709 439
709 438
709 437
709 436
709 435
709 434
709 433
709 432
710 431
710 430
710 429
710 428
710 427
710 426
710 425
710 424
710 423
710 422
710 421
710 420
710 419
710 418
710 417
710 416
710 415
710 414
710 413
710 412
711 411
711 410
711 409
711 408
711 407
710 406
710 405
710 404
710 403
710 402
710 401
710 400
710 399
710 398
710 397
710 396
710 395
710 394
710 393
710 392
710 391
710 390
710 389
710 388
710 387
709 386
709 385
709 384
709 383
709 382
709 381
709 380
709 379
709 378
708 377
708 376
708 375
708 374
708 373
708 372
708 371
708 370
707 369
707 368
707 367
707 366
707 365
707 364
707 363
706 362
706 361
706 360
706 359
706 358
705 357
705 356
705 355
705 354
705 353
704 352
704 351
704 350
704 349
704 348
703 347
703 346
703 345
703 344
702 343
702 342
702 341
702 340
701 339
701 338
701 337
701 336
700 335
700 334
700 333
700 332
699 331
699 330
699 329
698 328
698 327
698 326
698 325
697 324
697 323
697 322
696 321
696 320
696 319
695 318
695 317
695 316
694 315
694 314
694 313
693 312
693 311
693 310
692 309
692 308
691 307
691 306
691 305
690 304
690 303
690 302
689 301
689 300
688 299
688 298
687 297
687 296
687 295
686 294
686 293
685 292
685 291
685 290
684 289
684 288
683 287
683 286
682 285
682 284
681 283
681 282
680 281
680 280
679 279
679 278
678 277
678 276
677 275
677 274
676 273
676 272
675 271
675 270
674 269
674 268
673 267
672 266
672 265
671 264
671 263
670 262
670 261
669 260
668 259
668 258
667 257
667 256
666 255
665 254
665 253
664 252
663 251
663 250
662 249
661 248
661 247
660 246
659 245
659 244
658 243
657 242
657 241
656 240
655 239
655 238
654 237
653 236
652 235
652 234
651 233
650 232
649 231
649 230
648 229
647 228
646 227
645 226
645 225
644 224
643 223
642 222
641 221
641 220
640 219
639 218
638 217
637 216
636 215
635 214
634 213
633 212
632 211
632 210
631 209
630 208
629 207
628 206
627 205
626 204
625 203
624 202
623 201
622 200
621 199
620 198
619 197
618 196
617 195
616 195
615 194
614 193
613 192
612 191
611 190
610 189
609 188
608 188
607 187
606 186
605 185
604 184
603 183
602 183
601 182
600 181
599 180
598 179
597 179
596 178
595 177
594 177
593 176
592 175
591 174
590 174
589 173
588 172
587 171
586 171
585 170
584 169
583 169
582 168
581 167
580 167
579 166
578 165
577 165
576 164
575 164
574 163
573 162
572 162
571 161
570 161
569 160
568 159
567 159
566 158
565 158
564 157
563 157
562 156
561 156
560 155
559 154
558 154
557 153
556 153
555 152
554 152
553 151
552 151
551 150
550 150
549 149
548 149
547 148
546 148
545 148
544 147
543 147
542 146
541 146
540 145
539 145
538 145
537 144
536 144
535 143
534 143
533 142
532 142
531 142
530 141
529 141
528 141
527 140
526 140
525 139
524 139
523 139
522 138
521 138
520 138
519 137
518 137
517 137
516 136
515 136
514 136
513 135
512 135
511 135
510 134
509 134
508 134
507 134
506 133
505 133
504 133
503 132
502 132
501 132
500 132
499 131
498 131
497 131
496 131
495 130
494 130
493 130
492 130
491 129
490 129
489 129
488 129
487 128
486 128
485 128
484 128
483 128
482 128
481 128
480 128
479 128
478 128
477 128
476 128
475 128
