490 195
489 196
488 196
487 196
486 196
485 196
484 196
483 196
482 196
481 197
480 197
479 197
478 197
477 198
476 198
475 198
474 198
473 199
472 199
471 199
470 200
469 200
468 200
467 201
466 201
465 201
464 202
463 202
462 202
461 203
460 203
459 204
458 204
457 204
456 205
455 205
454 206
453 206
452 207
451 207
450 208
449 208
448 209
447 210
446 210
445 211
444 212
444 213
443 214
442 215
442 216
441 217
440 218
440 219
439 220
439 221
439 222
438 223
438 224
438 225
438 226
438 227
438 228
438 229
438 230
438 231
438 232
438 233
438 234
438 235
438 236
438 237
438 238
438 239
438 240
438 241
438 242
438 243
438 244
438 245
438 246
438 247
438 248
438 249
438 250
438 251
438 252
438 253
438 254
438 255
438 256
438 257
438 258
438 259
438 260
438 261
438 262
438 263
438 264
438 265
438 266
438 267
438 268
438 269
438 270
438 271
438 272
438 273
438 274
438 275
438 276
438 277
438 278
438 279
438 280
438 281
438 282
438 283
438 284
438 285
438 286
438 287
438 288
438 289
438 290
438 291
438 292
438 293
438 294
438 295
438 296
438 297
438 298
438 299
438 300
438 301
438 302
438 303
438 304
438 305
438 306
438 307
438 308
438 309
438 310
438 311
438 312
438 313
438 314
438 315
438 316
438 317
438 318
438 319
438 320
438 321
438 322
438 323
438 324
438 325
438 326
438 327
438 328
438 329
438 330
438 331
438 332
438 333
438 334
438 335
438 336
438 337
438 338
438 339
438 340
438 341
438 342
438 343
438 344
438 345
438 346
438 347
438 348
438 349
438 350
438 351
438 352
438 353
438 354
438 355
438 356
438 357
438 358
438 359
438 360
438 361
438 362
438 363
438 364
438 365
438 366
438 367
438 368
438 369
438 370
438 371
438 372
438 373
438 374
438 375
438 376
438 377
438 378
438 379
438 380
438 381
438 382
438 383
438 384
438 385
438 386
438 387
438 388
438 389
438 390
438 391
438 392
438 393
438 394
438 395
438 396
438 397
438 398
438 399
438 400
438 401
438 402
438 403
438 404
438 405
438 406
438 407
438 408
438 409
438 410
438 411
438 412
438 413
438 414
438 415
438 416
438 417
438 418
438 419
438 420
438 421
438 422
438 423
438 424
438 425
438 426
438 427
438 428
438 429
438 430
438 431
438 432
438 433
438 434
438 435
438 436
438 437
438 438
438 439
438 440
438 441
438 442
438 443
438 444
438 445
438 446
438 447
438 448
438 449
438 450
438 451
438 452
438 453
438 454
438 455
438 456
438 457
438 458
438 459
438 460
438 461
438 462
438 463
438 464
438 465
438 466
438 467
438 468
438 469
438 470
438 471
438 472
438 473
438 474
438 475
438 476
438 477
438 478
438 479
438 480
438 481
438 482
438 483
438 484
438 485
438 486
438 487
438 488
438 489
438 490
438 491
438 492
438 493
438 494
438 495
438 496
438 497
438 498
438 499
438 500
438 501
438 502
438 503
438 504
438 505
438 506
438 507
438 508
438 509
438 510
438 511
438 512
438 513
438 514
438 515
438 516
438 517
438 518
438 519
438 520
438 521
438 522
438 523
438 524
438 525
438 526
438 527
438 528
438 529
438 530
438 531
438 532
438 533
438 534
438 535
438 536
438 537
438 538
438 539
438 540
438 541
438 542
438 543
438 544
438 545
438 546
438 547
438 548
438 549
438 550
438 551
438 552
438 553
438 554
438 555
438 556
438 557
438 558
438 559
438 560
438 561
438 562
438 563
438 564
438 565
438 566
438 567
438 568
438 569
438 570
438 571
438 572
438 573
438 574
438 575
438 576
438 577
438 578
438 579
438 580
438 581
438 582
438 583
438 584
438 585
438 586
439 587
439 588
439 589
440 590
440 591
441 592
442 593
442 594
443 595
444 596
444 597
445 598
446 599
447 599
448 600
449 601
450 601
451 602
452 602
453 603
454 603
455 604
456 604
457 605
458 605
459 605
460 606
461 606
462 607
463 607
464 607
465 608
466 608
467 608
468 608
469 609
470 609
471 609
472 610
473 610
474 610
475 611
476 611
477 611
478 611
479 611
480 612
481 612
482 612
483 612
484 612
485 613
486 613
487 613
488 613
489 613
490 613
491 613
492 613
493 614
494 614
495 614
496 614
497 614
498 614
499 614
500 614
501 614
502 613
503 613
504 613
505 613
506 613
507 613
508 612
509 612
510 612
511 612
512 611
513 611
514 611
515 611
516 610
517 610
518 610
519 610
520 609
521 609
522 609
523 608
524 608
525 608
526 607
527 607
528 607
529 606
530 606
531 606
532 605
533 605
534 605
535 604
536 604
537 603
538 603
539 603
540 602
541 602
542 601
543 601
544 600
545 600
546 600
547 599
548 599
549 598
550 598
551 597
552 597
553 596
554 596
555 595
556 595
557 594
558 593
559 593
560 592
561 592
562 591
563 591
564 590
565 589
566 589
567 588
568 587
569 587
570 586
571 585
572 585
573 584
574 583
575 583
576 582
577 581
578 581
579 580
580 579
581 578
582 578
583 577
584 576
585 575
586 574
587 574
588 573
589 572
590 571
591 570
592 569
593 569
594 568
595 567
596 566
597 565
598 564
599 563
600 562
601 561
602 560
603 559
604 558
605 557
606 556
607 555
608 554
609 553
610 552
611 551
612 550
612 549
613 548
614 547
615 546
616 545
617 544
617 543
618 542
619 541
620 540
621 539
621 538
622 537
623 536
624 535
624 534
625 533
626 532
626 531
627 530
628 529
629 528
629 527
630 526
630 525
631 524
632 523
632 522
633 521
634 520
634 519
635 518
636 517
636 516
637 515
637 514
638 513
638 512
639 511
639 510
640 509
641 508
641 507
642 506
642 505
643 504
643 503
644 502
644 501
645 500
645 499
646 498
646 497
646 496
647 495
647 494
648 493
648 492
649 491
649 490
650 489
650 488
650 487
651 486
651 485
651 484
652 483
652 482
653 481
653 480
653 479
654 478
654 477
654 476
655 475
655 474
655 473
656 472
656 471
656 470
657 469
657 468
657 467
658 466
658 465
658 464
658 463
659 462
659 461
659 460
659 459
660 458
660 457
660 456
660 455
661 454
661 453
661 452
661 451
662 450
662 449
662 448
662 447
662 446
663 445
663 444
663 443
663 442
663 441
663 440
664 439
664 438
664 437
664 436
664 435
664 434
664 433
665 432
665 431
665 430
665 429
665 428
665 427
665 426
665 425
665 424
666 423
666 422
666 421
666 420
666 419
666 418
666 417
666 416
666 415
666 414
666 413
666 412
666 411
666 410
666 409
666 408
666 407
666 406
666 405
666 404
666 403
666 402
666 401
666 400
666 399
666 398
666 397
666 396
666 395
666 394
666 393
666 392
666 391
666 390
666 389
666 388
666 387
666 386
665 385
665 384
665 383
665 382
665 381
665 380
665 379
665 378
665 377
664 376
664 375
664 374
664 373
664 372
664 371
664 370
663 369
663 368
663 367
663 366
663 365
663 364
662 363
662 362
662 361
662 360
662 359
661 358
661 357
661 356
661 355
660 354
660 353
660 352
660 351
659 350
659 349
659 348
659 347
658 346
658 345
658 344
658 343
657 342
657 341
657 340
656 339
656 338
656 337
655 336
655 335
655 334
654 333
654 332
654 331
653 330
653 329
653 328
652 327
652 326
651 325
651 324
651 323
650 322
650 321
650 320
649 319
649 318
648 317
648 316
647 315
647 314
646 313
646 312
646 311
645 310
645 309
644 308
644 307
643 306
643 305
642 304
642 303
641 302
641 301
640 300
639 299
639 298
638 297
638 296
637 295
637 294
636 293
636 292
635 291
634 290
634 289
633 288
632 287
632 286
631 285
631 284
630 283
629 282
629 281
628 280
627 279
627 278
626 277
625 276
624 275
624 274
623 273
622 272
621 271
621 270
620 269
619 268
618 267
617 266
617 265
616 264
615 263
614 262
613 261
612 260
612 259
611 258
610 257
609 256
608 255
607 254
606 253
605 252
604 251
603 250
602 249
601 248
600 247
599 246
598 245
597 244
596 243
595 242
594 241
593 240
592 239
591 239
590 238
589 237
588 236
587 235
586 234
585 234
584 233
583 232
582 231
581 231
580 230
579 229
578 228
577 228
576 227
575 226
574 225
573 225
572 224
571 223
570 223
569 222
568 221
567 221
566 220
565 220
564 219
563 218
562 218
561 217
560 217
559 216
558 215
557 215
556 214
555 214
554 213
553 213
552 212
551 212
550 211
549 211
548 210
547 210
546 209
545 209
544 208
543 208
542 208
541 207
540 207
539 206
538 206
537 205
536 205
535 205
534 204
533 204
532 203
531 203
530 203
529 202
528 202
527 202
526 201
525 201
524 201
523 200
522 200
521 200
520 200
519 199
518 199
517 199
516 198
515 198
514 198
513 198
512 197
511 197
510 197
509 197
508 197
507 196
506 196
505 196
504 196
503 196
502 195
501 195
500 195
499 195
498 195
497 195
496 195
495 195
494 195
493 195
492 195
491 195
490 195
