511 186
510 187
509 187
508 187
507 187
506 187
505 187
504 187
503 187
502 187
501 187
500 187
499 187
498 187
497 187
496 187
495 187
494 187
493 187
492 187
491 187
490 187
489 187
488 187
487 187
486 187
485 187
484 187
483 187
482 187
481 187
480 187
479 187
478 187
477 187
476 187
475 187
474 187
473 187
472 187
471 187
470 187
469 187
468 187
467 187
466 187
465 187
464 188
463 189
462 190
461 191
461 192
461 193
460 194
460 195
460 196
460 197
460 198
460 199
460 200
460 201
460 202
460 203
460 204
460 205
460 206
460 207
460 208
460 209
460 210
460 211
460 212
460 213
460 214
460 215
460 216
460 217
460 218
460 219
460 220
460 221
460 222
460 223
460 224
460 225
460 226
460 227
460 228
460 229
460 230
460 231
460 232
460 233
460 234
460 235
460 236
460 237
460 238
460 239
460 240
460 241
460 242
460 243
460 244
460 245
460 246
460 247
460 248
460 249
460 250
460 251
460 252
460 253
460 254
460 255
460 256
460 257
460 258
460 259
460 260
460 261
460 262
460 263
460 264
460 265
460 266
460 267
460 268
460 269
460 270
460 271
460 272
460 273
460 274
460 275
460 276
460 277
460 278
460 279
460 280
460 281
460 282
460 283
460 284
460 285
460 286
460 287
460 288
460 289
460 290
460 291
460 292
460 293
460 294
460 295
460 296
460 297
460 298
460 299
460 300
460 301
460 302
460 303
460 304
460 305
460 306
460 307
460 308
460 309
460 310
460 311
460 312
460 313
460 314
460 315
460 316
460 317
460 318
460 319
460 320
460 321
460 322
460 323
460 324
460 325
460 326
460 327
460 328
460 329
460 330
460 331
460 332
460 333
460 334
460 335
460 336
460 337
460 338
460 339
460 340
460 341
460 342
460 343
460 344
460 345
460 346
460 347
460 348
460 349
460 350
460 351
460 352
460 353
460 354
460 355
460 356
460 357
460 358
460 359
460 360
460 361
460 362
460 363
460 364
460 365
460 366
460 367
460 368
460 369
460 370
460 371
460 372
460 373
460 374
460 375
460 376
460 377
460 378
460 379
460 380
460 381
460 382
460 383
460 384
460 385
460 386
460 387
460 388
460 389
460 390
460 391
460 392
460 393
460 394
460 395
460 396
460 397
460 398
460 399
460 400
460 401
460 402
460 403
460 404
460 405
460 406
460 407
460 408
460 409
460 410
460 411
460 412
460 413
460 414
460 415
460 416
460 417
460 418
460 419
460 420
460 421
460 422
460 423
460 424
460 425
460 426
460 427
460 428
460 429
460 430
460 431
460 432
460 433
460 434
460 435
460 436
460 437
460 438
460 439
460 440
460 441
460 442
460 443
460 444
460 445
460 446
460 447
460 448
460 449
460 450
460 451
460 452
460 453
460 454
460 455
460 456
460 457
460 458
460 459
460 460
460 461
460 462
460 463
460 464
460 465
460 466
460 467
460 468
460 469
460 470
460 471
460 472
460 473
460 474
460 475
460 476
460 477
460 478
460 479
460 480
460 481
460 482
460 483
460 484
460 485
460 486
460 487
460 488
460 489
460 490
460 491
460 492
460 493
460 494
460 495
460 496
460 497
460 498
460 499
460 500
460 501
460 502
460 503
460 504
460 505
460 506
460 507
460 508
460 509
460 510
460 511
460 512
460 513
460 514
460 515
460 516
460 517
460 518
460 519
460 520
460 521
460 522
460 523
460 524
460 525
460 526
460 527
460 528
460 529
460 530
460 531
460 532
460 533
460 534
460 535
460 536
460 537
460 538
460 539
460 540
460 541
460 542
460 543
460 544
460 545
460 546
460 547
460 548
460 549
460 550
460 551
460 552
460 553
460 554
460 555
460 556
460 557
460 558
460 559
460 560
460 561
460 562
460 563
460 564
460 565
460 566
460 567
460 568
460 569
460 570
460 571
460 572
460 573
460 574
460 575
460 576
460 577
460 578
460 579
460 580
460 581
460 582
460 583
460 584
460 585
460 586
460 587
460 588
460 589
460 590
460 591
460 592
460 593
460 594
460 595
460 596
460 597
460 598
460 599
461 600
461 601
462 602
462 603
463 604
464 605
465 605
466 606
467 606
468 606
469 606
470 606
471 606
472 606
473 606
474 606
475 606
476 606
477 606
478 606
479 606
480 606
481 606
482 606
483 606
484 606
485 606
486 606
487 606
488 606
489 606
490 606
491 606
492 606
493 606
494 606
495 606
496 606
497 606
498 606
499 606
500 606
501 606
502 606
503 606
504 606
505 606
506 606
507 606
508 606
509 606
510 606
511 606
512 607
513 606
514 606
515 606
516 606
517 605
518 605
519 605
520 605
521 604
522 604
523 604
524 603
525 603
526 603
527 603
528 602
529 602
530 602
531 601
532 601
533 601
534 600
535 600
536 600
537 599
538 599
539 598
540 598
541 598
542 597
543 597
544 596
545 596
546 596
547 595
548 595
549 594
550 594
551 593
552 593
553 592
554 592
555 591
556 591
557 590
558 590
559 589
560 589
561 588
562 587
563 587
564 586
565 586
566 585
567 585
568 584
569 583
570 583
571 582
572 581
573 581
574 580
575 579
576 579
577 578
578 577
579 577
580 576
581 575
582 574
583 574
584 573
585 572
586 571
587 570
588 570
589 569
590 568
591 567
592 566
593 565
594 565
595 564
596 563
597 562
598 561
599 560
600 559
601 558
602 557
603 556
604 555
605 554
606 553
607 552
608 551
609 550
610 549
610 548
611 547
612 546
613 545
614 544
615 543
616 542
616 541
617 540
618 539
619 538
620 537
620 536
621 535
622 534
623 533
623 532
624 531
625 530
625 529
626 528
627 527
627 526
628 525
629 524
629 523
630 522
631 521
631 520
632 519
633 518
633 517
634 516
634 515
635 514
636 513
636 512
637 511
637 510
638 509
638 508
639 507
639 506
640 505
641 504
641 503
642 502
642 501
643 500
643 499
644 498
644 497
644 496
645 495
645 494
646 493
646 492
647 491
647 490
648 489
648 488
648 487
649 486
649 485
650 484
650 483
650 482
651 481
651 480
652 479
652 478
652 477
653 476
653 475
653 474
654 473
654 472
654 471
655 470
655 469
655 468
656 467
656 466
656 465
657 464
657 463
657 462
658 461
658 460
658 459
658 458
659 457
659 456
659 455
659 454
660 453
660 452
660 451
660 450
661 449
661 448
661 447
661 446
662 445
662 444
662 443
662 442
662 441
663 440
663 439
663 438
663 437
663 436
663 435
664 434
664 433
664 432
664 431
664 430
664 429
665 428
665 427
665 426
665 425
665 424
665 423
665 422
665 421
666 420
666 419
666 418
666 417
666 416
666 415
666 414
666 413
666 412
666 411
666 410
667 409
667 408
667 407
667 406
667 405
667 404
667 403
667 402
667 401
667 400
667 399
667 398
667 397
667 396
667 395
667 394
667 393
667 392
667 391
667 390
667 389
667 388
667 387
667 386
667 385
667 384
666 383
666 382
666 381
666 380
666 379
666 378
666 377
666 376
666 375
666 374
666 373
665 372
665 371
665 370
665 369
665 368
665 367
665 366
665 365
664 364
664 363
664 362
664 361
664 360
664 359
664 358
663 357
663 356
663 355
663 354
663 353
662 352
662 351
662 350
662 349
662 348
661 347
661 346
661 345
661 344
660 343
660 342
660 341
660 340
660 339
659 338
659 337
659 336
658 335
658 334
658 333
658 332
657 331
657 330
657 329
656 328
656 327
656 326
655 325
655 324
655 323
655 322
654 321
654 320
654 319
653 318
653 317
652 316
652 315
652 314
651 313
651 312
651 311
650 310
650 309
649 308
649 307
649 306
648 305
648 304
647 303
647 302
646 301
646 300
645 299
645 298
645 297
644 296
644 295
643 294
643 293
642 292
642 291
641 290
641 289
640 288
640 287
639 286
638 285
638 284
637 283
637 282
636 281
636 280
635 279
635 278
634 277
633 276
633 275
632 274
632 273
631 272
630 271
630 270
629 269
628 268
628 267
627 266
626 265
626 264
625 263
624 262
623 261
623 260
622 259
621 258
620 257
620 256
619 255
618 254
617 253
617 252
616 251
615 250
614 249
613 248
612 247
612 246
611 245
610 244
609 243
608 242
607 241
606 240
605 239
604 238
603 237
602 236
601 235
600 234
599 233
598 232
597 231
596 230
595 229
594 228
593 227
592 226
591 226
590 225
589 224
588 223
587 222
586 222
585 221
584 220
583 219
582 218
581 218
580 217
579 216
578 215
577 215
576 214
575 213
574 213
573 212
572 211
571 211
570 210
569 209
568 209
567 208
566 208
565 207
564 206
563 206
562 205
561 205
560 204
559 204
558 203
557 203
556 202
555 201
554 201
553 200
552 200
551 200
550 199
549 199
548 198
547 198
546 197
545 197
544 196
543 196
542 196
541 195
540 195
539 194
538 194
537 194
536 193
535 193
534 192
533 192
532 192
531 191
530 191
529 191
528 190
527 190
526 190
525 190
524 189
523 189
522 189
521 188
520 188
519 188
518 188
517 187
516 187
515 187
514 187
513 186
512 186
511 186
