504 46
503 47
502 47
501 47
500 47
499 47
498 47
497 47
496 47
495 47
494 47
493 47
492 47
491 47
490 48
489 48
488 48
487 48
486 48
485 48
484 48
483 48
482 48
481 49
480 49
479 49
478 49
477 49
476 49
475 49
474 49
473 50
472 50
471 50
470 50
469 50
468 50
467 51
466 51
465 51
464 51
463 51
462 51
461 52
460 52
459 52
458 52
457 52
456 52
455 53
454 53
453 53
452 53
451 53
450 54
449 54
448 54
447 54
446 54
445 55
444 55
443 55
442 55
441 55
440 56
439 56
438 56
437 56
436 57
435 57
434 57
433 57
432 57
431 58
430 58
429 58
428 58
427 59
426 59
425 59
424 59
423 60
422 60
421 60
420 60
419 61
418 61
417 61
416 61
415 62
414 62
413 62
412 62
411 63
410 63
409 63
408 64
407 64
406 64
405 64
404 65
403 65
402 65
401 66
400 66
399 66
398 67
397 67
396 67
395 67
394 68
393 68
392 68
391 69
390 69
389 69
388 70
387 70
386 70
385 71
384 71
383 71
382 72
381 72
380 72
379 72
378 73
377 73
376 74
375 74
374 74
373 75
372 75
371 75
370 76
369 76
368 76
367 77
366 77
365 77
364 78
363 78
362 78
361 79
360 79
359 80
358 80
357 80
356 81
355 81
354 82
353 82
352 82
351 83
350 83
349 83
348 84
347 84
346 85
345 85
344 86
343 86
342 86
341 87
340 87
339 88
338 88
337 88
336 89
335 89
334 90
333 90
332 91
331 91
330 92
329 92
328 92
327 93
326 93
325 94
324 94
323 95
322 95
321 96
320 96
319 97
318 97
317 98
316 98
315 99
314 99
313 100
312 100
311 101
310 101
309 102
308 103
307 103
306 104
305 104
304 105
303 105
302 106
301 107
300 107
299 108
298 109
297 109
296 110
295 111
294 111
293 112
292 113
291 114
290 115
289 116
288 117
287 118
286 119
286 120
286 121
286 122
286 123
286 124
286 125
286 126
286 127
286 128
286 129
286 130
286 131
286 132
286 133
286 134
286 135
286 136
286 137
286 138
286 139
286 140
286 141
286 142
286 143
286 144
286 145
286 146
286 147
286 148
286 149
286 150
286 151
286 152
286 153
286 154
286 155
286 156
286 157
286 158
286 159
286 160
286 161
286 162
286 163
286 164
286 165
286 166
286 167
286 168
286 169
286 170
286 171
286 172
286 173
286 174
286 175
286 176
286 177
286 178
286 179
286 180
286 181
286 182
286 183
286 184
286 185
286 186
286 187
286 188
286 189
286 190
286 191
286 192
286 193
286 194
286 195
286 196
286 197
286 198
286 199
286 200
286 201
286 202
286 203
286 204
286 205
286 206
286 207
286 208
286 209
286 210
286 211
286 212
286 213
286 214
286 215
286 216
286 217
286 218
286 219
286 220
286 221
286 222
286 223
286 224
286 225
286 226
286 227
286 228
286 229
286 230
286 231
286 232
286 233
286 234
286 235
286 236
286 237
286 238
286 239
286 240
286 241
286 242
286 243
286 244
286 245
286 246
286 247
286 248
286 249
286 250
286 251
286 252
286 253
286 254
286 255
286 256
286 257
286 258
286 259
286 260
286 261
286 262
286 263
286 264
286 265
286 266
286 267
286 268
286 269
286 270
286 271
286 272
286 273
286 274
286 275
286 276
286 277
286 278
286 279
286 280
286 281
286 282
286 283
286 284
286 285
286 286
286 287
286 288
286 289
286 290
286 291
286 292
286 293
286 294
286 295
286 296
286 297
286 298
286 299
286 300
286 301
286 302
286 303
286 304
286 305
286 306
286 307
286 308
286 309
286 310
286 311
286 312
286 313
286 314
286 315
286 316
286 317
286 318
286 319
286 320
286 321
286 322
286 323
286 324
286 325
286 326
286 327
286 328
286 329
286 330
286 331
286 332
286 333
286 334
286 335
286 336
286 337
286 338
286 339
286 340
286 341
286 342
286 343
286 344
286 345
286 346
286 347
286 348
286 349
286 350
286 351
286 352
286 353
286 354
286 355
286 356
286 357
286 358
286 359
286 360
286 361
286 362
286 363
286 364
286 365
286 366
286 367
286 368
286 369
286 370
286 371
286 372
286 373
286 374
286 375
286 376
286 377
286 378
286 379
286 380
286 381
286 382
286 383
286 384
286 385
286 386
286 387
286 388
286 389
286 390
286 391
286 392
286 393
286 394
286 395
286 396
286 397
286 398
286 399
286 400
286 401
286 402
286 403
286 404
286 405
286 406
286 407
286 408
286 409
286 410
286 411
286 412
286 413
286 414
286 415
286 416
286 417
286 418
286 419
286 420
286 421
286 422
286 423
286 424
286 425
286 426
286 427
286 428
286 429
286 430
286 431
286 432
286 433
286 434
286 435
286 436
286 437
286 438
286 439
286 440
286 441
286 442
286 443
286 444
286 445
286 446
286 447
286 448
286 449
286 450
286 451
286 452
286 453
286 454
286 455
286 456
286 457
286 458
286 459
286 460
286 461
286 462
286 463
286 464
286 465
286 466
286 467
286 468
286 469
286 470
286 471
286 472
286 473
286 474
286 475
286 476
286 477
286 478
286 479
286 480
286 481
286 482
286 483
286 484
286 485
286 486
286 487
286 488
286 489
286 490
286 491
286 492
286 493
286 494
286 495
286 496
286 497
286 498
286 499
286 500
286 501
286 502
286 503
286 504
286 505
286 506
286 507
286 508
286 509
286 510
286 511
286 512
286 513
286 514
286 515
286 516
286 517
286 518
286 519
286 520
286 521
286 522
286 523
286 524
286 525
286 526
286 527
286 528
286 529
286 530
286 531
286 532
286 533
286 534
286 535
286 536
286 537
286 538
286 539
286 540
286 541
286 542
286 543
286 544
286 545
286 546
286 547
286 548
286 549
286 550
286 551
286 552
286 553
286 554
286 555
286 556
286 557
286 558
286 559
286 560
286 561
286 562
286 563
286 564
286 565
286 566
286 567
286 568
286 569
286 570
286 571
286 572
286 573
286 574
286 575
286 576
286 577
286 578
286 579
286 580
286 581
286 582
286 583
286 584
286 585
286 586
286 587
286 588
286 589
286 590
286 591
286 592
286 593
286 594
286 595
286 596
286 597
286 598
286 599
286 600
286 601
286 602
286 603
286 604
286 605
286 606
286 607
286 608
286 609
286 610
286 611
286 612
286 613
286 614
286 615
286 616
286 617
286 618
286 619
286 620
286 621
286 622
286 623
286 624
286 625
286 626
286 627
286 628
286 629
286 630
286 631
286 632
286 633
286 634
286 635
286 636
286 637
286 638
286 639
286 640
286 641
286 642
286 643
286 644
286 645
286 646
286 647
286 648
286 649
286 650
286 651
286 652
286 653
286 654
286 655
286 656
286 657
286 658
286 659
286 660
286 661
286 662
286 663
286 664
286 665
286 666
286 667
286 668
286 669
286 670
286 671
286 672
286 673
286 674
286 675
286 676
286 677
286 678
286 679
286 680
286 681
286 682
287 683
287 684
288 685
289 686
290 687
291 687
292 688
293 689
294 690
295 691
296 691
297 692
298 693
299 693
300 694
301 695
302 695
303 696
304 696
305 697
306 698
307 698
308 699
309 699
310 700
311 700
312 701
313 701
314 702
315 703
316 703
317 704
318 704
319 704
320 705
321 705
322 706
323 706
324 707
325 707
326 708
327 708
328 709
329 709
330 710
331 710
332 711
333 711
334 712
335 712
336 712
337 713
338 713
339 714
340 714
341 715
342 715
343 715
344 716
345 716
346 717
347 717
348 717
349 718
350 718
351 719
352 719
353 719
354 720
355 720
356 721
357 721
358 721
359 722
360 722
361 722
362 723
363 723
364 724
365 724
366 724
367 725
368 725
369 725
370 726
371 726
372 726
373 727
374 727
375 727
376 728
377 728
378 728
379 729
380 729
381 729
382 730
383 730
384 730
385 731
386 731
387 731
388 732
389 732
390 732
391 733
392 733
393 733
394 734
395 734
396 734
397 734
398 735
399 735
400 735
401 736
402 736
403 736
404 737
405 737
406 737
407 737
408 738
409 738
410 738
411 739
412 739
413 739
414 739
415 740
416 740
417 740
418 740
419 741
420 741
421 741
422 741
423 742
424 742
425 742
426 742
427 743
428 743
429 743
430 743
431 744
432 744
433 744
434 744
435 744
436 745
437 745
438 745
439 745
440 746
441 746
442 746
443 746
444 747
445 747
446 747
447 747
448 747
449 747
450 748
451 748
452 748
453 748
454 748
455 749
456 749
457 749
458 749
459 749
460 750
461 750
462 750
463 750
464 750
465 750
466 751
467 751
468 751
469 751
470 751
471 751
472 752
473 752
474 752
475 752
476 752
477 752
478 752
479 752
480 753
481 753
482 753
483 753
484 753
485 753
486 753
487 753
488 754
489 754
490 754
491 754
492 754
493 754
494 754
495 754
496 754
497 754
498 754
499 755
500 755
501 755
502 755
503 755
504 755
505 755
506 755
507 755
508 755
509 755
510 755
511 755
512 755
513 755
514 755
515 755
516 755
517 755
518 755
519 755
520 755
521 755
522 755
523 755
524 755
525 755
526 755
527 755
528 755
529 755
530 755
531 755
532 755
533 755
534 755
535 755
536 755
537 755
538 755
539 755
540 755
541 755
542 755
543 755
544 755
545 755
546 755
547 755
548 755
549 755
550 755
551 754
552 754
553 754
554 754
555 754
556 754
557 754
558 754
559 754
560 754
561 754
562 754
563 754
564 754
565 754
566 753
567 753
568 753
569 753
570 753
571 753
572 753
573 753
574 753
575 753
576 753
577 753
578 753
579 752
580 752
581 752
582 752
583 752
584 752
585 752
586 752
587 752
588 752
589 752
590 752
591 751
592 751
593 751
594 751
595 751
596 751
597 751
598 751
599 751
600 751
601 751
602 750
603 750
604 750
605 750
606 750
607 750
608 750
609 750
610 750
611 749
612 749
613 749
614 749
615 749
616 749
617 749
618 749
619 748
620 748
621 748
622 748
623 748
624 748
625 747
626 747
627 747
628 747
629 747
630 747
631 746
632 746
633 746
634 746
635 746
636 745
637 745
638 745
639 745
640 745
641 744
642 744
643 744
644 744
645 743
646 743
647 743
648 743
649 742
650 742
651 742
652 742
653 741
654 741
655 741
656 741
657 740
658 740
659 740
660 739
661 739
662 739
663 739
664 738
665 738
666 738
667 737
668 737
669 737
670 736
671 736
672 736
673 735
674 735
675 735
676 734
677 734
678 734
679 733
680 733
681 732
682 732
683 732
684 731
685 731
686 731
687 730
688 730
689 729
690 729
691 729
692 728
693 728
694 727
695 727
696 726
697 726
698 726
699 725
700 725
701 724
702 724
703 723
704 723
705 722
706 722
707 721
708 721
709 720
710 720
711 719
712 719
713 718
714 718
715 717
716 717
717 716
718 716
719 715
720 715
721 714
722 713
723 713
724 712
725 712
726 711
727 710
728 710
729 709
730 709
731 708
732 707
733 707
734 706
735 706
736 705
737 704
738 704
739 703
740 702
741 702
742 701
743 700
744 700
745 699
746 698
747 697
748 697
749 696
750 695
751 695
752 694
753 693
754 692
755 692
756 691
757 690
758 689
759 688
760 688
761 687
762 686
763 685
764 684
765 683
766 683
767 682
768 681
769 680
770 679
771 678
772 677
773 676
774 675
775 675
776 674
777 673
778 672
779 671
780 670
781 669
782 668
783 667
784 666
785 665
786 664
787 663
788 662
789 661
790 660
791 659
791 658
792 657
793 656
794 655
795 654
796 653
797 652
798 651
798 650
799 649
800 648
801 647
802 646
803 645
803 644
804 643
805 642
806 641
807 640
807 639
808 638
809 637
810 636
810 635
811 634
812 633
813 632
813 631
814 630
815 629
815 628
816 627
817 626
818 625
818 624
819 623
820 622
820 621
821 620
822 619
822 618
823 617
823 616
824 615
825 614
825 613
826 612
827 611
827 610
828 609
828 608
829 607
830 606
830 605
831 604
831 603
832 602
832 601
833 600
834 599
834 598
835 597
835 596
836 595
836 594
837 593
837 592
838 591
838 590
839 589
839 588
840 587
840 586
841 585
841 584
842 583
842 582
843 581
843 580
844 579
844 578
845 577
845 576
846 575
846 574
847 573
847 572
847 571
848 570
848 569
849 568
849 567
850 566
850 565
850 564
851 563
851 562
852 561
852 560
852 559
853 558
853 557
854 556
854 555
854 554
855 553
855 552
855 551
856 550
856 549
857 548
857 547
857 546
858 545
858 544
858 543
859 542
859 541
859 540
860 539
860 538
860 537
861 536
861 535
861 534
862 533
862 532
862 531
863 530
863 529
863 528
863 527
864 526
864 525
864 524
865 523
865 522
865 521
865 520
866 519
866 518
866 517
867 516
867 515
867 514
867 513
868 512
868 511
868 510
868 509
869 508
869 507
869 506
869 505
870 504
870 503
870 502
870 501
870 500
871 499
871 498
871 497
871 496
872 495
872 494
872 493
872 492
872 491
873 490
873 489
873 488
873 487
873 486
873 485
874 484
874 483
874 482
874 481
874 480
875 479
875 478
875 477
875 476
875 475
875 474
875 473
876 472
876 471
876 470
876 469
876 468
876 467
877 466
877 465
877 464
877 463
877 462
877 461
877 460
877 459
878 458
878 457
878 456
878 455
878 454
878 453
878 452
878 451
878 450
879 449
879 448
879 447
879 446
879 445
879 444
879 443
879 442
879 441
879 440
879 439
880 438
880 437
880 436
880 435
880 434
880 433
880 432
880 431
880 430
880 429
880 428
880 427
880 426
880 425
880 424
880 423
880 422
881 421
881 420
881 419
881 418
881 417
881 416
881 415
881 414
881 413
881 412
881 411
881 410
881 409
881 408
881 407
881 406
881 405
881 404
881 403
881 402
881 401
881 400
881 399
881 398
881 397
881 396
881 395
881 394
881 393
881 392
881 391
881 390
881 389
881 388
881 387
881 386
881 385
881 384
881 383
881 382
881 381
881 380
880 379
880 378
880 377
880 376
880 375
880 374
880 373
880 372
880 371
880 370
880 369
880 368
880 367
880 366
880 365
880 364
880 363
879 362
879 361
879 360
879 359
879 358
879 357
879 356
879 355
879 354
879 353
879 352
878 351
878 350
878 349
878 348
878 347
878 346
878 345
878 344
878 343
877 342
877 341
877 340
877 339
877 338
877 337
877 336
876 335
876 334
876 333
876 332
876 331
876 330
876 329
875 328
875 327
875 326
875 325
875 324
875 323
874 322
874 321
874 320
874 319
874 318
874 317
873 316
873 315
873 314
873 313
873 312
872 311
872 310
872 309
872 308
872 307
871 306
871 305
871 304
871 303
871 302
870 301
870 300
870 299
870 298
869 297
869 296
869 295
869 294
869 293
868 292
868 291
868 290
867 289
867 288
867 287
867 286
866 285
866 284
866 283
866 282
865 281
865 280
865 279
865 278
864 277
864 276
864 275
863 274
863 273
863 272
862 271
862 270
862 269
862 268
861 267
861 266
861 265
860 264
860 263
860 262
859 261
859 260
859 259
858 258
858 257
858 256
857 255
857 254
856 253
856 252
856 251
855 250
855 249
855 248
854 247
854 246
854 245
853 244
853 243
852 242
852 241
851 240
851 239
851 238
850 237
850 236
849 235
849 234
849 233
848 232
848 231
847 230
847 229
846 228
846 227
845 226
845 225
845 224
844 223
844 222
843 221
843 220
842 219
842 218
841 217
841 216
840 215
840 214
839 213
839 212
838 211
838 210
837 209
837 208
836 207
836 206
835 205
835 204
834 203
833 202
833 201
832 200
832 199
831 198
831 197
830 196
829 195
829 194
828 193
828 192
827 191
826 190
826 189
825 188
825 187
824 186
823 185
823 184
822 183
821 182
821 181
820 180
819 179
819 178
818 177
817 176
817 175
816 174
815 173
815 172
814 171
813 170
812 169
812 168
811 167
810 166
809 165
809 164
808 163
807 162
806 161
806 160
805 159
804 158
803 157
802 156
802 155
801 154
800 153
799 152
798 151
797 150
797 149
796 148
795 147
794 146
793 145
792 144
791 143
790 142
789 141
788 140
787 139
787 138
786 138
785 137
785 136
784 135
783 134
782 133
781 132
780 131
779 130
778 130
777 129
776 128
775 127
774 126
773 125
772 124
771 123
770 122
769 121
768 120
767 120
766 119
765 118
764 117
763 116
762 115
761 115
760 114
759 113
758 112
757 111
756 111
755 110
754 109
753 108
752 108
751 107
750 106
749 105
748 105
747 104
746 103
745 102
744 102
743 101
742 100
741 100
740 99
739 98
738 98
737 97
736 96
735 96
734 95
733 94
732 94
731 93
730 93
729 92
728 91
727 91
726 90
725 90
724 89
723 88
722 88
721 87
720 87
719 86
718 86
717 85
716 85
715 84
714 84
713 83
712 82
711 82
710 81
709 81
708 80
707 80
706 80
705 79
704 79
703 78
702 78
701 77
700 77
699 76
698 76
697 75
696 75
695 74
694 74
693 74
692 73
691 73
690 72
689 72
688 72
687 71
686 71
685 70
684 70
683 70
682 69
681 69
680 68
679 68
678 68
677 67
676 67
675 67
674 66
673 66
672 66
671 65
670 65
669 65
668 64
667 64
666 64
665 63
664 63
663 63
662 62
661 62
660 62
659 62
658 61
657 61
656 61
655 60
654 60
653 60
652 60
651 59
650 59
649 59
648 59
647 58
646 58
645 58
644 58
643 57
642 57
641 57
640 57
639 57
638 56
637 56
636 56
635 56
634 56
633 55
632 55
631 55
630 55
629 55
628 54
627 54
626 54
625 54
624 54
623 54
622 53
621 53
620 53
619 53
618 53
617 53
616 52
615 52
614 52
613 52
612 52
611 52
610 52
609 52
608 51
607 51
606 51
605 51
604 51
603 51
602 51
601 51
600 51
599 51
598 50
597 50
596 50
595 50
594 50
593 50
592 50
591 50
590 50
589 50
588 50
587 49
586 49
585 49
584 49
583 49
582 49
581 49
580 49
579 49
578 49
577 49
576 49
575 48
574 48
573 48
572 48
571 48
570 48
569 48
568 48
567 48
566 48
565 48
564 48
563 48
562 48
561 47
560 47
559 47
558 47
557 47
556 47
555 47
554 47
553 47
552 47
551 47
550 47
549 47
548 47
547 47
546 47
545 47
544 46
543 46
542 46
541 46
540 46
539 46
538 46
537 46
536 46
535 46
534 46
533 46
532 46
531 46
530 46
529 46
528 46
527 46
526 46
525 46
524 46
523 46
522 46
521 46
520 46
519 46
518 46
517 46
516 46
515 46
514 46
513 46
512 46
511 46
510 46
509 46
508 46
507 46
506 46
505 46
504 46
