502 105
501 106
500 106
499 106
498 106
497 106
496 106
495 106
494 106
493 106
492 106
491 106
490 106
489 106
488 106
487 106
486 106
485 106
484 106
483 106
482 106
481 107
480 107
479 107
478 107
477 107
476 107
475 107
474 107
473 107
472 107
471 108
470 108
469 108
468 108
467 108
466 108
465 108
464 109
463 109
462 109
461 109
460 109
459 109
458 109
457 110
456 110
455 110
454 110
453 110
452 111
451 111
450 111
449 111
448 111
447 112
446 112
445 112
444 112
443 113
442 113
441 113
440 113
439 113
438 114
437 114
436 114
435 114
434 115
433 115
432 115
431 116
430 116
429 116
428 116
427 117
426 117
425 117
424 118
423 118
422 118
421 119
420 119
419 119
418 120
417 120
416 120
415 121
414 121
413 121
412 122
411 122
410 123
409 123
408 123
407 124
406 124
405 124
404 125
403 125
402 126
401 126
400 127
399 127
398 127
397 128
396 128
395 129
394 129
393 130
392 130
391 131
390 131
389 132
388 132
387 133
386 133
385 134
384 134
383 135
382 135
381 136
380 136
379 137
378 137
377 138
376 138
375 139
374 139
373 140
372 141
371 141
370 142
369 142
368 143
367 144
366 144
365 145
364 145
363 146
362 147
361 147
360 148
359 149
358 149
357 150
356 151
355 151
354 152
353 153
352 153
351 154
350 155
349 156
348 156
347 157
346 158
345 159
344 159
343 160
342 161
341 162
340 162
339 163
339 164
339 165
339 166
339 167
339 168
339 169
339 170
339 171
339 172
339 173
339 174
339 175
339 176
339 177
339 178
339 179
339 180
339 181
339 182
339 183
339 184
339 185
339 186
339 187
339 188
339 189
339 190
339 191
339 192
339 193
339 194
339 195
339 196
339 197
339 198
339 199
339 200
339 201
339 202
339 203
339 204
339 205
339 206
339 207
339 208
339 209
339 210
339 211
339 212
339 213
339 214
339 215
339 216
339 217
339 218
339 219
339 220
339 221
339 222
339 223
339 224
339 225
339 226
339 227
339 228
339 229
339 230
339 231
339 232
339 233
339 234
339 235
339 236
339 237
339 238
339 239
339 240
339 241
339 242
339 243
339 244
339 245
339 246
339 247
339 248
339 249
339 250
339 251
339 252
339 253
339 254
339 255
339 256
339 257
339 258
339 259
339 260
339 261
339 262
339 263
339 264
339 265
339 266
339 267
339 268
339 269
339 270
339 271
339 272
339 273
339 274
339 275
339 276
339 277
339 278
339 279
339 280
339 281
339 282
339 283
339 284
339 285
339 286
339 287
339 288
339 289
339 290
339 291
339 292
339 293
339 294
339 295
339 296
339 297
339 298
339 299
339 300
339 301
339 302
339 303
339 304
339 305
339 306
339 307
339 308
339 309
339 310
339 311
339 312
339 313
339 314
339 315
339 316
339 317
339 318
339 319
339 320
339 321
339 322
339 323
339 324
339 325
339 326
339 327
339 328
339 329
339 330
339 331
339 332
339 333
339 334
339 335
339 336
339 337
339 338
339 339
339 340
339 341
339 342
339 343
339 344
339 345
339 346
339 347
339 348
339 349
339 350
339 351
339 352
339 353
339 354
339 355
339 356
339 357
339 358
339 359
339 360
339 361
339 362
339 363
339 364
339 365
339 366
339 367
339 368
339 369
339 370
339 371
339 372
339 373
339 374
339 375
339 376
339 377
339 378
339 379
339 380
339 381
339 382
339 383
339 384
339 385
339 386
339 387
339 388
339 389
339 390
339 391
339 392
339 393
339 394
339 395
339 396
339 397
339 398
339 399
339 400
338 401
338 402
338 403
338 404
339 405
339 406
339 407
339 408
339 409
339 410
339 411
339 412
339 413
339 414
339 415
339 416
339 417
339 418
339 419
339 420
339 421
339 422
339 423
339 424
339 425
339 426
339 427
339 428
339 429
339 430
339 431
339 432
339 433
339 434
339 435
339 436
339 437
339 438
339 439
339 440
339 441
339 442
339 443
339 444
339 445
339 446
339 447
339 448
339 449
339 450
339 451
339 452
339 453
339 454
339 455
339 456
339 457
339 458
339 459
339 460
339 461
339 462
339 463
339 464
339 465
339 466
339 467
339 468
339 469
339 470
339 471
339 472
339 473
339 474
339 475
339 476
339 477
339 478
339 479
339 480
339 481
339 482
339 483
339 484
339 485
339 486
339 487
339 488
339 489
339 490
339 491
339 492
339 493
339 494
339 495
339 496
339 497
339 498
339 499
339 500
339 501
339 502
339 503
339 504
339 505
339 506
339 507
339 508
339 509
339 510
339 511
339 512
339 513
339 514
339 515
339 516
339 517
339 518
339 519
339 520
339 521
339 522
339 523
339 524
339 525
339 526
339 527
339 528
339 529
339 530
339 531
339 532
339 533
339 534
339 535
339 536
339 537
339 538
339 539
339 540
339 541
339 542
339 543
339 544
339 545
339 546
339 547
339 548
339 549
339 550
339 551
339 552
339 553
339 554
339 555
339 556
339 557
339 558
339 559
339 560
339 561
339 562
339 563
339 564
339 565
339 566
339 567
339 568
339 569
339 570
339 571
339 572
339 573
339 574
339 575
339 576
339 577
339 578
339 579
339 580
339 581
339 582
339 583
339 584
339 585
339 586
339 587
339 588
339 589
339 590
339 591
339 592
339 593
339 594
339 595
339 596
339 597
339 598
339 599
339 600
339 601
339 602
339 603
339 604
339 605
339 606
339 607
339 608
339 609
339 610
339 611
339 612
339 613
339 614
339 615
339 616
339 617
339 618
339 619
339 620
339 621
339 622
339 623
339 624
339 625
339 626
339 627
339 628
339 629
339 630
339 631
339 632
339 633
339 634
339 635
339 636
339 637
339 638
339 639
339 640
339 641
339 642
340 643
341 644
342 645
343 645
344 646
345 647
346 648
347 648
348 649
349 650
350 651
351 651
352 652
353 653
354 653
355 654
356 655
357 655
358 656
359 657
360 657
361 658
362 659
363 659
364 660
365 661
366 661
367 662
368 662
369 663
370 664
371 664
372 665
373 665
374 666
375 666
376 667
377 668
378 668
379 669
380 669
381 670
382 670
383 671
384 671
385 672
386 672
387 673
388 673
389 674
390 674
391 675
392 675
393 676
394 676
395 677
396 677
397 678
398 678
399 678
400 679
401 679
402 680
403 680
404 680
405 681
406 681
407 682
408 682
409 682
410 683
411 683
412 684
413 684
414 684
415 685
416 685
417 685
418 686
419 686
420 686
421 687
422 687
423 687
424 688
425 688
426 688
427 689
428 689
429 689
430 689
431 690
432 690
433 690
434 691
435 691
436 691
437 691
438 692
439 692
440 692
441 692
442 693
443 693
444 693
445 693
446 694
447 694
448 694
449 694
450 694
451 695
452 695
453 695
454 695
455 695
456 696
457 696
458 696
459 696
460 696
461 696
462 697
463 697
464 697
465 697
466 697
467 697
468 697
469 698
470 698
471 698
472 698
473 698
474 698
475 698
476 698
477 698
478 699
479 699
480 699
481 699
482 699
483 699
484 699
485 699
486 699
487 699
488 699
489 699
490 699
491 700
492 700
493 700
494 700
495 700
496 700
497 700
498 700
499 700
500 700
501 700
502 700
503 700
504 700
505 700
506 700
507 700
508 700
509 700
510 700
511 700
512 700
513 700
514 700
515 700
516 700
517 700
518 700
519 700
520 700
521 700
522 700
523 700
524 699
525 699
526 699
527 699
528 699
529 699
530 699
531 699
532 699
533 699
534 699
535 699
536 699
537 698
538 698
539 698
540 698
541 698
542 698
543 698
544 698
545 698
546 698
547 697
548 697
549 697
550 697
551 697
552 697
553 697
554 697
555 696
556 696
557 696
558 696
559 696
560 696
561 695
562 695
563 695
564 695
565 695
566 695
567 694
568 694
569 694
570 694
571 694
572 693
573 693
574 693
575 693
576 693
577 692
578 692
579 692
580 692
581 692
582 691
583 691
584 691
585 691
586 690
587 690
588 690
589 690
590 689
591 689
592 689
593 689
594 688
595 688
596 688
597 688
598 687
599 687
600 687
601 686
602 686
603 686
604 686
605 685
606 685
607 685
608 684
609 684
610 684
611 683
612 683
613 683
614 682
615 682
616 682
617 681
618 681
619 681
620 680
621 680
622 680
623 679
624 679
625 679
626 678
627 678
628 677
629 677
630 677
631 676
632 676
633 676
634 675
635 675
636 674
637 674
638 673
639 673
640 673
641 672
642 672
643 671
644 671
645 670
646 670
647 669
648 669
649 669
650 668
651 668
652 667
653 667
654 666
655 666
656 665
657 665
658 664
659 664
660 663
661 663
662 662
663 661
664 661
665 660
666 660
667 659
668 659
669 658
670 658
671 657
672 656
673 656
674 655
675 655
676 654
677 653
678 653
679 652
680 651
681 651
682 650
683 649
684 649
685 648
686 647
687 647
688 646
689 645
690 645
691 644
692 643
693 642
694 642
695 641
696 640
697 639
698 639
699 638
700 637
701 636
702 635
703 635
704 634
705 633
706 632
707 631
708 630
709 630
710 629
711 628
712 627
713 626
714 625
715 624
716 623
717 622
718 621
719 620
720 619
721 618
722 617
723 616
724 615
725 614
726 613
727 612
728 611
729 610
730 609
731 608
731 607
732 606
733 605
734 604
735 603
736 602
736 601
737 600
738 599
739 598
740 597
740 596
741 595
742 594
743 593
743 592
744 591
745 590
746 589
746 588
747 587
748 586
748 585
749 584
750 583
750 582
751 581
752 580
752 579
753 578
754 577
754 576
755 575
755 574
756 573
757 572
757 571
758 570
758 569
759 568
759 567
760 566
761 565
761 564
762 563
762 562
763 561
763 560
764 559
764 558
765 557
765 556
766 555
766 554
767 553
767 552
768 551
768 550
769 549
769 548
770 547
770 546
771 545
771 544
771 543
772 542
772 541
773 540
773 539
774 538
774 537
774 536
775 535
775 534
776 533
776 532
776 531
777 530
777 529
777 528
778 527
778 526
779 525
779 524
779 523
780 522
780 521
780 520
781 519
781 518
781 517
782 516
782 515
782 514
783 513
783 512
783 511
783 510
784 509
784 508
784 507
785 506
785 505
785 504
785 503
786 502
786 501
786 500
787 499
787 498
787 497
787 496
788 495
788 494
788 493
788 492
789 491
789 490
789 489
789 488
789 487
790 486
790 485
790 484
790 483
790 482
791 481
791 480
791 479
791 478
791 477
792 476
792 475
792 474
792 473
792 472
793 471
793 470
793 469
793 468
793 467
793 466
794 465
794 464
794 463
794 462
794 461
794 460
794 459
795 458
795 457
795 456
795 455
795 454
795 453
795 452
795 451
796 450
796 449
796 448
796 447
796 446
796 445
796 444
796 443
796 442
796 441
797 440
797 439
797 438
797 437
797 436
797 435
797 434
797 433
797 432
797 431
797 430
797 429
797 428
798 427
798 426
798 425
798 424
798 423
798 422
798 421
798 420
798 419
798 418
798 417
798 416
798 415
798 414
798 413
798 412
798 411
798 410
798 409
798 408
798 407
798 406
798 405
798 404
798 403
798 402
798 401
798 400
798 399
798 398
798 397
798 396
798 395
798 394
798 393
798 392
798 391
798 390
798 389
798 388
798 387
798 386
798 385
798 384
798 383
798 382
798 381
798 380
798 379
797 378
797 377
797 376
797 375
797 374
797 373
797 372
797 371
797 370
797 369
797 368
797 367
797 366
797 365
796 364
796 363
796 362
796 361
796 360
796 359
796 358
796 357
796 356
795 355
795 354
795 353
795 352
795 351
795 350
795 349
795 348
795 347
794 346
794 345
794 344
794 343
794 342
794 341
793 340
793 339
793 338
793 337
793 336
793 335
792 334
792 333
792 332
792 331
792 330
792 329
791 328
791 327
791 326
791 325
791 324
790 323
790 322
790 321
790 320
790 319
789 318
789 317
789 316
789 315
788 314
788 313
788 312
788 311
787 310
787 309
787 308
787 307
786 306
786 305
786 304
786 303
785 302
785 301
785 300
784 299
784 298
784 297
784 296
783 295
783 294
783 293
782 292
782 291
782 290
781 289
781 288
781 287
780 286
780 285
780 284
779 283
779 282
779 281
778 280
778 279
778 278
777 277
777 276
776 275
776 274
776 273
775 272
775 271
775 270
774 269
774 268
773 267
773 266
772 265
772 264
772 263
771 262
771 261
770 260
770 259
769 258
769 257
768 256
768 255
768 254
767 253
767 252
766 251
766 250
765 249
765 248
764 247
764 246
763 245
762 244
762 243
761 242
761 241
760 240
760 239
759 238
759 237
758 236
757 235
757 234
756 233
756 232
755 231
755 230
754 229
753 228
753 227
752 226
751 225
751 224
750 223
749 222
749 221
748 220
747 219
747 218
746 217
745 216
745 215
744 214
743 213
742 212
742 211
741 210
740 209
739 208
738 207
738 206
737 205
736 204
735 203
734 202
734 201
733 200
732 199
731 198
730 197
729 196
728 195
728 194
727 193
726 192
725 191
724 190
723 189
722 188
721 187
720 186
719 185
718 184
717 183
716 182
715 181
714 180
713 179
712 178
711 178
710 177
709 176
708 175
707 174
706 173
705 172
704 172
703 171
702 170
701 169
700 168
699 167
698 167
697 166
696 165
695 164
694 164
693 163
692 162
691 161
690 161
689 160
688 159
687 159
686 158
685 157
684 157
683 156
682 155
681 155
680 154
679 153
678 153
677 152
676 151
675 151
674 150
673 150
672 149
671 148
670 148
669 147
668 147
667 146
666 146
665 145
664 144
663 144
662 143
661 143
660 142
659 142
658 141
657 141
656 140
655 140
654 139
653 139
652 138
651 138
650 137
649 137
648 136
647 136
646 135
645 135
644 134
643 134
642 134
641 133
640 133
639 132
638 132
637 131
636 131
635 131
634 130
633 130
632 129
631 129
630 129
629 128
628 128
627 128
626 127
625 127
624 126
623 126
622 126
621 125
620 125
619 125
618 124
617 124
616 124
615 123
614 123
613 123
612 122
611 122
610 122
609 121
608 121
607 121
606 120
605 120
604 120
603 120
602 119
601 119
600 119
599 118
598 118
597 118
596 118
595 117
594 117
593 117
592 116
591 116
590 116
589 116
588 115
587 115
586 115
585 115
584 115
583 114
582 114
581 114
580 114
579 113
578 113
577 113
576 113
575 113
574 112
573 112
572 112
571 112
570 112
569 111
568 111
567 111
566 111
565 111
564 110
563 110
562 110
561 110
560 110
559 110
558 109
557 109
556 109
555 109
554 109
553 109
552 109
551 108
550 108
549 108
548 108
547 108
546 108
545 108
544 108
543 107
542 107
541 107
540 107
539 107
538 107
537 107
536 107
535 107
534 107
533 107
532 106
531 106
530 106
529 106
528 106
527 106
526 106
525 106
524 106
523 106
522 106
521 106
520 106
519 106
518 106
517 106
516 106
515 106
514 106
513 106
512 106
511 105
510 105
509 105
508 105
507 105
506 105
505 105
504 105
503 105
502 105
