531 113
530 114
529 114
528 114
527 114
526 114
525 114
524 114
523 114
522 115
521 115
520 115
519 115
518 115
517 115
516 116
515 116
514 116
513 116
512 116
511 117
510 117
509 117
508 117
507 117
506 118
505 118
504 118
503 118
502 119
501 119
500 119
499 120
498 120
497 120
496 120
495 121
494 121
493 121
492 122
491 122
490 122
489 123
488 123
487 123
486 124
485 124
484 124
483 125
482 125
481 126
480 126
479 126
478 127
477 127
476 128
475 128
474 128
473 129
472 129
471 130
470 130
469 131
468 131
467 131
466 132
465 132
464 133
463 133
462 134
461 134
460 135
459 135
458 136
457 136
456 137
455 137
454 138
453 139
452 139
451 140
450 140
449 141
448 141
447 142
446 143
445 143
444 144
443 144
442 145
441 146
440 146
439 147
438 148
437 148
436 149
435 150
434 150
433 151
432 152
431 152
430 153
429 154
428 154
427 155
426 156
425 157
424 157
423 158
422 159
421 160
420 161
419 161
418 162
417 163
416 164
415 165
414 165
413 166
412 167
411 168
410 169
409 170
408 171
407 172
406 173
405 174
404 175
403 176
402 177
401 178
400 179
399 180
398 181
397 182
396 183
395 184
394 185
393 186
393 187
392 188
391 189
390 190
389 191
389 192
388 193
387 194
386 195
386 196
385 197
384 198
384 199
383 200
383 201
383 202
383 203
383 204
383 205
383 206
383 207
383 208
383 209
383 210
383 211
383 212
383 213
383 214
383 215
383 216
383 217
383 218
383 219
383 220
383 221
383 222
383 223
383 224
383 225
383 226
383 227
383 228
383 229
383 230
383 231
383 232
383 233
383 234
383 235
383 236
383 237
383 238
383 239
383 240
383 241
383 242
383 243
383 244
383 245
383 246
383 247
383 248
383 249
383 250
383 251
383 252
383 253
383 254
383 255
383 256
383 257
383 258
383 259
383 260
383 261
383 262
383 263
383 264
383 265
383 266
383 267
383 268
383 269
383 270
383 271
383 272
383 273
383 274
383 275
383 276
383 277
383 278
383 279
383 280
383 281
383 282
383 283
383 284
383 285
383 286
383 287
383 288
383 289
383 290
383 291
383 292
383 293
383 294
383 295
383 296
383 297
383 298
383 299
383 300
383 301
383 302
383 303
383 304
383 305
383 306
383 307
383 308
383 309
383 310
383 311
383 312
383 313
383 314
383 315
383 316
383 317
383 318
383 319
383 320
383 321
383 322
383 323
383 324
383 325
383 326
383 327
383 328
383 329
383 330
383 331
383 332
383 333
383 334
383 335
383 336
383 337
383 338
383 339
383 340
383 341
383 342
383 343
383 344
383 345
383 346
383 347
383 348
383 349
383 350
383 351
383 352
383 353
383 354
383 355
383 356
383 357
383 358
383 359
383 360
383 361
383 362
383 363
383 364
383 365
383 366
383 367
383 368
383 369
383 370
383 371
383 372
383 373
383 374
383 375
383 376
383 377
383 378
383 379
383 380
383 381
383 382
383 383
383 384
383 385
383 386
383 387
383 388
383 389
383 390
383 391
383 392
382 393
382 394
382 395
382 396
383 397
383 398
383 399
383 400
383 401
383 402
383 403
383 404
383 405
383 406
383 407
383 408
383 409
383 410
383 411
383 412
383 413
383 414
383 415
383 416
383 417
383 418
383 419
383 420
383 421
383 422
383 423
383 424
383 425
383 426
383 427
383 428
383 429
383 430
383 431
383 432
383 433
383 434
383 435
383 436
383 437
383 438
383 439
383 440
383 441
383 442
383 443
383 444
383 445
383 446
383 447
383 448
383 449
383 450
383 451
383 452
383 453
383 454
383 455
383 456
383 457
383 458
383 459
383 460
383 461
383 462
383 463
383 464
383 465
383 466
383 467
383 468
383 469
383 470
383 471
383 472
383 473
383 474
383 475
383 476
383 477
383 478
383 479
383 480
383 481
383 482
383 483
383 484
383 485
383 486
383 487
383 488
383 489
383 490
383 491
383 492
383 493
383 494
383 495
383 496
383 497
383 498
383 499
383 500
383 501
383 502
383 503
383 504
383 505
383 506
383 507
383 508
383 509
383 510
383 511
383 512
383 513
383 514
383 515
383 516
383 517
383 518
383 519
383 520
383 521
383 522
383 523
383 524
383 525
383 526
383 527
383 528
383 529
383 530
383 531
383 532
383 533
383 534
383 535
383 536
383 537
383 538
383 539
383 540
383 541
383 542
383 543
383 544
383 545
383 546
383 547
383 548
383 549
383 550
383 551
383 552
383 553
383 554
383 555
383 556
383 557
383 558
383 559
383 560
383 561
383 562
383 563
383 564
383 565
383 566
383 567
383 568
383 569
383 570
383 571
383 572
383 573
383 574
383 575
383 576
383 577
383 578
383 579
383 580
383 581
383 582
383 583
383 584
383 585
383 586
383 587
383 588
383 589
383 590
384 591
385 592
386 593
386 594
387 595
388 596
388 597
389 598
390 599
391 600
392 601
392 602
393 603
394 604
395 605
396 606
397 607
398 608
399 609
400 610
401 611
401 612
402 613
403 614
404 615
405 615
406 616
407 617
408 618
409 619
410 620
411 621
412 622
413 623
414 624
415 625
416 625
417 626
418 627
419 628
420 629
421 629
422 630
423 631
424 632
425 633
426 633
427 634
428 635
429 635
430 636
431 637
432 638
433 638
434 639
435 640
436 640
437 641
438 642
439 642
440 643
441 644
442 644
443 645
444 645
445 646
446 647
447 647
448 648
449 648
450 649
451 650
452 650
453 651
454 651
455 652
456 652
457 653
458 653
459 654
460 654
461 655
462 655
463 656
464 656
465 657
466 657
467 658
468 658
469 659
470 659
471 660
472 660
473 660
474 661
475 661
476 662
477 662
478 662
479 663
480 663
481 664
482 664
483 664
484 665
485 665
486 665
487 666
488 666
489 667
490 667
491 667
492 668
493 668
494 668
495 668
496 669
497 669
498 669
499 670
500 670
501 670
502 670
503 671
504 671
505 671
506 671
507 672
508 672
509 672
510 672
511 673
512 673
513 673
514 673
515 673
516 674
517 674
518 674
519 674
520 674
521 674
522 675
523 675
524 675
525 675
526 675
527 675
528 675
529 676
530 676
531 676
532 676
533 676
534 676
535 676
536 676
537 676
538 676
539 676
540 676
541 676
542 676
543 676
544 676
545 676
546 676
547 676
548 676
549 676
550 676
551 676
552 676
553 676
554 676
555 676
556 676
557 676
558 676
559 676
560 676
561 676
562 676
563 676
564 675
565 675
566 675
567 675
568 675
569 675
570 675
571 675
572 675
573 674
574 674
575 674
576 674
577 674
578 674
579 674
580 673
581 673
582 673
583 673
584 673
585 673
586 672
587 672
588 672
589 672
590 672
591 671
592 671
593 671
594 671
595 670
596 670
597 670
598 670
599 670
600 669
601 669
602 669
603 669
604 668
605 668
606 668
607 668
608 667
609 667
610 667
611 666
612 666
613 666
614 665
615 665
616 665
617 665
618 664
619 664
620 664
621 663
622 663
623 663
624 662
625 662
626 661
627 661
628 661
629 660
630 660
631 660
632 659
633 659
634 658
635 658
636 658
637 657
638 657
639 656
640 656
641 655
642 655
643 654
644 654
645 654
646 653
647 653
648 652
649 652
650 651
651 651
652 650
653 650
654 649
655 649
656 648
657 647
658 647
659 646
660 646
661 645
662 645
663 644
664 643
665 643
666 642
667 642
668 641
669 640
670 640
671 639
672 638
673 638
674 637
675 636
676 636
677 635
678 634
679 634
680 633
681 632
682 631
683 631
684 630
685 629
686 628
687 628
688 627
689 626
690 625
691 624
692 624
693 623
694 622
695 621
696 620
697 619
698 618
699 617
700 617
701 616
702 615
703 614
704 613
705 612
706 611
707 610
708 609
709 608
710 607
711 606
712 605
713 604
713 603
714 602
715 601
716 600
717 599
718 598
719 597
720 596
720 595
721 594
722 593
723 592
724 591
724 590
725 589
726 588
727 587
727 586
728 585
729 584
730 583
730 582
731 581
732 580
733 579
733 578
734 577
735 576
735 575
736 574
737 573
737 572
738 571
739 570
739 569
740 568
740 567
741 566
742 565
742 564
743 563
743 562
744 561
745 560
745 559
746 558
746 557
747 556
747 555
748 554
748 553
749 552
749 551
750 550
751 549
751 548
752 547
752 546
753 545
753 544
754 543
754 542
754 541
755 540
755 539
756 538
756 537
757 536
757 535
758 534
758 533
759 532
759 531
759 530
760 529
760 528
761 527
761 526
761 525
762 524
762 523
763 522
763 521
763 520
764 519
764 518
765 517
765 516
765 515
766 514
766 513
766 512
767 511
767 510
767 509
768 508
768 507
768 506
769 505
769 504
769 503
770 502
770 501
770 500
771 499
771 498
771 497
771 496
772 495
772 494
772 493
773 492
773 491
773 490
773 489
774 488
774 487
774 486
774 485
775 484
775 483
775 482
775 481
776 480
776 479
776 478
776 477
777 476
777 475
777 474
777 473
778 472
778 471
778 470
778 469
778 468
779 467
779 466
779 465
779 464
779 463
779 462
780 461
780 460
780 459
780 458
780 457
781 456
781 455
781 454
781 453
781 452
781 451
781 450
782 449
782 448
782 447
782 446
782 445
782 444
782 443
783 442
783 441
783 440
783 439
783 438
783 437
783 436
783 435
783 434
784 433
784 432
784 431
784 430
784 429
784 428
784 427
784 426
784 425
784 424
784 423
785 422
785 421
785 420
785 419
785 418
785 417
785 416
785 415
785 414
785 413
785 412
785 411
785 410
785 409
785 408
785 407
785 406
785 405
785 404
785 403
785 402
785 401
785 400
785 399
785 398
785 397
786 396
786 395
786 394
786 393
785 392
785 391
785 390
785 389
785 388
785 387
785 386
785 385
785 384
785 383
785 382
785 381
785 380
785 379
785 378
785 377
785 376
785 375
785 374
785 373
785 372
785 371
785 370
785 369
785 368
785 367
784 366
784 365
784 364
784 363
784 362
784 361
784 360
784 359
784 358
784 357
784 356
783 355
783 354
783 353
783 352
783 351
783 350
783 349
783 348
783 347
782 346
782 345
782 344
782 343
782 342
782 341
782 340
781 339
781 338
781 337
781 336
781 335
781 334
781 333
780 332
780 331
780 330
780 329
780 328
779 327
779 326
779 325
779 324
779 323
779 322
778 321
778 320
778 319
778 318
777 317
777 316
777 315
777 314
777 313
776 312
776 311
776 310
776 309
775 308
775 307
775 306
775 305
774 304
774 303
774 302
774 301
773 300
773 299
773 298
773 297
772 296
772 295
772 294
771 293
771 292
771 291
770 290
770 289
770 288
770 287
769 286
769 285
769 284
768 283
768 282
768 281
767 280
767 279
767 278
766 277
766 276
766 275
765 274
765 273
764 272
764 271
764 270
763 269
763 268
763 267
762 266
762 265
761 264
761 263
761 262
760 261
760 260
759 259
759 258
758 257
758 256
758 255
757 254
757 253
756 252
756 251
755 250
755 249
754 248
754 247
753 246
753 245
752 244
752 243
751 242
751 241
750 240
750 239
749 238
749 237
748 236
748 235
747 234
747 233
746 232
746 231
745 230
744 229
744 228
743 227
743 226
742 225
741 224
741 223
740 222
740 221
739 220
738 219
738 218
737 217
736 216
736 215
735 214
734 213
734 212
733 211
732 210
732 209
731 208
730 207
730 206
729 205
728 204
727 203
727 202
726 201
725 200
724 199
723 198
723 197
722 196
721 195
720 194
719 193
719 192
718 191
717 190
716 189
715 188
714 187
713 186
712 185
711 184
711 183
710 182
709 181
708 180
707 179
706 178
705 177
704 176
703 175
702 174
701 174
700 173
699 172
698 171
697 170
696 169
695 168
694 167
693 166
692 166
691 165
690 164
689 163
688 162
687 162
686 161
685 160
684 159
683 158
682 158
681 157
680 156
679 156
678 155
677 154
676 153
675 153
674 152
673 151
672 151
671 150
670 149
669 149
668 148
667 148
666 147
665 146
664 146
663 145
662 145
661 144
660 143
659 143
658 142
657 142
656 141
655 141
654 140
653 140
652 139
651 139
650 138
649 138
648 137
647 137
646 136
645 136
644 135
643 135
642 134
641 134
640 133
639 133
638 132
637 132
636 132
635 131
634 131
633 130
632 130
631 130
630 129
629 129
628 128
627 128
626 128
625 127
624 127
623 127
622 126
621 126
620 126
619 125
618 125
617 125
616 124
615 124
614 124
613 123
612 123
611 123
610 123
609 122
608 122
607 122
606 121
605 121
604 121
603 121
602 120
601 120
600 120
599 120
598 119
597 119
596 119
595 119
594 118
593 118
592 118
591 118
590 118
589 117
588 117
587 117
586 117
585 117
584 116
583 116
582 116
581 116
580 116
579 116
578 115
577 115
576 115
575 115
574 115
573 115
572 115
571 114
570 114
569 114
568 114
567 114
566 114
565 114
564 114
563 114
562 113
561 113
560 113
559 113
558 113
557 113
556 113
555 113
554 113
553 113
552 113
551 113
550 113
549 113
548 113
547 113
546 113
545 113
544 113
543 113
542 113
541 113
540 113
539 113
538 113
537 113
536 113
535 113
534 113
533 113
532 113
531 113
