507 95
506 96
505 96
504 96
503 96
502 96
501 96
500 96
499 96
498 96
497 96
496 97
495 97
494 97
493 97
492 97
491 97
490 98
489 98
488 98
487 98
486 98
485 98
484 99
483 99
482 99
481 99
480 99
479 100
478 100
477 100
476 100
475 101
474 101
473 101
472 101
471 102
470 102
469 102
468 103
467 103
466 103
465 103
464 104
463 104
462 104
461 105
460 105
459 105
458 106
457 106
456 106
455 107
454 107
453 108
452 108
451 108
450 109
449 109
448 110
447 110
446 110
445 111
444 111
443 112
442 112
441 113
440 113
439 114
438 114
437 114
436 115
435 115
434 116
433 116
432 117
431 117
430 118
429 119
428 119
427 120
426 120
425 121
424 121
423 122
422 122
421 123
420 124
419 124
418 125
417 126
416 126
415 127
414 127
413 128
412 129
411 129
410 130
409 131
408 131
407 132
406 133
405 133
404 134
403 135
402 136
401 136
400 137
399 138
398 139
397 139
396 140
395 141
394 142
393 143
392 143
391 144
390 145
389 146
388 147
387 148
386 148
385 149
384 150
383 151
382 152
381 153
380 154
379 155
378 156
377 157
376 158
375 159
374 160
373 161
372 162
371 163
370 164
369 165
368 166
367 167
366 168
365 169
364 170
364 171
363 172
362 173
361 174
360 175
359 176
358 177
358 178
357 179
356 180
355 181
354 182
354 183
353 184
352 185
351 186
351 187
351 188
351 189
351 190
351 191
351 192
351 193
351 194
351 195
351 196
351 197
351 198
351 199
351 200
351 201
351 202
351 203
351 204
351 205
351 206
351 207
351 208
351 209
351 210
351 211
351 212
351 213
351 214
351 215
351 216
351 217
351 218
351 219
351 220
351 221
351 222
351 223
351 224
351 225
351 226
351 227
351 228
351 229
351 230
351 231
351 232
351 233
351 234
351 235
351 236
351 237
351 238
351 239
351 240
351 241
351 242
351 243
351 244
351 245
351 246
351 247
351 248
351 249
351 250
351 251
351 252
351 253
351 254
351 255
351 256
351 257
351 258
351 259
351 260
351 261
351 262
351 263
351 264
351 265
351 266
351 267
351 268
351 269
351 270
351 271
351 272
351 273
351 274
351 275
351 276
351 277
351 278
351 279
351 280
351 281
351 282
351 283
351 284
351 285
351 286
351 287
351 288
351 289
351 290
351 291
351 292
351 293
351 294
351 295
351 296
351 297
351 298
351 299
351 300
351 301
351 302
351 303
351 304
351 305
351 306
351 307
351 308
351 309
351 310
351 311
351 312
351 313
351 314
351 315
351 316
351 317
351 318
351 319
351 320
351 321
351 322
351 323
351 324
351 325
351 326
351 327
351 328
351 329
351 330
351 331
351 332
351 333
351 334
351 335
351 336
351 337
351 338
351 339
351 340
351 341
351 342
351 343
351 344
351 345
351 346
351 347
351 348
351 349
351 350
351 351
351 352
351 353
351 354
351 355
351 356
351 357
351 358
351 359
351 360
351 361
351 362
351 363
351 364
351 365
351 366
351 367
351 368
351 369
351 370
351 371
351 372
351 373
351 374
351 375
351 376
351 377
351 378
351 379
351 380
351 381
351 382
351 383
351 384
351 385
351 386
351 387
351 388
351 389
351 390
351 391
351 392
351 393
351 394
351 395
351 396
351 397
351 398
351 399
351 400
351 401
351 402
351 403
351 404
351 405
351 406
351 407
351 408
351 409
351 410
351 411
351 412
351 413
351 414
351 415
351 416
351 417
351 418
351 419
351 420
351 421
351 422
351 423
351 424
351 425
351 426
351 427
351 428
351 429
351 430
351 431
351 432
351 433
351 434
351 435
351 436
351 437
351 438
351 439
351 440
351 441
351 442
351 443
351 444
351 445
351 446
351 447
351 448
351 449
351 450
351 451
351 452
351 453
351 454
351 455
351 456
351 457
351 458
351 459
351 460
351 461
351 462
351 463
351 464
351 465
351 466
351 467
351 468
351 469
351 470
351 471
351 472
351 473
351 474
351 475
351 476
351 477
351 478
351 479
351 480
351 481
351 482
351 483
351 484
351 485
351 486
351 487
351 488
351 489
351 490
351 491
351 492
351 493
351 494
351 495
351 496
351 497
351 498
351 499
351 500
351 501
351 502
351 503
351 504
351 505
351 506
351 507
351 508
351 509
351 510
351 511
351 512
351 513
351 514
351 515
351 516
351 517
351 518
351 519
351 520
351 521
351 522
351 523
351 524
351 525
351 526
351 527
351 528
351 529
351 530
351 531
351 532
351 533
351 534
351 535
351 536
351 537
351 538
351 539
351 540
351 541
351 542
351 543
351 544
351 545
351 546
351 547
351 548
351 549
351 550
351 551
351 552
351 553
351 554
351 555
351 556
351 557
351 558
351 559
351 560
351 561
351 562
351 563
351 564
351 565
351 566
351 567
351 568
351 569
351 570
351 571
351 572
351 573
352 574
353 575
354 576
354 577
355 578
356 579
357 580
358 581
358 582
359 583
360 584
361 585
362 586
363 587
364 588
364 589
365 590
366 591
367 592
368 593
369 594
370 595
371 596
372 597
373 598
374 599
375 600
376 601
377 602
378 603
379 604
380 605
381 606
382 607
383 608
384 609
385 610
386 610
387 611
388 612
389 613
390 614
391 615
392 616
393 616
394 617
395 618
396 619
397 619
398 620
399 621
400 622
401 623
402 623
403 624
404 625
405 625
406 626
407 627
408 628
409 628
410 629
411 630
412 630
413 631
414 631
415 632
416 633
417 633
418 634
419 635
420 635
421 636
422 636
423 637
424 638
425 638
426 639
427 639
428 640
429 640
430 641
431 641
432 642
433 642
434 643
435 643
436 644
437 644
438 645
439 645
440 646
441 646
442 647
443 647
444 648
445 648
446 648
447 649
448 649
449 650
450 650
451 651
452 651
453 651
454 652
455 652
456 652
457 653
458 653
459 653
460 654
461 654
462 654
463 655
464 655
465 655
466 656
467 656
468 656
469 657
470 657
471 657
472 657
473 658
474 658
475 658
476 658
477 659
478 659
479 659
480 659
481 660
482 660
483 660
484 660
485 660
486 661
487 661
488 661
489 661
490 661
491 662
492 662
493 662
494 662
495 662
496 662
497 662
498 663
499 663
500 663
501 663
502 663
503 663
504 663
505 663
506 663
507 663
508 663
509 664
510 664
511 664
512 664
513 664
514 664
515 664
516 664
517 664
518 664
519 664
520 664
521 664
522 664
523 664
524 664
525 664
526 664
527 664
528 664
529 664
530 664
531 664
532 664
533 663
534 663
535 663
536 663
537 663
538 663
539 663
540 663
541 663
542 663
543 663
544 662
545 662
546 662
547 662
548 662
549 662
550 661
551 661
552 661
553 661
554 661
555 661
556 660
557 660
558 660
559 660
560 660
561 659
562 659
563 659
564 659
565 658
566 658
567 658
568 658
569 657
570 657
571 657
572 656
573 656
574 656
575 656
576 655
577 655
578 655
579 654
580 654
581 654
582 653
583 653
584 653
585 652
586 652
587 651
588 651
589 651
590 650
591 650
592 649
593 649
594 649
595 648
596 648
597 647
598 647
599 646
600 646
601 645
602 645
603 645
604 644
605 644
606 643
607 643
608 642
609 641
610 641
611 640
612 640
613 639
614 639
615 638
616 638
617 637
618 637
619 636
620 635
621 635
622 634
623 633
624 633
625 632
626 632
627 631
628 630
629 630
630 629
631 628
632 628
633 627
634 626
635 626
636 625
637 624
638 623
639 623
640 622
641 621
642 620
643 620
644 619
645 618
646 617
647 616
648 616
649 615
650 614
651 613
652 612
653 612
654 611
655 610
656 609
657 608
658 607
659 606
660 605
661 604
662 604
663 603
664 602
665 601
666 600
667 599
668 598
669 597
670 596
671 595
672 594
673 593
674 592
675 591
676 590
677 589
678 588
678 587
679 586
680 585
681 584
682 583
683 582
684 581
685 580
686 579
687 578
687 577
688 576
689 575
690 574
691 573
691 572
692 571
693 570
694 569
695 568
695 567
696 566
697 565
697 564
698 563
699 562
700 561
700 560
701 559
702 558
702 557
703 556
704 555
704 554
705 553
706 552
706 551
707 550
708 549
708 548
709 547
709 546
710 545
711 544
711 543
712 542
712 541
713 540
714 539
714 538
715 537
715 536
716 535
716 534
717 533
717 532
718 531
718 530
719 529
719 528
720 527
721 526
721 525
721 524
722 523
722 522
723 521
723 520
724 519
724 518
725 517
725 516
726 515
726 514
727 513
727 512
727 511
728 510
728 509
729 508
729 507
730 506
730 505
730 504
731 503
731 502
732 501
732 500
732 499
733 498
733 497
733 496
734 495
734 494
735 493
735 492
735 491
736 490
736 489
736 488
737 487
737 486
737 485
738 484
738 483
738 482
739 481
739 480
739 479
739 478
740 477
740 476
740 475
741 474
741 473
741 472
741 471
742 470
742 469
742 468
742 467
743 466
743 465
743 464
743 463
744 462
744 461
744 460
744 459
745 458
745 457
745 456
745 455
745 454
746 453
746 452
746 451
746 450
747 449
747 448
747 447
747 446
747 445
747 444
748 443
748 442
748 441
748 440
748 439
748 438
749 437
749 436
749 435
749 434
749 433
749 432
750 431
750 430
750 429
750 428
750 427
750 426
750 425
750 424
750 423
751 422
751 421
751 420
751 419
751 418
751 417
751 416
751 415
751 414
751 413
752 412
752 411
752 410
752 409
752 408
752 407
752 406
752 405
752 404
752 403
752 402
752 401
752 400
752 399
752 398
752 397
753 396
753 395
753 394
753 393
753 392
753 391
753 390
753 389
753 388
753 387
753 386
753 385
753 384
753 383
753 382
753 381
753 380
753 379
753 378
753 377
753 376
753 375
753 374
753 373
753 372
753 371
753 370
753 369
753 368
753 367
753 366
753 365
753 364
753 363
753 362
752 361
752 360
752 359
752 358
752 357
752 356
752 355
752 354
752 353
752 352
752 351
752 350
752 349
752 348
752 347
751 346
751 345
751 344
751 343
751 342
751 341
751 340
751 339
751 338
751 337
750 336
750 335
750 334
750 333
750 332
750 331
750 330
750 329
750 328
749 327
749 326
749 325
749 324
749 323
749 322
748 321
748 320
748 319
748 318
748 317
748 316
747 315
747 314
747 313
747 312
747 311
746 310
746 309
746 308
746 307
746 306
746 305
745 304
745 303
745 302
745 301
744 300
744 299
744 298
744 297
743 296
743 295
743 294
743 293
743 292
742 291
742 290
742 289
741 288
741 287
741 286
741 285
740 284
740 283
740 282
739 281
739 280
739 279
739 278
738 277
738 276
738 275
737 274
737 273
737 272
736 271
736 270
736 269
735 268
735 267
735 266
734 265
734 264
733 263
733 262
733 261
732 260
732 259
732 258
731 257
731 256
730 255
730 254
730 253
729 252
729 251
728 250
728 249
727 248
727 247
727 246
726 245
726 244
725 243
725 242
724 241
724 240
723 239
723 238
723 237
722 236
722 235
721 234
720 233
720 232
720 231
719 230
718 229
718 228
717 227
717 226
716 225
716 224
715 223
715 222
714 221
714 220
713 219
712 218
712 217
711 216
711 215
710 214
709 213
709 212
708 211
708 210
707 209
706 208
706 207
705 206
704 205
704 204
703 203
702 202
702 201
701 200
700 199
700 198
699 197
698 196
697 195
697 194
696 193
695 192
695 191
694 190
693 189
692 188
692 187
691 186
690 185
689 184
688 183
687 182
687 181
686 180
685 179
684 178
683 177
682 176
681 175
680 174
680 173
679 172
678 171
677 170
676 169
675 168
674 167
673 166
672 165
671 164
670 163
669 162
668 161
667 160
666 159
665 158
664 157
663 156
662 155
661 154
660 154
659 153
658 152
657 151
656 150
655 149
654 148
653 147
652 147
651 146
650 145
649 144
648 143
647 142
646 142
645 141
644 140
643 139
642 139
641 138
640 137
639 136
638 136
637 135
636 134
635 133
634 133
633 132
632 131
631 131
630 130
629 129
628 129
627 128
626 127
625 127
624 126
623 125
622 125
621 124
620 124
619 123
618 122
617 122
616 121
615 121
614 120
613 120
612 119
611 118
610 118
609 117
608 117
607 116
606 116
605 115
604 115
603 114
602 114
601 113
600 113
599 112
598 112
597 112
596 111
595 111
594 110
593 110
592 109
591 109
590 109
589 108
588 108
587 107
586 107
585 107
584 106
583 106
582 106
581 105
580 105
579 105
578 104
577 104
576 104
575 103
574 103
573 103
572 102
571 102
570 102
569 102
568 101
567 101
566 101
565 100
564 100
563 100
562 100
561 100
560 99
559 99
558 99
557 99
556 98
555 98
554 98
553 98
552 98
551 98
550 97
549 97
548 97
547 97
546 97
545 97
544 96
543 96
542 96
541 96
540 96
539 96
538 96
537 96
536 96
535 96
534 95
533 95
532 95
531 95
530 95
529 95
528 95
527 95
526 95
525 95
524 95
523 95
522 95
521 95
520 95
519 95
518 95
517 95
516 95
515 95
514 95
513 95
512 95
511 95
510 95
509 95
508 95
507 95
