510 119
509 120
508 120
507 120
506 120
505 120
504 120
503 120
502 120
501 121
500 121
499 121
498 121
497 121
496 121
495 121
494 122
493 122
492 122
491 122
490 122
489 123
488 123
487 123
486 123
485 123
484 124
483 124
482 124
481 124
480 125
479 125
478 125
477 125
476 126
475 126
474 126
473 127
472 127
471 127
470 127
469 128
468 128
467 128
466 129
465 129
464 129
463 130
462 130
461 130
460 131
459 131
458 132
457 132
456 132
455 133
454 133
453 134
452 134
451 134
450 135
449 135
448 136
447 136
446 136
445 137
444 137
443 138
442 138
441 139
440 139
439 140
438 140
437 141
436 141
435 142
434 142
433 143
432 143
431 144
430 144
429 145
428 145
427 146
426 146
425 147
424 148
423 148
422 149
421 149
420 150
419 150
418 151
417 152
416 152
415 153
414 153
413 154
412 155
411 155
410 156
409 157
408 157
407 158
406 158
405 159
404 160
403 160
402 161
401 162
400 163
399 163
398 164
397 165
396 165
395 166
394 167
393 167
392 168
391 168
390 169
389 169
388 169
387 169
386 169
385 169
384 169
383 168
382 167
381 166
380 165
379 164
378 163
377 162
376 161
375 160
374 159
373 158
372 158
371 157
370 157
369 157
368 157
367 157
366 157
365 157
364 158
363 159
362 160
361 161
361 162
361 163
361 164
361 165
361 166
361 167
361 168
361 169
361 170
361 171
361 172
361 173
361 174
361 175
361 176
361 177
361 178
361 179
361 180
361 181
361 182
361 183
361 184
361 185
361 186
361 187
361 188
361 189
361 190
361 191
361 192
361 193
361 194
361 195
361 196
361 197
361 198
361 199
361 200
361 201
361 202
361 203
361 204
361 205
361 206
361 207
361 208
361 209
361 210
361 211
361 212
361 213
361 214
361 215
361 216
361 217
361 218
361 219
361 220
361 221
361 222
361 223
361 224
361 225
361 226
361 227
361 228
361 229
361 230
361 231
361 232
361 233
361 234
361 235
361 236
361 237
361 238
361 239
361 240
361 241
361 242
361 243
361 244
361 245
361 246
361 247
361 248
361 249
361 250
361 251
361 252
361 253
361 254
361 255
361 256
361 257
361 258
361 259
361 260
361 261
361 262
361 263
361 264
361 265
361 266
361 267
361 268
361 269
361 270
361 271
361 272
361 273
361 274
361 275
361 276
361 277
361 278
361 279
361 280
361 281
361 282
361 283
361 284
361 285
361 286
361 287
361 288
361 289
361 290
361 291
361 292
361 293
361 294
361 295
361 296
361 297
361 298
361 299
361 300
361 301
361 302
361 303
361 304
361 305
361 306
361 307
361 308
361 309
361 310
361 311
361 312
361 313
361 314
361 315
361 316
361 317
361 318
361 319
361 320
361 321
361 322
361 323
361 324
361 325
361 326
361 327
361 328
361 329
361 330
361 331
361 332
361 333
361 334
361 335
361 336
361 337
361 338
361 339
361 340
361 341
361 342
361 343
361 344
361 345
361 346
361 347
361 348
361 349
361 350
361 351
361 352
361 353
361 354
361 355
361 356
361 357
361 358
361 359
361 360
361 361
361 362
361 363
361 364
361 365
361 366
361 367
361 368
361 369
361 370
361 371
361 372
361 373
361 374
361 375
361 376
361 377
361 378
361 379
361 380
361 381
361 382
361 383
361 384
361 385
361 386
361 387
361 388
361 389
361 390
361 391
361 392
361 393
361 394
361 395
361 396
361 397
361 398
361 399
361 400
361 401
361 402
361 403
361 404
361 405
361 406
361 407
361 408
361 409
361 410
361 411
361 412
361 413
361 414
361 415
361 416
361 417
361 418
361 419
361 420
361 421
361 422
361 423
361 424
361 425
361 426
361 427
361 428
361 429
361 430
361 431
361 432
361 433
361 434
361 435
361 436
361 437
361 438
361 439
361 440
361 441
361 442
361 443
361 444
361 445
361 446
361 447
361 448
361 449
361 450
361 451
361 452
361 453
361 454
361 455
361 456
361 457
361 458
361 459
361 460
361 461
361 462
361 463
361 464
361 465
361 466
361 467
361 468
361 469
361 470
361 471
361 472
361 473
361 474
361 475
361 476
361 477
361 478
361 479
361 480
361 481
361 482
361 483
361 484
361 485
361 486
361 487
361 488
361 489
361 490
361 491
361 492
361 493
361 494
361 495
361 496
361 497
361 498
361 499
361 500
361 501
361 502
361 503
361 504
361 505
361 506
361 507
361 508
361 509
361 510
361 511
361 512
361 513
361 514
361 515
361 516
361 517
361 518
361 519
361 520
361 521
361 522
361 523
361 524
361 525
361 526
361 527
361 528
361 529
361 530
361 531
361 532
361 533
361 534
361 535
361 536
361 537
361 538
361 539
361 540
361 541
361 542
361 543
361 544
361 545
361 546
361 547
361 548
361 549
361 550
361 551
361 552
361 553
361 554
361 555
361 556
361 557
361 558
361 559
361 560
361 561
361 562
361 563
361 564
361 565
361 566
361 567
361 568
361 569
361 570
361 571
361 572
361 573
361 574
361 575
361 576
361 577
361 578
361 579
361 580
361 581
361 582
361 583
361 584
361 585
361 586
361 587
361 588
361 589
361 590
361 591
361 592
361 593
361 594
361 595
361 596
361 597
361 598
361 599
361 600
361 601
361 602
361 603
361 604
361 605
361 606
361 607
361 608
361 609
361 610
361 611
361 612
361 613
361 614
361 615
361 616
361 617
361 618
361 619
361 620
361 621
361 622
361 623
361 624
361 625
361 626
361 627
361 628
361 629
361 630
361 631
361 632
361 633
361 634
361 635
362 636
363 637
364 638
365 639
366 639
367 639
368 639
369 639
370 639
371 639
372 638
373 638
374 637
375 636
376 635
377 634
378 633
379 632
380 631
381 630
382 629
383 628
384 627
385 627
386 627
387 627
388 627
389 627
390 627
391 628
392 628
393 629
394 629
395 630
396 631
397 631
398 632
399 633
400 633
401 634
402 635
403 636
404 636
405 637
406 637
407 638
408 639
409 639
410 640
411 641
412 641
413 642
414 643
415 643
416 644
417 644
418 645
419 646
420 646
421 647
422 647
423 648
424 648
425 649
426 650
427 650
428 651
429 651
430 652
431 652
432 653
433 653
434 654
435 654
436 655
437 655
438 656
439 656
440 657
441 657
442 658
443 658
444 659
445 659
446 659
447 660
448 660
449 661
450 661
451 662
452 662
453 662
454 663
455 663
456 664
457 664
458 664
459 665
460 665
461 665
462 666
463 666
464 667
465 667
466 667
467 668
468 668
469 668
470 668
471 669
472 669
473 669
474 670
475 670
476 670
477 671
478 671
479 671
480 671
481 672
482 672
483 672
484 672
485 673
486 673
487 673
488 673
489 673
490 674
491 674
492 674
493 674
494 674
495 675
496 675
497 675
498 675
499 675
500 675
501 675
502 676
503 676
504 676
505 676
506 676
507 676
508 676
509 676
510 677
511 677
512 677
513 677
514 677
515 677
516 677
517 677
518 677
519 677
520 677
521 677
522 677
523 677
524 677
525 677
526 677
527 677
528 677
529 677
530 677
531 677
532 677
533 677
534 677
535 677
536 677
537 677
538 677
539 677
540 677
541 677
542 677
543 677
544 677
545 677
546 677
547 677
548 677
549 677
550 677
551 677
552 677
553 677
554 676
555 676
556 676
557 676
558 676
559 676
560 676
561 676
562 676
563 676
564 675
565 675
566 675
567 675
568 675
569 675
570 675
571 674
572 674
573 674
574 674
575 674
576 674
577 673
578 673
579 673
580 673
581 673
582 672
583 672
584 672
585 672
586 672
587 671
588 671
589 671
590 671
591 670
592 670
593 670
594 670
595 669
596 669
597 669
598 668
599 668
600 668
601 668
602 667
603 667
604 667
605 666
606 666
607 666
608 665
609 665
610 665
611 664
612 664
613 663
614 663
615 663
616 662
617 662
618 662
619 661
620 661
621 660
622 660
623 659
624 659
625 659
626 658
627 658
628 657
629 657
630 656
631 656
632 655
633 655
634 654
635 654
636 653
637 653
638 652
639 652
640 651
641 651
642 650
643 650
644 649
645 648
646 648
647 647
648 647
649 646
650 645
651 645
652 644
653 643
654 643
655 642
656 641
657 641
658 640
659 639
660 639
661 638
662 637
663 637
664 636
665 635
666 634
667 634
668 633
669 632
670 631
671 630
672 630
673 629
674 628
675 627
676 626
677 625
678 624
679 623
680 623
681 622
682 621
683 620
684 619
685 618
686 617
687 616
688 615
689 614
690 613
691 612
692 611
693 610
694 609
695 608
695 607
696 606
697 605
698 604
699 603
700 602
701 601
702 600
702 599
703 598
704 597
705 596
706 595
706 594
707 593
708 592
709 591
709 590
710 589
711 588
712 587
712 586
713 585
714 584
714 583
715 582
716 581
717 580
717 579
718 578
719 577
719 576
720 575
720 574
721 573
722 572
722 571
723 570
724 569
724 568
725 567
725 566
726 565
726 564
727 563
728 562
728 561
729 560
729 559
730 558
730 557
731 556
731 555
732 554
732 553
733 552
733 551
734 550
735 549
735 548
736 547
736 546
737 545
737 544
737 543
738 542
738 541
739 540
739 539
740 538
740 537
741 536
741 535
742 534
742 533
742 532
743 531
743 530
744 529
744 528
745 527
745 526
745 525
746 524
746 523
747 522
747 521
747 520
748 519
748 518
748 517
749 516
749 515
750 514
750 513
750 512
751 511
751 510
751 509
752 508
752 507
752 506
753 505
753 504
753 503
754 502
754 501
754 500
755 499
755 498
755 497
755 496
756 495
756 494
756 493
757 492
757 491
757 490
757 489
758 488
758 487
758 486
759 485
759 484
759 483
759 482
760 481
760 480
760 479
760 478
761 477
761 476
761 475
761 474
761 473
762 472
762 471
762 470
762 469
763 468
763 467
763 466
763 465
763 464
764 463
764 462
764 461
764 460
764 459
765 458
765 457
765 456
765 455
765 454
765 453
766 452
766 451
766 450
766 449
766 448
766 447
766 446
767 445
767 444
767 443
767 442
767 441
767 440
767 439
768 438
768 437
768 436
768 435
768 434
768 433
768 432
768 431
769 430
769 429
769 428
769 427
769 426
769 425
769 424
769 423
769 422
769 421
769 420
769 419
770 418
770 417
770 416
770 415
770 414
770 413
770 412
770 411
770 410
770 409
770 408
770 407
770 406
770 405
770 404
770 403
770 402
770 401
770 400
770 399
770 398
770 397
770 396
770 395
770 394
770 393
770 392
770 391
770 390
770 389
770 388
770 387
770 386
770 385
770 384
770 383
770 382
770 381
770 380
770 379
770 378
769 377
769 376
769 375
769 374
769 373
769 372
769 371
769 370
769 369
769 368
769 367
769 366
768 365
768 364
768 363
768 362
768 361
768 360
768 359
768 358
767 357
767 356
767 355
767 354
767 353
767 352
767 351
766 350
766 349
766 348
766 347
766 346
766 345
766 344
765 343
765 342
765 341
765 340
765 339
765 338
764 337
764 336
764 335
764 334
764 333
763 332
763 331
763 330
763 329
762 328
762 327
762 326
762 325
762 324
761 323
761 322
761 321
761 320
761 319
760 318
760 317
760 316
760 315
759 314
759 313
759 312
758 311
758 310
758 309
758 308
757 307
757 306
757 305
757 304
756 303
756 302
756 301
755 300
755 299
755 298
755 297
754 296
754 295
754 294
753 293
753 292
753 291
752 290
752 289
752 288
751 287
751 286
751 285
750 284
750 283
749 282
749 281
749 280
748 279
748 278
748 277
747 276
747 275
747 274
746 273
746 272
745 271
745 270
744 269
744 268
744 267
743 266
743 265
742 264
742 263
742 262
741 261
741 260
740 259
740 258
739 257
739 256
738 255
738 254
737 253
737 252
737 251
736 250
735 249
735 248
734 247
734 246
733 245
733 244
732 243
732 242
731 241
731 240
730 239
730 238
729 237
729 236
728 235
728 234
727 233
726 232
726 231
725 230
725 229
724 228
723 227
723 226
722 225
722 224
721 223
720 222
720 221
719 220
718 219
718 218
717 217
716 216
716 215
715 214
714 213
714 212
713 211
712 210
712 209
711 208
710 207
709 206
709 205
708 204
707 203
706 202
706 201
705 200
704 199
703 198
702 197
702 196
701 195
700 194
699 193
698 192
697 191
696 190
696 189
695 188
694 187
693 186
692 185
691 184
690 183
689 182
688 181
687 180
686 179
685 178
684 177
683 176
682 175
681 174
680 173
679 172
678 172
677 171
676 170
675 169
674 168
673 167
672 166
671 166
670 165
669 164
668 163
667 162
666 162
665 161
664 160
663 159
662 159
661 158
660 157
659 157
658 156
657 155
656 155
655 154
654 153
653 153
652 152
651 151
650 151
649 150
648 149
647 149
646 148
645 148
644 147
643 146
642 146
641 145
640 145
639 144
638 144
637 143
636 143
635 142
634 142
633 141
632 141
631 140
630 140
629 139
628 139
627 138
626 138
625 137
624 137
623 137
622 136
621 136
620 135
619 135
618 134
617 134
616 134
615 133
614 133
613 132
612 132
611 132
610 131
609 131
608 131
607 130
606 130
605 130
604 129
603 129
602 129
601 128
600 128
599 128
598 128
597 127
596 127
595 127
594 126
593 126
592 126
591 126
590 125
589 125
588 125
587 125
586 124
585 124
584 124
583 124
582 124
581 123
580 123
579 123
578 123
577 123
576 122
575 122
574 122
573 122
572 122
571 122
570 121
569 121
568 121
567 121
566 121
565 121
564 121
563 120
562 120
561 120
560 120
559 120
558 120
557 120
556 120
555 120
554 120
553 119
552 119
551 119
550 119
549 119
548 119
547 119
546 119
545 119
544 119
543 119
542 119
541 119
540 119
539 119
538 119
537 119
536 119
535 119
534 119
533 119
532 119
531 119
530 119
529 119
528 119
527 119
526 119
525 119
524 119
523 119
522 119
521 119
520 119
519 119
518 119
517 119
516 119
515 119
514 119
513 119
512 119
511 119
510 119
