524 118
523 119
522 119
521 119
520 119
519 119
518 119
517 119
516 119
515 119
514 119
513 120
512 120
511 120
510 120
509 120
508 120
507 120
506 121
505 121
504 121
503 121
502 121
501 122
500 122
499 122
498 122
497 122
496 123
495 123
494 123
493 123
492 124
491 124
490 124
489 124
488 125
487 125
486 125
485 125
484 126
483 126
482 126
481 127
480 127
479 127
478 128
477 128
476 128
475 129
474 129
473 129
472 130
471 130
470 130
469 131
468 131
467 132
466 132
465 132
464 133
463 133
462 133
461 134
460 134
459 135
458 135
457 136
456 136
455 136
454 137
453 137
452 138
451 138
450 139
449 139
448 140
447 140
446 141
445 141
444 142
443 142
442 143
441 143
440 144
439 144
438 145
437 145
436 146
435 146
434 147
433 147
432 148
431 148
430 149
429 150
428 150
427 151
426 151
425 152
424 152
423 153
422 154
421 154
420 155
419 156
418 156
417 157
416 157
415 158
414 159
413 159
412 160
411 161
410 161
409 162
408 163
407 163
406 164
405 165
404 165
403 166
402 167
401 168
400 168
399 169
398 170
397 171
396 171
395 172
394 173
393 174
392 174
391 175
390 176
389 177
388 177
387 178
386 179
385 180
384 181
383 181
382 182
381 183
380 184
379 185
378 186
377 187
376 187
375 188
374 189
373 190
372 191
371 192
370 192
369 193
368 193
367 193
366 193
365 193
364 193
363 193
362 194
361 194
360 194
359 193
358 193
357 193
356 193
355 193
354 193
353 193
352 193
351 192
350 192
349 192
348 192
347 192
346 191
345 191
344 191
343 190
342 190
341 189
340 188
339 187
338 186
338 185
337 184
336 183
335 182
334 181
333 181
332 180
331 180
330 180
329 180
328 180
327 181
326 181
325 181
324 181
323 182
322 182
321 183
320 183
319 184
318 185
318 186
318 187
317 188
317 189
317 190
317 191
317 192
317 193
317 194
317 195
317 196
317 197
317 198
317 199
317 200
317 201
317 202
317 203
317 204
317 205
317 206
317 207
317 208
317 209
317 210
317 211
317 212
317 213
317 214
317 215
317 216
317 217
317 218
317 219
317 220
317 221
317 222
317 223
317 224
317 225
317 226
317 227
317 228
317 229
317 230
317 231
317 232
317 233
317 234
317 235
317 236
317 237
317 238
317 239
317 240
317 241
317 242
317 243
317 244
317 245
317 246
317 247
317 248
317 249
317 250
317 251
317 252
317 253
317 254
317 255
317 256
317 257
317 258
317 259
317 260
317 261
317 262
317 263
317 264
317 265
317 266
317 267
317 268
317 269
317 270
317 271
317 272
317 273
317 274
317 275
317 276
317 277
317 278
317 279
317 280
317 281
317 282
317 283
317 284
317 285
317 286
317 287
317 288
317 289
317 290
317 291
317 292
317 293
317 294
317 295
317 296
317 297
317 298
317 299
317 300
317 301
317 302
317 303
317 304
317 305
317 306
317 307
317 308
317 309
317 310
317 311
317 312
317 313
317 314
317 315
317 316
317 317
317 318
317 319
317 320
317 321
317 322
317 323
317 324
317 325
317 326
317 327
317 328
317 329
317 330
317 331
317 332
317 333
317 334
317 335
317 336
317 337
317 338
317 339
317 340
317 341
317 342
317 343
317 344
317 345
317 346
317 347
317 348
317 349
317 350
317 351
317 352
317 353
317 354
317 355
317 356
317 357
317 358
317 359
317 360
317 361
317 362
317 363
317 364
317 365
317 366
317 367
317 368
317 369
317 370
317 371
317 372
317 373
317 374
317 375
317 376
317 377
317 378
317 379
317 380
317 381
317 382
317 383
317 384
317 385
317 386
317 387
317 388
317 389
317 390
317 391
317 392
317 393
317 394
317 395
317 396
317 397
317 398
317 399
317 400
317 401
317 402
317 403
317 404
317 405
317 406
317 407
317 408
317 409
317 410
317 411
317 412
317 413
317 414
317 415
317 416
317 417
317 418
317 419
317 420
317 421
317 422
317 423
317 424
317 425
317 426
317 427
317 428
317 429
317 430
317 431
317 432
317 433
317 434
317 435
317 436
317 437
317 438
317 439
317 440
317 441
317 442
317 443
317 444
317 445
317 446
317 447
317 448
317 449
317 450
317 451
317 452
317 453
317 454
317 455
317 456
317 457
317 458
317 459
317 460
317 461
317 462
317 463
317 464
317 465
317 466
317 467
317 468
317 469
317 470
317 471
317 472
317 473
317 474
317 475
317 476
317 477
317 478
317 479
317 480
317 481
317 482
317 483
317 484
317 485
317 486
317 487
317 488
317 489
317 490
317 491
317 492
317 493
317 494
317 495
317 496
317 497
317 498
317 499
317 500
317 501
317 502
317 503
317 504
317 505
317 506
317 507
317 508
317 509
317 510
317 511
317 512
317 513
317 514
317 515
317 516
317 517
317 518
317 519
317 520
317 521
317 522
317 523
317 524
317 525
317 526
317 527
317 528
317 529
317 530
317 531
317 532
317 533
317 534
317 535
317 536
317 537
317 538
317 539
317 540
317 541
317 542
317 543
317 544
317 545
317 546
317 547
317 548
317 549
317 550
317 551
317 552
317 553
317 554
317 555
317 556
317 557
317 558
317 559
317 560
317 561
317 562
317 563
317 564
317 565
317 566
317 567
317 568
317 569
317 570
317 571
317 572
317 573
317 574
317 575
317 576
317 577
317 578
317 579
317 580
317 581
317 582
317 583
317 584
317 585
317 586
317 587
317 588
317 589
317 590
317 591
317 592
317 593
317 594
317 595
317 596
318 597
318 598
318 599
319 600
320 601
321 602
322 602
323 603
324 603
325 603
326 603
327 604
328 604
329 604
330 604
331 604
332 604
333 603
334 603
335 602
336 601
337 600
338 599
338 598
339 597
340 596
341 595
342 594
343 594
344 594
345 593
346 593
347 593
348 592
349 592
350 592
351 592
352 592
353 591
354 591
355 591
356 591
357 591
358 591
359 591
360 591
361 591
362 591
363 591
364 591
365 591
366 591
367 591
368 591
369 592
370 592
371 593
372 593
373 594
374 595
375 596
376 597
377 598
378 598
379 599
380 600
381 601
382 602
383 603
384 603
385 604
386 605
387 606
388 607
389 608
390 608
391 609
392 610
393 611
394 611
395 612
396 613
397 614
398 614
399 615
400 616
401 617
402 617
403 618
404 619
405 619
406 620
407 621
408 621
409 622
410 623
411 624
412 624
413 625
414 625
415 626
416 627
417 627
418 628
419 629
420 629
421 630
422 630
423 631
424 632
425 632
426 633
427 633
428 634
429 635
430 635
431 636
432 636
433 637
434 637
435 638
436 638
437 639
438 639
439 640
440 641
441 641
442 642
443 642
444 643
445 643
446 644
447 644
448 644
449 645
450 645
451 646
452 646
453 647
454 647
455 648
456 648
457 649
458 649
459 649
460 650
461 650
462 651
463 651
464 652
465 652
466 652
467 653
468 653
469 653
470 654
471 654
472 654
473 655
474 655
475 656
476 656
477 656
478 656
479 657
480 657
481 657
482 658
483 658
484 658
485 659
486 659
487 659
488 660
489 660
490 660
491 660
492 661
493 661
494 661
495 661
496 662
497 662
498 662
499 662
500 662
501 663
502 663
503 663
504 663
505 663
506 664
507 664
508 664
509 664
510 664
511 664
512 664
513 665
514 665
515 665
516 665
517 665
518 665
519 665
520 665
521 665
522 666
523 666
524 666
525 666
526 666
527 666
528 666
529 666
530 666
531 666
532 666
533 666
534 666
535 666
536 666
537 666
538 666
539 666
540 666
541 666
542 666
543 666
544 666
545 666
546 665
547 665
548 665
549 665
550 665
551 665
552 665
553 665
554 665
555 665
556 664
557 664
558 664
559 664
560 664
561 664
562 664
563 664
564 663
565 663
566 663
567 663
568 663
569 663
570 663
571 662
572 662
573 662
574 662
575 662
576 662
577 661
578 661
579 661
580 661
581 661
582 660
583 660
584 660
585 660
586 659
587 659
588 659
589 659
590 659
591 658
592 658
593 658
594 658
595 657
596 657
597 657
598 657
599 656
600 656
601 656
602 655
603 655
604 655
605 654
606 654
607 654
608 654
609 653
610 653
611 653
612 652
613 652
614 652
615 651
616 651
617 650
618 650
619 650
620 649
621 649
622 649
623 648
624 648
625 647
626 647
627 647
628 646
629 646
630 645
631 645
632 645
633 644
634 644
635 643
636 643
637 642
638 642
639 641
640 641
641 640
642 640
643 639
644 639
645 638
646 638
647 637
648 637
649 636
650 636
651 635
652 635
653 634
654 634
655 633
656 632
657 632
658 631
659 631
660 630
661 629
662 629
663 628
664 627
665 627
666 626
667 626
668 625
669 624
670 624
671 623
672 622
673 621
674 621
675 620
676 619
677 619
678 618
679 617
680 616
681 615
682 615
683 614
684 613
685 612
686 611
687 611
688 610
689 609
690 608
691 607
692 606
693 605
694 604
695 604
696 603
697 602
698 601
699 600
700 599
701 598
702 597
703 596
704 595
705 594
706 593
707 592
707 591
708 590
709 589
710 588
711 587
712 586
713 585
714 584
714 583
715 582
716 581
717 580
718 579
718 578
719 577
720 576
721 575
721 574
722 573
723 572
724 571
724 570
725 569
726 568
726 567
727 566
728 565
728 564
729 563
730 562
730 561
731 560
732 559
732 558
733 557
733 556
734 555
735 554
735 553
736 552
736 551
737 550
738 549
738 548
739 547
739 546
740 545
740 544
741 543
741 542
742 541
742 540
743 539
743 538
744 537
744 536
745 535
745 534
746 533
746 532
747 531
747 530
748 529
748 528
748 527
749 526
749 525
750 524
750 523
751 522
751 521
751 520
752 519
752 518
753 517
753 516
753 515
754 514
754 513
754 512
755 511
755 510
755 509
756 508
756 507
757 506
757 505
757 504
757 503
758 502
758 501
758 500
759 499
759 498
759 497
760 496
760 495
760 494
761 493
761 492
761 491
761 490
762 489
762 488
762 487
762 486
763 485
763 484
763 483
763 482
764 481
764 480
764 479
764 478
765 477
765 476
765 475
765 474
766 473
766 472
766 471
766 470
766 469
767 468
767 467
767 466
767 465
767 464
768 463
768 462
768 461
768 460
768 459
768 458
769 457
769 456
769 455
769 454
769 453
769 452
770 451
770 450
770 449
770 448
770 447
770 446
770 445
771 444
771 443
771 442
771 441
771 440
771 439
771 438
771 437
771 436
772 435
772 434
772 433
772 432
772 431
772 430
772 429
772 428
772 427
772 426
772 425
773 424
773 423
773 422
773 421
773 420
773 419
773 418
773 417
773 416
773 415
773 414
773 413
773 412
773 411
773 410
773 409
773 408
773 407
773 406
774 405
774 404
774 403
774 402
774 401
774 400
774 399
774 398
774 397
774 396
774 395
774 394
774 393
774 392
774 391
774 390
774 389
774 388
774 387
774 386
774 385
774 384
774 383
774 382
774 381
774 380
773 379
773 378
773 377
773 376
773 375
773 374
773 373
773 372
773 371
773 370
773 369
773 368
773 367
773 366
773 365
773 364
773 363
773 362
773 361
773 360
772 359
772 358
772 357
772 356
772 355
772 354
772 353
772 352
772 351
772 350
772 349
771 348
771 347
771 346
771 345
771 344
771 343
771 342
771 341
770 340
770 339
770 338
770 337
770 336
770 335
770 334
770 333
769 332
769 331
769 330
769 329
769 328
769 327
768 326
768 325
768 324
768 323
768 322
768 321
767 320
767 319
767 318
767 317
767 316
766 315
766 314
766 313
766 312
766 311
765 310
765 309
765 308
765 307
764 306
764 305
764 304
764 303
763 302
763 301
763 300
763 299
762 298
762 297
762 296
762 295
761 294
761 293
761 292
761 291
760 290
760 289
760 288
759 287
759 286
759 285
758 284
758 283
758 282
757 281
757 280
757 279
756 278
756 277
756 276
755 275
755 274
755 273
754 272
754 271
754 270
753 269
753 268
752 267
752 266
752 265
751 264
751 263
750 262
750 261
750 260
749 259
749 258
748 257
748 256
747 255
747 254
747 253
746 252
746 251
745 250
745 249
744 248
744 247
743 246
743 245
742 244
742 243
741 242
741 241
740 240
740 239
739 238
739 237
738 236
737 235
737 234
736 233
736 232
735 231
735 230
734 229
733 228
733 227
732 226
731 225
731 224
730 223
730 222
729 221
728 220
728 219
727 218
726 217
726 216
725 215
724 214
723 213
723 212
722 211
721 210
721 209
720 208
719 207
718 206
717 205
717 204
716 203
715 202
714 201
713 200
713 199
712 198
711 197
710 196
709 195
708 194
707 193
706 192
705 191
705 190
704 189
703 188
702 187
701 186
700 185
699 184
698 183
697 182
696 181
695 181
694 180
693 179
692 178
691 177
690 176
689 175
688 174
687 174
686 173
685 172
684 171
683 170
682 169
681 169
680 168
679 167
678 166
677 166
676 165
675 164
674 163
673 163
672 162
671 161
670 161
669 160
668 159
667 159
666 158
665 157
664 157
663 156
662 155
661 155
660 154
659 154
658 153
657 152
656 152
655 151
654 151
653 150
652 149
651 149
650 148
649 148
648 147
647 147
646 146
645 146
644 145
643 145
642 144
641 144
640 143
639 143
638 142
637 142
636 141
635 141
634 141
633 140
632 140
631 139
630 139
629 138
628 138
627 138
626 137
625 137
624 136
623 136
622 136
621 135
620 135
619 134
618 134
617 134
616 133
615 133
614 133
613 132
612 132
611 132
610 131
609 131
608 131
607 130
606 130
605 130
604 129
603 129
602 129
601 129
600 128
599 128
598 128
597 127
596 127
595 127
594 127
593 126
592 126
591 126
590 126
589 125
588 125
587 125
586 125
585 124
584 124
583 124
582 124
581 124
580 123
579 123
578 123
577 123
576 123
575 122
574 122
573 122
572 122
571 122
570 122
569 121
568 121
567 121
566 121
565 121
564 121
563 121
562 120
561 120
560 120
559 120
558 120
557 120
556 120
555 120
554 119
553 119
552 119
551 119
550 119
549 119
548 119
547 119
546 119
545 119
544 119
543 118
542 118
541 118
540 118
539 118
538 118
537 118
536 118
535 118
534 118
533 118
532 118
531 118
530 118
529 118
528 118
527 118
526 118
525 118
524 118
