529 122
528 123
527 123
526 123
525 123
524 123
523 123
522 123
521 123
520 123
519 123
518 123
517 123
516 123
515 123
514 124
513 124
512 124
511 124
510 124
509 124
508 124
507 124
506 125
505 125
504 125
503 125
502 125
501 125
500 125
499 126
498 126
497 126
496 126
495 126
494 127
493 127
492 127
491 127
490 127
489 128
488 128
487 128
486 128
485 129
484 129
483 129
482 129
481 130
480 130
479 130
478 130
477 131
476 131
475 131
474 131
473 132
472 132
471 132
470 133
469 133
468 133
467 134
466 134
465 134
464 135
463 135
462 135
461 136
460 136
459 136
458 137
457 137
456 138
455 138
454 138
453 139
452 139
451 140
450 140
449 140
448 141
447 141
446 142
445 142
444 143
443 143
442 143
441 144
440 144
439 145
438 145
437 146
436 146
435 147
434 147
433 148
432 148
431 149
430 150
429 150
428 151
427 151
426 152
425 153
424 153
423 154
422 155
421 155
420 156
419 157
418 157
417 158
416 159
415 160
414 160
413 161
412 162
411 163
410 164
409 165
408 166
407 167
406 168
405 169
404 170
403 171
402 172
401 173
400 174
399 175
399 176
398 177
397 178
396 179
396 180
395 181
394 182
394 183
393 184
393 185
392 186
391 187
391 188
390 189
390 190
389 191
389 192
388 193
388 194
387 195
387 196
386 197
386 198
386 199
385 200
385 201
384 202
384 203
384 204
383 205
383 206
383 207
383 208
382 209
382 210
382 211
381 212
381 213
381 214
381 215
380 216
380 217
380 218
380 219
380 220
379 221
379 222
378 223
377 222
376 222
375 221
374 220
373 220
372 219
371 218
370 218
369 217
368 216
367 216
366 215
365 214
364 214
363 213
362 212
361 211
360 211
359 210
358 209
357 209
356 208
355 207
354 207
353 206
352 205
351 205
350 204
349 203
348 203
347 202
346 201
345 201
344 201
343 200
342 201
341 201
340 201
339 202
338 203
338 204
338 205
338 206
338 207
338 208
338 209
338 210
338 211
338 212
338 213
338 214
338 215
338 216
338 217
338 218
338 219
338 220
338 221
338 222
338 223
338 224
338 225
338 226
338 227
338 228
338 229
338 230
338 231
338 232
338 233
338 234
338 235
338 236
338 237
338 238
338 239
338 240
338 241
338 242
338 243
338 244
338 245
338 246
338 247
338 248
338 249
338 250
338 251
338 252
338 253
338 254
338 255
338 256
338 257
338 258
338 259
338 260
338 261
338 262
338 263
338 264
338 265
338 266
338 267
338 268
338 269
338 270
338 271
338 272
338 273
338 274
338 275
338 276
338 277
338 278
338 279
338 280
338 281
338 282
338 283
338 284
338 285
338 286
338 287
338 288
338 289
338 290
338 291
338 292
338 293
338 294
338 295
338 296
338 297
338 298
338 299
338 300
338 301
338 302
338 303
338 304
338 305
338 306
338 307
338 308
338 309
338 310
338 311
338 312
338 313
338 314
338 315
338 316
338 317
338 318
338 319
338 320
338 321
338 322
338 323
338 324
338 325
338 326
338 327
338 328
338 329
338 330
338 331
338 332
338 333
338 334
338 335
338 336
338 337
338 338
338 339
338 340
338 341
338 342
338 343
338 344
338 345
338 346
338 347
338 348
338 349
338 350
338 351
338 352
338 353
338 354
338 355
338 356
338 357
338 358
338 359
338 360
338 361
338 362
338 363
338 364
338 365
338 366
338 367
338 368
338 369
338 370
338 371
338 372
338 373
338 374
338 375
338 376
338 377
338 378
338 379
338 380
338 381
338 382
338 383
338 384
338 385
338 386
338 387
338 388
338 389
338 390
338 391
338 392
338 393
338 394
338 395
338 396
338 397
338 398
338 399
337 400
337 401
337 402
337 403
338 404
338 405
338 406
338 407
338 408
338 409
338 410
338 411
338 412
338 413
338 414
338 415
338 416
338 417
338 418
338 419
338 420
338 421
338 422
338 423
338 424
338 425
338 426
338 427
338 428
338 429
338 430
338 431
338 432
338 433
338 434
338 435
338 436
338 437
338 438
338 439
338 440
338 441
338 442
338 443
338 444
338 445
338 446
338 447
338 448
338 449
338 450
338 451
338 452
338 453
338 454
338 455
338 456
338 457
338 458
338 459
338 460
338 461
338 462
338 463
338 464
338 465
338 466
338 467
338 468
338 469
338 470
338 471
338 472
338 473
338 474
338 475
338 476
338 477
338 478
338 479
338 480
338 481
338 482
338 483
338 484
338 485
338 486
338 487
338 488
338 489
338 490
338 491
338 492
338 493
338 494
338 495
338 496
338 497
338 498
338 499
338 500
338 501
338 502
338 503
338 504
338 505
338 506
338 507
338 508
338 509
338 510
338 511
338 512
338 513
338 514
338 515
338 516
338 517
338 518
338 519
338 520
338 521
338 522
338 523
338 524
338 525
338 526
338 527
338 528
338 529
338 530
338 531
338 532
338 533
338 534
338 535
338 536
338 537
338 538
338 539
338 540
338 541
338 542
338 543
338 544
338 545
338 546
338 547
338 548
338 549
338 550
338 551
338 552
338 553
338 554
338 555
338 556
338 557
338 558
338 559
338 560
338 561
338 562
338 563
338 564
338 565
338 566
338 567
338 568
338 569
338 570
338 571
338 572
338 573
338 574
338 575
338 576
338 577
338 578
338 579
338 580
338 581
338 582
338 583
338 584
338 585
338 586
338 587
338 588
338 589
338 590
338 591
338 592
338 593
338 594
338 595
338 596
338 597
338 598
338 599
338 600
339 601
340 602
341 602
342 602
343 602
344 602
345 602
346 601
347 601
348 600
349 600
350 599
351 598
352 598
353 597
354 596
355 595
356 595
357 594
358 593
359 593
360 592
361 591
362 591
363 590
364 589
365 589
366 588
367 587
368 587
369 586
370 585
371 585
372 584
373 583
374 583
375 582
376 581
377 581
378 580
379 581
379 582
380 583
380 584
380 585
380 586
380 587
381 588
381 589
381 590
381 591
382 592
382 593
382 594
383 595
383 596
383 597
383 598
384 599
384 600
385 601
385 602
385 603
386 604
386 605
387 606
387 607
387 608
388 609
388 610
389 611
389 612
390 613
390 614
391 615
391 616
392 617
393 618
393 619
394 620
394 621
395 622
396 623
397 624
397 625
398 626
399 627
400 628
400 629
401 630
402 631
403 632
404 633
405 634
406 635
407 636
408 637
409 638
410 639
411 640
412 641
413 642
414 642
415 643
416 644
417 645
418 645
419 646
420 647
421 648
422 648
423 649
424 650
425 650
426 651
427 651
428 652
429 653
430 653
431 654
432 654
433 655
434 655
435 656
436 656
437 657
438 658
439 658
440 658
441 659
442 659
443 660
444 660
445 661
446 661
447 662
448 662
449 663
450 663
451 663
452 664
453 664
454 665
455 665
456 665
457 666
458 666
459 667
460 667
461 667
462 668
463 668
464 668
465 669
466 669
467 669
468 670
469 670
470 670
471 671
472 671
473 671
474 671
475 672
476 672
477 672
478 673
479 673
480 673
481 673
482 674
483 674
484 674
485 674
486 675
487 675
488 675
489 675
490 676
491 676
492 676
493 676
494 676
495 677
496 677
497 677
498 677
499 677
500 677
501 678
502 678
503 678
504 678
505 678
506 678
507 679
508 679
509 679
510 679
511 679
512 679
513 679
514 679
515 679
516 680
517 680
518 680
519 680
520 680
521 680
522 680
523 680
524 680
525 680
526 680
527 680
528 680
529 680
530 680
531 680
532 680
533 680
534 680
535 680
536 680
537 681
538 680
539 680
540 680
541 680
542 680
543 680
544 680
545 680
546 680
547 680
548 680
549 680
550 680
551 680
552 680
553 680
554 680
555 680
556 680
557 680
558 679
559 679
560 679
561 679
562 679
563 679
564 679
565 679
566 678
567 678
568 678
569 678
570 678
571 678
572 678
573 677
574 677
575 677
576 677
577 677
578 676
579 676
580 676
581 676
582 676
583 675
584 675
585 675
586 675
587 675
588 674
589 674
590 674
591 674
592 673
593 673
594 673
595 673
596 672
597 672
598 672
599 671
600 671
601 671
602 671
603 670
604 670
605 670
606 669
607 669
608 669
609 668
610 668
611 668
612 667
613 667
614 667
615 666
616 666
617 666
618 665
619 665
620 665
621 664
622 664
623 663
624 663
625 663
626 662
627 662
628 661
629 661
630 660
631 660
632 659
633 659
634 659
635 658
636 658
637 657
638 657
639 656
640 656
641 655
642 655
643 654
644 653
645 653
646 652
647 652
648 651
649 651
650 650
651 650
652 649
653 648
654 648
655 647
656 646
657 646
658 645
659 644
660 644
661 643
662 642
663 642
664 641
665 640
666 640
667 639
668 638
669 638
670 637
671 636
672 635
673 634
674 634
675 633
676 632
677 631
678 630
679 630
680 629
681 628
682 627
683 626
684 625
685 624
686 624
687 623
688 622
689 621
690 620
691 619
692 618
693 617
694 616
695 615
696 614
697 613
698 612
699 611
700 610
701 609
702 608
702 607
703 606
704 605
705 604
706 603
707 602
708 601
708 600
709 599
710 598
711 597
712 596
713 595
713 594
714 593
715 592
716 591
716 590
717 589
718 588
719 587
719 586
720 585
721 584
721 583
722 582
723 581
724 580
724 579
725 578
726 577
726 576
727 575
728 574
728 573
729 572
730 571
730 570
731 569
731 568
732 567
733 566
733 565
734 564
734 563
735 562
736 561
736 560
737 559
737 558
738 557
738 556
739 555
739 554
740 553
740 552
741 551
742 550
742 549
743 548
743 547
744 546
744 545
745 544
745 543
746 542
746 541
746 540
747 539
747 538
748 537
748 536
749 535
749 534
750 533
750 532
751 531
751 530
751 529
752 528
752 527
753 526
753 525
753 524
754 523
754 522
755 521
755 520
755 519
756 518
756 517
757 516
757 515
757 514
758 513
758 512
758 511
759 510
759 509
759 508
760 507
760 506
760 505
761 504
761 503
761 502
762 501
762 500
762 499
763 498
763 497
763 496
764 495
764 494
764 493
765 492
765 491
765 490
765 489
766 488
766 487
766 486
766 485
767 484
767 483
767 482
767 481
768 480
768 479
768 478
768 477
769 476
769 475
769 474
769 473
770 472
770 471
770 470
770 469
771 468
771 467
771 466
771 465
771 464
772 463
772 462
772 461
772 460
772 459
772 458
773 457
773 456
773 455
773 454
773 453
773 452
774 451
774 450
774 449
774 448
774 447
774 446
774 445
775 444
775 443
775 442
775 441
775 440
775 439
775 438
775 437
776 436
776 435
776 434
776 433
776 432
776 431
776 430
776 429
776 428
776 427
777 426
777 425
777 424
777 423
777 422
777 421
777 420
777 419
777 418
777 417
777 416
777 415
777 414
777 413
777 412
777 411
777 410
777 409
777 408
777 407
777 406
777 405
777 404
778 403
778 402
778 401
778 400
777 399
777 398
777 397
777 396
777 395
777 394
777 393
777 392
777 391
777 390
777 389
777 388
777 387
777 386
777 385
777 384
777 383
777 382
777 381
777 380
777 379
777 378
777 377
776 376
776 375
776 374
776 373
776 372
776 371
776 370
776 369
776 368
776 367
775 366
775 365
775 364
775 363
775 362
775 361
775 360
775 359
774 358
774 357
774 356
774 355
774 354
774 353
774 352
773 351
773 350
773 349
773 348
773 347
773 346
772 345
772 344
772 343
772 342
772 341
772 340
771 339
771 338
771 337
771 336
770 335
770 334
770 333
770 332
770 331
769 330
769 329
769 328
769 327
768 326
768 325
768 324
768 323
768 322
767 321
767 320
767 319
766 318
766 317
766 316
766 315
765 314
765 313
765 312
765 311
764 310
764 309
764 308
763 307
763 306
763 305
762 304
762 303
762 302
762 301
761 300
761 299
761 298
760 297
760 296
759 295
759 294
759 293
758 292
758 291
758 290
757 289
757 288
757 287
756 286
756 285
755 284
755 283
755 282
754 281
754 280
754 279
753 278
753 277
752 276
752 275
751 274
751 273
751 272
750 271
750 270
749 269
749 268
748 267
748 266
747 265
747 264
746 263
746 262
746 261
745 260
745 259
744 258
744 257
743 256
743 255
742 254
742 253
741 252
741 251
740 250
739 249
739 248
738 247
738 246
737 245
737 244
736 243
736 242
735 241
734 240
734 239
733 238
733 237
732 236
731 235
731 234
730 233
730 232
729 231
728 230
728 229
727 228
726 227
726 226
725 225
724 224
724 223
723 222
722 221
722 220
721 219
720 218
719 217
719 216
718 215
717 214
716 213
716 212
715 211
714 210
713 209
713 208
712 207
711 206
710 205
709 204
709 203
708 202
707 201
706 200
705 199
704 198
703 197
702 196
702 195
701 194
700 193
699 192
698 191
697 190
696 189
695 188
694 187
693 186
692 185
691 184
690 183
689 182
688 181
687 180
686 179
685 178
684 178
683 177
682 176
681 175
680 174
679 173
678 172
677 172
676 171
675 170
674 169
673 168
672 168
671 167
670 166
669 165
668 165
667 164
666 163
665 163
664 162
663 161
662 160
661 160
660 159
659 158
658 158
657 157
656 156
655 156
654 155
653 155
652 154
651 153
650 153
649 152
648 152
647 151
646 151
645 150
644 149
643 149
642 148
641 148
640 147
639 147
638 146
637 146
636 145
635 145
634 144
633 144
632 143
631 143
630 143
629 142
628 142
627 141
626 141
625 140
624 140
623 140
622 139
621 139
620 138
619 138
618 138
617 137
616 137
615 136
614 136
613 136
612 135
611 135
610 135
609 134
608 134
607 134
606 133
605 133
604 133
603 133
602 132
601 132
600 132
599 131
598 131
597 131
596 131
595 130
594 130
593 130
592 130
591 129
590 129
589 129
588 129
587 128
586 128
585 128
584 128
583 127
582 127
581 127
580 127
579 127
578 126
577 126
576 126
575 126
574 126
573 126
572 125
571 125
570 125
569 125
568 125
567 125
566 124
565 124
564 124
563 124
562 124
561 124
560 124
559 124
558 123
557 123
556 123
555 123
554 123
553 123
552 123
551 123
550 123
549 123
548 123
547 123
546 123
545 123
544 123
543 123
542 122
541 122
540 122
539 122
538 122
537 122
536 122
535 122
534 122
533 122
532 122
531 122
530 122
529 122
