533 200
532 201
532 202
532 203
532 204
532 205
532 206
532 207
532 208
532 209
532 210
532 211
532 212
532 213
532 214
532 215
532 216
532 217
532 218
532 219
532 220
532 221
532 222
532 223
532 224
532 225
532 226
532 227
532 228
532 229
532 230
532 231
532 232
532 233
532 234
532 235
532 236
532 237
532 238
532 239
532 240
532 241
532 242
532 243
532 244
532 245
532 246
532 247
532 248
532 249
532 250
532 251
532 252
532 253
532 254
532 255
532 256
532 257
532 258
532 259
532 260
532 261
532 262
532 263
532 264
532 265
532 266
532 267
532 268
532 269
532 270
532 271
532 272
532 273
532 274
532 275
532 276
532 277
532 278
532 279
532 280
532 281
532 282
532 283
532 284
532 285
532 286
532 287
532 288
532 289
532 290
532 291
532 292
532 293
532 294
532 295
532 296
532 297
532 298
532 299
532 300
532 301
532 302
532 303
532 304
532 305
532 306
532 307
532 308
532 309
532 310
532 311
532 312
532 313
532 314
532 315
532 316
532 317
532 318
532 319
532 320
532 321
532 322
532 323
532 324
532 325
532 326
532 327
532 328
532 329
532 330
532 331
532 332
532 333
532 334
532 335
532 336
532 337
532 338
532 339
532 340
532 341
532 342
532 343
532 344
532 345
532 346
532 347
532 348
532 349
532 350
532 351
532 352
532 353
532 354
532 355
532 356
532 357
532 358
532 359
532 360
532 361
532 362
532 363
532 364
532 365
532 366
532 367
532 368
532 369
532 370
532 371
532 372
532 373
532 374
532 375
532 376
532 377
532 378
532 379
532 380
532 381
532 382
532 383
532 384
532 385
532 386
532 387
532 388
532 389
532 390
532 391
532 392
532 393
532 394
532 395
532 396
532 397
532 398
532 399
532 400
532 401
532 402
532 403
532 404
532 405
532 406
532 407
532 408
532 409
532 410
532 411
532 412
532 413
532 414
532 415
532 416
532 417
532 418
532 419
532 420
532 421
532 422
532 423
532 424
532 425
532 426
532 427
532 428
532 429
532 430
532 431
532 432
532 433
532 434
532 435
532 436
532 437
532 438
532 439
532 440
532 441
532 442
532 443
532 444
532 445
532 446
532 447
532 448
532 449
532 450
532 451
532 452
532 453
532 454
532 455
532 456
532 457
532 458
532 459
532 460
532 461
532 462
532 463
532 464
532 465
532 466
532 467
532 468
532 469
532 470
532 471
532 472
532 473
532 474
532 475
532 476
532 477
532 478
532 479
532 480
532 481
532 482
532 483
532 484
532 485
532 486
532 487
532 488
532 489
532 490
532 491
532 492
532 493
532 494
532 495
532 496
532 497
532 498
532 499
532 500
532 501
532 502
532 503
532 504
532 505
532 506
532 507
532 508
532 509
532 510
532 511
532 512
532 513
532 514
532 515
532 516
532 517
532 518
532 519
532 520
532 521
532 522
532 523
532 524
532 525
532 526
532 527
532 528
532 529
532 530
532 531
532 532
532 533
532 534
532 535
532 536
532 537
532 538
532 539
532 540
532 541
532 542
532 543
532 544
532 545
532 546
532 547
532 548
532 549
532 550
532 551
532 552
532 553
532 554
532 555
532 556
532 557
532 558
532 559
532 560
532 561
532 562
532 563
532 564
532 565
532 566
532 567
532 568
532 569
532 570
532 571
532 572
532 573
532 574
532 575
532 576
532 577
532 578
532 579
532 580
532 581
532 582
532 583
532 584
532 585
532 586
532 587
532 588
532 589
532 590
532 591
532 592
532 593
532 594
532 595
532 596
533 597
534 597
535 596
535 595
536 594
537 593
537 592
538 591
538 590
539 589
540 588
540 587
541 586
541 585
542 584
542 583
543 582
543 581
544 580
544 579
545 578
545 577
546 576
546 575
547 574
547 573
548 572
548 571
549 570
549 569
550 568
550 567
550 566
551 565
551 564
552 563
552 562
553 561
553 560
553 559
554 558
554 557
555 556
555 555
555 554
556 553
556 552
557 551
557 550
557 549
558 548
558 547
558 546
559 545
559 544
559 543
560 542
560 541
560 540
561 539
561 538
561 537
562 536
562 535
562 534
562 533
563 532
563 531
563 530
564 529
564 528
564 527
565 526
565 525
565 524
565 523
566 522
566 521
566 520
566 519
567 518
567 517
567 516
567 515
568 514
568 513
568 512
568 511
569 510
569 509
569 508
569 507
569 506
570 505
570 504
570 503
570 502
571 501
571 500
571 499
571 498
571 497
572 496
572 495
572 494
572 493
572 492
572 491
573 490
573 489
573 488
573 487
573 486
573 485
574 484
574 483
574 482
574 481
574 480
574 479
575 478
575 477
575 476
575 475
575 474
575 473
575 472
576 471
576 470
576 469
576 468
576 467
576 466
576 465
576 464
577 463
577 462
577 461
577 460
577 459
577 458
577 457
577 456
578 455
578 454
578 453
578 452
578 451
578 450
578 449
578 448
578 447
578 446
578 445
579 444
579 443
579 442
579 441
579 440
579 439
579 438
579 437
579 436
579 435
579 434
579 433
579 432
579 431
580 430
580 429
580 428
580 427
580 426
580 425
580 424
580 423
580 422
580 421
580 420
580 419
580 418
580 417
580 416
580 415
580 414
580 413
580 412
580 411
580 410
580 409
580 408
580 407
580 406
581 405
581 404
581 403
581 402
581 401
581 400
581 399
581 398
581 397
581 396
581 395
581 394
581 393
581 392
581 391
581 390
581 389
581 388
581 387
581 386
581 385
581 384
581 383
581 382
581 381
580 380
580 379
580 378
580 377
580 376
580 375
580 374
580 373
580 372
580 371
580 370
580 369
580 368
580 367
580 366
580 365
580 364
580 363
580 362
580 361
580 360
580 359
580 358
579 357
579 356
579 355
579 354
579 353
579 352
579 351
579 350
579 349
579 348
579 347
579 346
578 345
578 344
578 343
578 342
578 341
578 340
578 339
578 338
578 337
578 336
577 335
577 334
577 333
577 332
577 331
577 330
577 329
577 328
576 327
576 326
576 325
576 324
576 323
576 322
576 321
576 320
575 319
575 318
575 317
575 316
575 315
575 314
574 313
574 312
574 311
574 310
574 309
574 308
573 307
573 306
573 305
573 304
573 303
573 302
572 301
572 300
572 299
572 298
572 297
571 296
571 295
571 294
571 293
570 292
570 291
570 290
570 289
570 288
569 287
569 286
569 285
569 284
568 283
568 282
568 281
568 280
567 279
567 278
567 277
567 276
566 275
566 274
566 273
566 272
565 271
565 270
565 269
564 268
564 267
564 266
564 265
563 264
563 263
563 262
562 261
562 260
562 259
561 258
561 257
561 256
560 255
560 254
560 253
559 252
559 251
559 250
558 249
558 248
558 247
557 246
557 245
557 244
556 243
556 242
555 241
555 240
555 239
554 238
554 237
553 236
553 235
553 234
552 233
552 232
551 231
551 230
550 229
550 228
549 227
549 226
549 225
548 224
547 223
547 222
547 221
546 220
546 219
545 218
544 217
544 216
543 215
543 214
542 213
542 212
541 211
541 210
540 209
539 208
539 207
538 206
538 205
537 204
536 203
536 202
535 201
534 200
533 200
