554 247
553 248
552 248
551 248
550 248
549 248
548 248
547 248
546 248
545 249
544 249
543 249
542 249
541 249
540 249
539 250
538 250
537 250
536 250
535 251
534 251
533 251
532 251
531 252
530 252
529 252
528 252
527 253
526 253
525 253
524 254
523 254
522 254
521 255
520 255
519 255
518 256
517 256
516 256
515 257
514 257
513 258
512 258
511 258
510 259
509 259
508 260
507 260
506 261
505 261
504 262
503 262
502 263
501 263
500 264
499 264
498 265
497 265
496 266
495 266
494 267
493 268
492 268
491 269
490 270
489 270
488 271
487 272
486 272
485 273
484 274
483 274
482 275
481 276
480 277
479 277
478 278
477 279
476 280
475 281
474 281
473 282
472 283
471 284
470 285
469 286
468 287
467 288
466 289
465 290
464 291
463 292
462 293
461 294
460 295
459 296
458 297
457 298
456 299
456 300
455 301
454 302
453 303
452 304
452 305
451 306
450 307
449 308
449 309
448 310
447 311
446 312
446 313
445 314
445 315
444 316
443 317
443 318
442 319
441 320
441 321
440 322
440 323
439 324
439 325
438 326
437 327
437 328
436 329
436 330
435 331
435 332
434 333
434 334
433 335
433 336
433 337
432 338
432 339
431 340
431 341
430 342
430 343
430 344
429 345
429 346
428 347
428 348
428 349
427 350
427 351
427 352
426 353
426 354
426 355
425 356
425 357
425 358
425 359
425 360
425 361
425 362
425 363
425 364
425 365
425 366
425 367
425 368
425 369
425 370
425 371
425 372
425 373
425 374
425 375
425 376
425 377
425 378
425 379
425 380
425 381
425 382
425 383
425 384
425 385
425 386
425 387
425 388
425 389
425 390
425 391
425 392
425 393
425 394
425 395
425 396
425 397
425 398
425 399
425 400
425 401
425 402
425 403
425 404
425 405
425 406
425 407
425 408
425 409
425 410
425 411
425 412
425 413
425 414
425 415
425 416
425 417
425 418
425 419
425 420
425 421
425 422
425 423
425 424
425 425
425 426
425 427
425 428
425 429
425 430
425 431
425 432
425 433
425 434
425 435
425 436
425 437
425 438
425 439
425 440
425 441
425 442
425 443
425 444
425 445
425 446
425 447
425 448
425 449
425 450
425 451
425 452
425 453
425 454
425 455
426 456
426 457
426 458
427 459
427 460
427 461
428 462
428 463
428 464
429 465
429 466
430 467
430 468
430 469
431 470
431 471
432 472
432 473
433 474
433 475
434 476
434 477
434 478
435 479
435 480
436 481
436 482
437 483
437 484
438 485
439 486
439 487
440 488
440 489
441 490
441 491
442 492
443 493
443 494
444 495
445 496
445 497
446 498
447 499
447 500
448 501
449 502
449 503
450 504
451 505
452 506
452 507
453 508
454 509
455 510
456 511
456 512
457 513
458 514
459 515
460 516
461 517
462 518
463 519
464 520
465 521
466 522
467 523
468 524
469 525
470 526
471 527
472 528
473 529
474 529
475 530
476 531
477 532
478 533
479 533
480 534
481 535
482 536
483 536
484 537
485 538
486 539
487 539
488 540
489 541
490 541
491 542
492 542
493 543
494 544
495 544
496 545
497 545
498 546
499 547
500 547
501 548
502 548
503 549
504 549
505 550
506 550
507 551
508 551
509 552
510 552
511 552
512 553
513 553
514 554
515 554
516 554
517 555
518 555
519 556
520 556
521 556
522 557
523 557
524 557
525 558
526 558
527 558
528 558
529 559
530 559
531 559
532 560
533 560
534 560
535 560
536 560
537 561
538 561
539 561
540 561
541 561
542 562
543 562
544 562
545 562
546 562
547 562
548 563
549 563
550 563
551 563
552 563
553 563
554 563
555 563
556 563
557 564
558 564
559 564
560 564
561 564
562 564
563 564
564 564
565 564
566 564
567 564
568 564
569 564
570 564
571 564
572 564
573 564
574 564
575 564
576 564
577 563
578 563
579 563
580 563
581 563
582 563
583 563
584 563
585 563
586 563
587 562
588 562
589 562
590 562
591 562
592 562
593 561
594 561
595 561
596 561
597 561
598 560
599 560
600 560
601 560
602 559
603 559
604 559
605 559
606 558
607 558
608 558
609 557
610 557
611 557
612 556
613 556
614 556
615 555
616 555
617 555
618 554
619 554
620 553
621 553
622 553
623 552
624 552
625 551
626 551
627 550
628 550
629 549
630 549
631 548
632 548
633 547
634 547
635 546
636 546
637 545
638 545
639 544
640 543
641 543
642 542
643 542
644 541
645 540
646 540
647 539
648 538
649 538
650 537
651 536
652 535
653 535
654 534
655 533
656 532
657 532
658 531
659 530
660 529
661 528
662 527
663 526
664 525
665 525
666 524
667 523
668 522
669 521
670 520
671 519
672 518
673 517
673 516
674 515
675 514
676 513
677 512
678 511
679 510
680 509
680 508
681 507
682 506
683 505
683 504
684 503
685 502
686 501
686 500
687 499
688 498
688 497
689 496
690 495
690 494
691 493
691 492
692 491
693 490
693 489
694 488
694 487
695 486
696 485
696 484
697 483
697 482
698 481
698 480
699 479
699 478
700 477
700 476
700 475
701 474
701 473
702 472
702 471
703 470
703 469
703 468
704 467
704 466
705 465
705 464
705 463
706 462
706 461
706 460
707 459
707 458
707 457
708 456
708 455
708 454
709 453
709 452
709 451
710 450
710 449
710 448
710 447
711 446
711 445
711 444
711 443
712 442
712 441
712 440
712 439
712 438
713 437
713 436
713 435
713 434
713 433
713 432
714 431
714 430
714 429
714 428
714 427
714 426
714 425
715 424
715 423
715 422
715 421
715 420
715 419
715 418
715 417
715 416
715 415
715 414
715 413
715 412
715 411
716 410
716 409
716 408
716 407
716 406
716 405
716 404
716 403
716 402
716 401
715 400
715 399
715 398
715 397
715 396
715 395
715 394
715 393
715 392
715 391
715 390
715 389
715 388
715 387
714 386
714 385
714 384
714 383
714 382
714 381
714 380
714 379
713 378
713 377
713 376
713 375
713 374
712 373
712 372
712 371
712 370
712 369
711 368
711 367
711 366
711 365
710 364
710 363
710 362
710 361
709 360
709 359
709 358
709 357
708 356
708 355
708 354
707 353
707 352
707 351
706 350
706 349
706 348
705 347
705 346
704 345
704 344
704 343
703 342
703 341
702 340
702 339
702 338
701 337
701 336
700 335
700 334
699 333
699 332
698 331
698 330
697 329
697 328
696 327
696 326
695 325
695 324
694 323
693 322
693 321
692 320
692 319
691 318
690 317
690 316
689 315
688 314
688 313
687 312
686 311
686 310
685 309
684 308
684 307
683 306
682 305
681 304
680 303
680 302
679 301
678 300
677 299
676 298
675 297
675 296
674 295
673 294
672 293
671 292
670 291
669 290
668 289
667 288
666 287
665 286
664 285
663 284
662 283
661 283
660 282
659 281
658 280
657 279
656 278
655 278
654 277
653 276
652 275
651 275
650 274
649 273
648 272
647 272
646 271
645 270
644 270
643 269
642 269
641 268
640 267
639 267
638 266
637 266
636 265
635 264
634 264
633 263
632 263
631 262
630 262
629 261
628 261
627 260
626 260
625 259
624 259
623 259
622 258
621 258
620 257
619 257
618 256
617 256
616 256
615 255
614 255
613 255
612 254
611 254
610 254
609 253
608 253
607 253
606 252
605 252
604 252
603 252
602 251
601 251
600 251
599 251
598 250
597 250
596 250
595 250
594 250
593 249
592 249
591 249
590 249
589 249
588 248
587 248
586 248
585 248
584 248
583 248
582 248
581 248
580 248
579 247
578 247
577 247
576 247
575 247
574 247
573 247
572 247
571 247
570 247
569 247
568 247
567 247
566 247
565 247
564 247
563 247
562 247
561 247
560 247
559 247
558 247
557 247
556 247
555 247
554 247
