418 181
417 182
417 183
417 184
417 185
417 186
417 187
417 188
417 189
417 190
417 191
417 192
417 193
417 194
417 195
417 196
417 197
417 198
417 199
417 200
417 201
417 202
417 203
417 204
417 205
417 206
417 207
417 208
417 209
417 210
417 211
417 212
417 213
417 214
417 215
417 216
417 217
417 218
417 219
417 220
417 221
417 222
417 223
417 224
417 225
417 226
417 227
417 228
417 229
417 230
417 231
417 232
417 233
417 234
417 235
417 236
417 237
417 238
417 239
417 240
417 241
417 242
417 243
417 244
417 245
417 246
417 247
417 248
417 249
417 250
417 251
417 252
417 253
417 254
417 255
417 256
417 257
417 258
417 259
417 260
417 261
417 262
417 263
417 264
417 265
417 266
417 267
417 268
417 269
417 270
417 271
417 272
417 273
417 274
417 275
417 276
417 277
417 278
417 279
417 280
417 281
417 282
417 283
417 284
417 285
417 286
417 287
417 288
417 289
417 290
417 291
417 292
417 293
417 294
417 295
417 296
417 297
417 298
417 299
417 300
417 301
417 302
417 303
417 304
417 305
417 306
417 307
417 308
417 309
417 310
417 311
417 312
417 313
417 314
417 315
417 316
417 317
417 318
417 319
417 320
417 321
417 322
417 323
417 324
417 325
417 326
417 327
417 328
417 329
417 330
417 331
417 332
417 333
417 334
417 335
417 336
417 337
417 338
417 339
417 340
417 341
417 342
417 343
417 344
417 345
417 346
417 347
417 348
417 349
417 350
417 351
417 352
417 353
417 354
417 355
417 356
417 357
417 358
417 359
417 360
417 361
417 362
417 363
417 364
417 365
417 366
417 367
417 368
417 369
417 370
417 371
417 372
417 373
417 374
417 375
417 376
417 377
417 378
417 379
417 380
417 381
417 382
417 383
417 384
417 385
417 386
417 387
417 388
417 389
417 390
417 391
417 392
417 393
417 394
417 395
417 396
417 397
417 398
417 399
417 400
417 401
417 402
417 403
417 404
417 405
417 406
417 407
417 408
417 409
417 410
417 411
417 412
417 413
417 414
417 415
417 416
417 417
417 418
417 419
417 420
417 421
417 422
417 423
417 424
417 425
417 426
417 427
417 428
417 429
417 430
417 431
417 432
417 433
417 434
417 435
417 436
417 437
417 438
417 439
417 440
417 441
417 442
417 443
417 444
417 445
417 446
417 447
417 448
417 449
417 450
417 451
417 452
417 453
417 454
417 455
417 456
417 457
417 458
417 459
417 460
417 461
417 462
417 463
417 464
417 465
417 466
417 467
417 468
417 469
417 470
417 471
417 472
417 473
417 474
417 475
417 476
417 477
417 478
417 479
417 480
417 481
417 482
417 483
417 484
417 485
417 486
417 487
417 488
417 489
417 490
417 491
417 492
417 493
417 494
417 495
417 496
417 497
417 498
417 499
417 500
417 501
417 502
417 503
417 504
417 505
417 506
417 507
417 508
417 509
417 510
417 511
417 512
417 513
417 514
417 515
417 516
417 517
417 518
417 519
417 520
417 521
417 522
417 523
417 524
417 525
417 526
417 527
417 528
417 529
417 530
417 531
417 532
417 533
417 534
417 535
417 536
417 537
417 538
417 539
417 540
417 541
417 542
417 543
417 544
417 545
417 546
417 547
417 548
417 549
417 550
417 551
417 552
417 553
417 554
417 555
417 556
417 557
417 558
417 559
417 560
417 561
417 562
417 563
417 564
417 565
417 566
417 567
417 568
417 569
417 570
417 571
417 572
417 573
417 574
417 575
417 576
417 577
417 578
417 579
417 580
417 581
417 582
417 583
417 584
417 585
417 586
417 587
417 588
417 589
417 590
417 591
417 592
417 593
417 594
417 595
417 596
417 597
417 598
417 599
417 600
417 601
417 602
417 603
417 604
417 605
417 606
417 607
417 608
417 609
417 610
417 611
417 612
417 613
417 614
417 615
417 616
417 617
417 618
417 619
417 620
418 621
419 622
420 622
421 622
422 622
423 622
424 622
425 622
426 621
427 621
428 621
429 621
430 621
431 621
432 621
433 621
434 621
435 621
436 621
437 621
438 621
439 621
440 621
441 620
442 620
443 620
444 620
445 620
446 620
447 620
448 620
449 619
450 619
451 619
452 619
453 619
454 619
455 619
456 618
457 618
458 618
459 618
460 618
461 617
462 617
463 617
464 617
465 617
466 616
467 616
468 616
469 616
470 615
471 615
472 615
473 615
474 614
475 614
476 614
477 614
478 613
479 613
480 613
481 612
482 612
483 612
484 611
485 611
486 611
487 610
488 610
489 610
490 609
491 609
492 609
493 608
494 608
495 607
496 607
497 607
498 606
499 606
500 605
501 605
502 605
503 604
504 604
505 603
506 603
507 602
508 602
509 601
510 601
511 600
512 600
513 599
514 599
515 598
516 598
517 597
518 597
519 596
520 596
521 595
522 594
523 594
524 593
525 593
526 592
527 592
528 591
529 590
530 590
531 589
532 588
533 588
534 587
535 586
536 586
537 585
538 584
539 584
540 583
541 582
542 582
543 581
544 580
545 579
546 578
547 578
548 577
549 576
550 575
551 575
552 574
553 573
554 572
555 571
556 570
557 569
558 569
559 568
560 567
561 566
562 565
563 564
564 563
565 562
566 561
567 560
568 559
569 558
570 557
571 556
572 555
573 554
574 553
575 552
576 551
577 550
578 549
579 548
579 547
580 546
581 545
582 544
583 543
584 542
585 541
585 540
586 539
587 538
588 537
589 536
589 535
590 534
591 533
592 532
592 531
593 530
594 529
595 528
595 527
596 526
597 525
597 524
598 523
599 522
599 521
600 520
601 519
601 518
602 517
603 516
603 515
604 514
604 513
605 512
606 511
606 510
607 509
607 508
608 507
608 506
609 505
610 504
610 503
611 502
611 501
612 500
612 499
613 498
613 497
614 496
614 495
615 494
615 493
616 492
616 491
617 490
617 489
618 488
618 487
619 486
619 485
620 484
620 483
621 482
621 481
621 480
622 479
622 478
623 477
623 476
624 475
624 474
624 473
625 472
625 471
625 470
626 469
626 468
627 467
627 466
627 465
628 464
628 463
628 462
629 461
629 460
629 459
630 458
630 457
630 456
631 455
631 454
631 453
631 452
632 451
632 450
632 449
633 448
633 447
633 446
633 445
633 444
634 443
634 442
634 441
634 440
635 439
635 438
635 437
635 436
635 435
636 434
636 433
636 432
636 431
636 430
637 429
637 428
637 427
637 426
637 425
637 424
637 423
638 422
638 421
638 420
638 419
638 418
638 417
638 416
638 415
638 414
638 413
639 412
639 411
639 410
639 409
639 408
639 407
639 406
639 405
639 404
639 403
639 402
639 401
639 400
639 399
639 398
639 397
639 396
639 395
639 394
639 393
639 392
639 391
638 390
638 389
638 388
638 387
638 386
638 385
638 384
638 383
638 382
638 381
638 380
637 379
637 378
637 377
637 376
637 375
637 374
637 373
637 372
636 371
636 370
636 369
636 368
636 367
636 366
635 365
635 364
635 363
635 362
635 361
634 360
634 359
634 358
634 357
634 356
633 355
633 354
633 353
633 352
632 351
632 350
632 349
632 348
631 347
631 346
631 345
631 344
630 343
630 342
630 341
629 340
629 339
629 338
628 337
628 336
628 335
628 334
627 333
627 332
626 331
626 330
626 329
625 328
625 327
625 326
624 325
624 324
624 323
623 322
623 321
622 320
622 319
622 318
621 317
621 316
620 315
620 314
619 313
619 312
619 311
618 310
618 309
617 308
617 307
616 306
616 305
615 304
615 303
614 302
614 301
613 300
613 299
612 298
612 297
611 296
611 295
610 294
610 293
609 292
608 291
608 290
607 289
607 288
606 287
605 286
605 285
604 284
604 283
603 282
602 281
602 280
601 279
601 278
600 277
599 276
598 275
598 274
597 273
596 272
596 271
595 270
594 269
594 268
593 267
592 266
591 265
591 264
590 263
589 262
588 261
587 260
587 259
586 258
585 257
584 256
583 255
582 254
582 253
581 252
580 251
579 250
578 249
577 248
576 247
575 246
574 245
573 244
572 243
571 242
570 241
569 240
568 239
567 238
566 237
565 236
564 235
563 234
562 233
561 232
560 232
559 231
558 230
557 229
556 228
555 227
554 227
553 226
552 225
551 224
550 224
549 223
548 222
547 221
546 221
545 220
544 219
543 218
542 218
541 217
540 216
539 216
538 215
537 214
536 214
535 213
534 212
533 212
532 211
531 211
530 210
529 209
528 209
527 208
526 208
525 207
524 207
523 206
522 206
521 205
520 204
519 204
518 203
517 203
516 202
515 202
514 202
513 201
512 201
511 200
510 200
509 199
508 199
507 198
506 198
505 197
504 197
503 197
502 196
501 196
500 195
499 195
498 195
497 194
496 194
495 194
494 193
493 193
492 193
491 192
490 192
489 192
488 191
487 191
486 191
485 190
484 190
483 190
482 189
481 189
480 189
479 189
478 188
477 188
476 188
475 187
474 187
473 187
472 187
471 187
470 186
469 186
468 186
467 186
466 185
465 185
464 185
463 185
462 185
461 184
460 184
459 184
458 184
457 184
456 184
455 183
454 183
453 183
452 183
451 183
450 183
449 183
448 182
447 182
446 182
445 182
444 182
443 182
442 182
441 182
440 182
439 182
438 181
437 181
436 181
435 181
434 181
433 181
432 181
431 181
430 181
429 181
428 181
427 181
426 181
425 181
424 181
423 181
422 181
421 181
420 181
419 181
418 181
