553 241
552 242
551 242
550 242
549 242
548 242
547 242
546 242
545 242
544 242
543 243
542 243
541 243
540 243
539 243
538 244
537 244
536 244
535 244
534 244
533 245
532 245
531 245
530 245
529 245
528 246
527 246
526 246
525 247
524 247
523 247
522 247
521 248
520 248
519 248
518 249
517 249
516 249
515 250
514 250
513 250
512 251
511 251
510 251
509 252
508 252
507 252
506 253
505 253
504 254
503 254
502 254
501 255
500 255
499 256
498 256
497 257
496 257
495 258
494 258
493 258
492 259
491 259
490 260
489 260
488 261
487 261
486 262
485 262
484 263
483 264
482 264
481 265
480 265
479 266
478 266
477 267
476 267
475 268
474 269
473 269
472 270
471 270
470 271
469 272
468 272
467 273
466 274
465 274
464 275
463 276
462 276
461 277
460 278
459 279
458 279
457 280
456 281
455 282
454 282
453 283
452 284
451 285
450 285
449 286
448 287
447 288
446 289
445 290
444 290
443 291
442 292
441 293
440 294
439 295
438 296
437 297
436 298
435 299
434 299
433 300
432 301
431 302
430 303
429 304
428 305
427 306
427 307
426 308
425 309
424 310
423 311
422 312
421 313
420 314
419 315
418 316
418 317
417 318
416 319
415 320
414 321
413 322
413 323
412 324
411 325
410 326
410 327
409 328
408 329
407 330
407 331
406 332
405 333
404 334
404 335
403 336
402 337
402 338
401 339
400 340
400 341
399 342
399 343
398 344
397 345
397 346
396 347
396 348
396 349
396 350
396 351
396 352
396 353
396 354
396 355
396 356
396 357
396 358
396 359
396 360
396 361
396 362
396 363
396 364
396 365
396 366
396 367
396 368
396 369
396 370
396 371
396 372
396 373
396 374
396 375
396 376
396 377
396 378
396 379
396 380
396 381
396 382
396 383
396 384
396 385
396 386
396 387
396 388
396 389
396 390
396 391
396 392
396 393
396 394
396 395
396 396
396 397
396 398
396 399
396 400
396 401
396 402
396 403
396 404
396 405
396 406
396 407
396 408
396 409
396 410
396 411
396 412
396 413
396 414
396 415
396 416
396 417
396 418
396 419
396 420
396 421
396 422
396 423
396 424
396 425
396 426
396 427
396 428
396 429
396 430
396 431
396 432
396 433
396 434
396 435
396 436
396 437
396 438
396 439
396 440
396 441
396 442
396 443
396 444
396 445
396 446
396 447
396 448
397 449
398 450
399 451
399 452
400 453
401 454
402 455
402 456
403 457
404 458
405 459
406 460
407 461
408 462
408 463
409 464
410 465
411 466
412 467
413 468
414 469
415 470
416 471
417 472
418 473
419 473
420 474
421 475
422 476
423 477
424 478
425 479
426 480
427 480
428 481
429 482
430 483
431 484
432 484
433 485
434 486
435 487
436 488
437 488
438 489
439 490
440 491
441 491
442 492
443 493
444 494
445 494
446 495
447 496
448 496
449 497
450 498
451 498
452 499
453 500
454 500
455 501
456 502
457 502
458 503
459 504
460 504
461 505
462 505
463 506
464 507
465 507
466 508
467 508
468 509
469 510
470 510
471 511
472 511
473 512
474 513
475 513
476 514
477 514
478 515
479 515
480 516
481 516
482 517
483 517
484 518
485 519
486 519
487 520
488 520
489 521
490 521
491 522
492 522
493 523
494 523
495 524
496 524
497 525
498 525
499 526
500 526
501 526
502 527
503 527
504 528
505 528
506 529
507 529
508 530
509 530
510 530
511 531
512 531
513 532
514 532
515 532
516 533
517 533
518 534
519 534
520 534
521 535
522 535
523 536
524 536
525 536
526 537
527 537
528 537
529 538
530 538
531 538
532 539
533 539
534 539
535 540
536 540
537 540
538 540
539 541
540 541
541 541
542 541
543 542
544 542
545 542
546 542
547 543
548 543
549 543
550 543
551 543
552 543
553 544
554 544
555 544
556 544
557 544
558 544
559 544
560 544
561 544
562 544
563 545
564 545
565 544
566 544
567 544
568 544
569 544
570 544
571 544
572 544
573 544
574 544
575 544
576 544
577 544
578 544
579 544
580 544
581 544
582 544
583 544
584 543
585 543
586 543
587 543
588 543
589 543
590 543
591 543
592 542
593 542
594 542
595 542
596 542
597 542
598 541
599 541
600 541
601 541
602 541
603 541
604 540
605 540
606 540
607 540
608 539
609 539
610 539
611 539
612 538
613 538
614 538
615 538
616 537
617 537
618 537
619 536
620 536
621 536
622 535
623 535
624 535
625 534
626 534
627 534
628 533
629 533
630 532
631 532
632 532
633 531
634 531
635 530
636 530
637 530
638 529
639 529
640 528
641 528
642 527
643 527
644 526
645 526
646 525
647 524
648 524
649 523
650 523
651 522
652 522
653 521
654 520
655 520
656 519
657 518
658 518
659 517
660 516
661 516
662 515
663 514
664 514
665 513
666 512
667 511
668 510
669 510
670 509
671 508
672 507
673 506
674 505
675 505
676 504
677 503
678 502
679 501
680 500
681 499
682 498
683 497
684 496
685 495
686 494
686 493
687 492
688 491
689 490
690 489
691 488
692 487
692 486
693 485
694 484
695 483
695 482
696 481
697 480
697 479
698 478
699 477
700 476
700 475
701 474
701 473
702 472
703 471
703 470
704 469
705 468
705 467
706 466
706 465
707 464
707 463
708 462
708 461
709 460
709 459
710 458
710 457
711 456
711 455
712 454
712 453
713 452
713 451
713 450
714 449
714 448
715 447
715 446
716 445
716 444
716 443
717 442
717 441
717 440
718 439
718 438
718 437
719 436
719 435
719 434
720 433
720 432
720 431
720 430
721 429
721 428
721 427
721 426
722 425
722 424
722 423
722 422
723 421
723 420
723 419
723 418
723 417
723 416
724 415
724 414
724 413
724 412
724 411
724 410
724 409
725 408
725 407
725 406
725 405
725 404
725 403
725 402
725 401
725 400
725 399
725 398
725 397
725 396
725 395
725 394
725 393
725 392
725 391
725 390
725 389
725 388
725 387
725 386
725 385
725 384
725 383
725 382
725 381
725 380
724 379
724 378
724 377
724 376
724 375
724 374
724 373
724 372
723 371
723 370
723 369
723 368
723 367
723 366
722 365
722 364
722 363
722 362
722 361
721 360
721 359
721 358
721 357
721 356
720 355
720 354
720 353
720 352
719 351
719 350
719 349
718 348
718 347
718 346
717 345
717 344
717 343
717 342
716 341
716 340
715 339
715 338
715 337
714 336
714 335
714 334
713 333
713 332
712 331
712 330
712 329
711 328
711 327
710 326
710 325
709 324
709 323
708 322
708 321
707 320
707 319
706 318
706 317
705 316
705 315
704 314
704 313
703 312
702 311
702 310
701 309
701 308
700 307
699 306
699 305
698 304
697 303
697 302
696 301
695 300
695 299
694 298
693 297
692 296
692 295
691 294
690 293
689 292
688 291
687 290
687 289
686 288
685 287
684 286
683 285
682 284
681 283
680 282
679 281
678 280
677 279
676 278
675 277
674 277
673 276
672 275
671 274
670 273
669 273
668 272
667 271
666 270
665 270
664 269
663 268
662 267
661 267
660 266
659 265
658 265
657 264
656 264
655 263
654 262
653 262
652 261
651 261
650 260
649 260
648 259
647 259
646 258
645 258
644 257
643 257
642 256
641 256
640 255
639 255
638 254
637 254
636 254
635 253
634 253
633 252
632 252
631 252
630 251
629 251
628 251
627 250
626 250
625 250
624 249
623 249
622 249
621 248
620 248
619 248
618 247
617 247
616 247
615 247
614 246
613 246
612 246
611 246
610 245
609 245
608 245
607 245
606 245
605 244
604 244
603 244
602 244
601 244
600 244
599 243
598 243
597 243
596 243
595 243
594 243
593 243
592 242
591 242
590 242
589 242
588 242
587 242
586 242
585 242
584 242
583 242
582 242
581 241
580 241
579 241
578 241
577 241
576 241
575 241
574 241
573 241
572 241
571 241
570 241
569 241
568 241
567 241
566 241
565 241
564 241
563 241
562 241
561 241
560 241
559 241
558 241
557 241
556 241
555 241
554 241
553 241
