530 180
529 181
528 181
527 181
526 181
525 181
524 181
523 181
522 181
521 181
520 181
519 182
518 182
517 182
516 182
515 182
514 182
513 183
512 183
511 183
510 183
509 183
508 183
507 184
506 184
505 184
504 184
503 184
502 185
501 185
500 185
499 185
498 185
497 186
496 186
495 186
494 186
493 187
492 187
491 187
490 187
489 188
488 188
487 188
486 189
485 189
484 189
483 189
482 190
481 190
480 190
479 191
478 191
477 191
476 192
475 192
474 192
473 193
472 193
471 194
470 194
469 194
468 195
467 195
466 195
465 196
464 196
463 197
462 197
461 198
460 198
459 198
458 199
457 199
456 200
455 200
454 201
453 201
452 202
451 202
450 203
449 203
448 204
447 204
446 205
445 205
444 206
443 206
442 207
441 207
440 208
439 208
438 209
437 210
436 210
435 211
434 212
433 213
432 213
431 214
430 215
429 216
428 217
427 218
426 219
425 220
424 221
423 222
422 223
421 224
420 225
419 226
418 227
418 228
417 229
416 230
415 231
414 232
413 233
413 234
412 235
411 236
410 237
410 238
409 239
408 240
407 241
407 242
406 243
405 244
404 245
404 246
403 247
402 248
402 249
401 250
400 251
400 252
399 253
398 254
398 255
397 256
396 257
396 258
395 259
394 260
394 261
393 262
392 263
392 264
391 265
391 266
390 267
390 268
389 269
389 270
388 271
388 272
387 273
387 274
386 275
386 276
385 277
385 278
384 279
384 280
384 281
383 282
383 283
382 284
382 285
382 286
381 287
381 288
380 289
380 290
380 291
379 292
379 293
378 294
378 295
378 296
377 297
377 298
376 299
376 300
375 301
374 302
373 303
372 303
371 304
370 304
369 304
368 305
367 306
367 307
366 308
366 309
366 310
366 311
366 312
366 313
366 314
366 315
366 316
366 317
366 318
366 319
366 320
366 321
366 322
366 323
366 324
366 325
366 326
366 327
366 328
366 329
366 330
366 331
366 332
366 333
366 334
366 335
366 336
366 337
366 338
366 339
366 340
366 341
366 342
366 343
366 344
366 345
366 346
366 347
366 348
366 349
366 350
366 351
366 352
366 353
366 354
366 355
366 356
366 357
366 358
366 359
366 360
366 361
366 362
366 363
366 364
366 365
366 366
366 367
366 368
366 369
366 370
366 371
366 372
366 373
366 374
366 375
366 376
366 377
366 378
366 379
366 380
366 381
366 382
366 383
366 384
366 385
366 386
366 387
366 388
366 389
366 390
366 391
366 392
366 393
366 394
366 395
366 396
366 397
366 398
366 399
366 400
366 401
366 402
366 403
366 404
366 405
366 406
366 407
366 408
366 409
366 410
366 411
366 412
366 413
366 414
366 415
366 416
366 417
366 418
366 419
366 420
366 421
366 422
366 423
366 424
366 425
366 426
366 427
366 428
366 429
366 430
366 431
366 432
366 433
366 434
366 435
366 436
366 437
366 438
366 439
366 440
366 441
366 442
366 443
366 444
366 445
366 446
366 447
366 448
366 449
366 450
366 451
366 452
366 453
366 454
366 455
366 456
366 457
366 458
366 459
366 460
366 461
366 462
366 463
366 464
366 465
366 466
366 467
366 468
366 469
366 470
366 471
366 472
366 473
366 474
366 475
366 476
366 477
366 478
366 479
366 480
366 481
366 482
366 483
366 484
366 485
366 486
366 487
366 488
366 489
366 490
366 491
366 492
367 493
367 494
368 495
369 496
370 496
371 496
372 497
373 497
374 498
375 499
376 500
376 501
377 502
377 503
378 504
378 505
378 506
379 507
379 508
380 509
380 510
380 511
381 512
381 513
382 514
382 515
382 516
383 517
383 518
384 519
384 520
384 521
385 522
385 523
386 524
386 525
387 526
387 527
388 528
388 529
389 530
389 531
390 532
390 533
391 534
391 535
392 536
392 537
393 538
394 539
394 540
395 541
396 542
396 543
397 544
398 545
398 546
399 547
400 548
400 549
401 550
402 551
402 552
403 553
404 554
405 555
405 556
406 557
407 558
407 559
408 560
409 561
410 562
410 563
411 564
412 565
413 566
413 567
414 568
415 569
416 570
417 571
418 572
418 573
419 574
420 575
421 576
422 577
423 578
424 579
425 580
426 581
427 582
428 583
429 584
430 585
431 586
432 587
433 587
434 588
435 589
436 590
437 590
438 591
439 592
440 592
441 593
442 593
443 594
444 594
445 595
446 595
447 596
448 596
449 597
450 597
451 598
452 598
453 599
454 599
455 600
456 600
457 601
458 601
459 602
460 602
461 602
462 603
463 603
464 604
465 604
466 604
467 605
468 605
469 606
470 606
471 606
472 607
473 607
474 607
475 608
476 608
477 608
478 609
479 609
480 609
481 610
482 610
483 610
484 611
485 611
486 611
487 612
488 612
489 612
490 612
491 613
492 613
493 613
494 613
495 614
496 614
497 614
498 614
499 615
500 615
501 615
502 615
503 616
504 616
505 616
506 616
507 616
508 617
509 617
510 617
511 617
512 617
513 617
514 618
515 618
516 618
517 618
518 618
519 618
520 618
521 619
522 619
523 619
524 619
525 619
526 619
527 619
528 619
529 619
530 619
531 620
532 620
533 620
534 620
535 620
536 620
537 620
538 620
539 620
540 620
541 620
542 620
543 620
544 620
545 620
546 620
547 620
548 620
549 620
550 620
551 620
552 620
553 620
554 620
555 620
556 620
557 620
558 620
559 620
560 620
561 620
562 620
563 620
564 620
565 620
566 620
567 620
568 619
569 619
570 619
571 619
572 619
573 619
574 619
575 619
576 619
577 618
578 618
579 618
580 618
581 618
582 618
583 618
584 618
585 617
586 617
587 617
588 617
589 617
590 616
591 616
592 616
593 616
594 616
595 616
596 615
597 615
598 615
599 615
600 614
601 614
602 614
603 614
604 613
605 613
606 613
607 613
608 612
609 612
610 612
611 612
612 611
613 611
614 611
615 610
616 610
617 610
618 609
619 609
620 609
621 608
622 608
623 608
624 607
625 607
626 607
627 606
628 606
629 606
630 605
631 605
632 604
633 604
634 604
635 603
636 603
637 602
638 602
639 601
640 601
641 601
642 600
643 600
644 599
645 599
646 598
647 598
648 597
649 597
650 596
651 596
652 595
653 595
654 594
655 594
656 593
657 593
658 592
659 591
660 591
661 590
662 590
663 589
664 589
665 588
666 587
667 587
668 586
669 586
670 585
671 584
672 584
673 583
674 582
675 582
676 581
677 580
678 580
679 579
680 578
681 577
682 577
683 576
684 575
685 574
686 574
687 573
688 572
689 571
690 571
691 570
692 569
693 568
694 567
695 566
696 565
697 565
698 564
699 563
700 562
701 561
702 560
703 559
704 558
705 557
706 556
707 555
708 554
709 553
710 552
711 551
712 550
713 549
714 548
715 547
716 546
717 545
718 544
718 543
719 542
720 541
721 540
722 539
723 538
723 537
724 536
725 535
726 534
727 533
727 532
728 531
729 530
730 529
730 528
731 527
732 526
732 525
733 524
734 523
735 522
735 521
736 520
736 519
737 518
738 517
738 516
739 515
740 514
740 513
741 512
741 511
742 510
743 509
743 508
744 507
744 506
745 505
745 504
746 503
746 502
747 501
748 500
748 499
749 498
749 497
750 496
750 495
751 494
751 493
751 492
752 491
752 490
753 489
753 488
754 487
754 486
755 485
755 484
756 483
756 482
756 481
757 480
757 479
758 478
758 477
758 476
759 475
759 474
759 473
760 472
760 471
760 470
761 469
761 468
761 467
762 466
762 465
762 464
763 463
763 462
763 461
764 460
764 459
764 458
764 457
765 456
765 455
765 454
765 453
766 452
766 451
766 450
766 449
767 448
767 447
767 446
767 445
768 444
768 443
768 442
768 441
768 440
768 439
769 438
769 437
769 436
769 435
769 434
770 433
770 432
770 431
770 430
770 429
770 428
770 427
770 426
771 425
771 424
771 423
771 422
771 421
771 420
771 419
771 418
771 417
771 416
772 415
772 414
772 413
772 412
772 411
772 410
772 409
772 408
772 407
772 406
772 405
772 404
772 403
772 402
772 401
772 400
772 399
772 398
772 397
772 396
772 395
772 394
772 393
772 392
772 391
772 390
772 389
772 388
772 387
772 386
772 385
771 384
771 383
771 382
771 381
771 380
771 379
771 378
771 377
771 376
771 375
770 374
770 373
770 372
770 371
770 370
770 369
770 368
770 367
769 366
769 365
769 364
769 363
769 362
768 361
768 360
768 359
768 358
768 357
768 356
767 355
767 354
767 353
767 352
766 351
766 350
766 349
766 348
765 347
765 346
765 345
765 344
764 343
764 342
764 341
764 340
763 339
763 338
763 337
762 336
762 335
762 334
761 333
761 332
761 331
760 330
760 329
760 328
759 327
759 326
759 325
758 324
758 323
757 322
757 321
757 320
756 319
756 318
755 317
755 316
755 315
754 314
754 313
753 312
753 311
752 310
752 309
751 308
751 307
751 306
750 305
750 304
749 303
749 302
748 301
748 300
747 299
747 298
746 297
745 296
745 295
744 294
744 293
743 292
743 291
742 290
741 289
741 288
740 287
740 286
739 285
738 284
738 283
737 282
737 281
736 280
735 279
735 278
734 277
733 276
732 275
732 274
731 273
730 272
730 271
729 270
728 269
727 268
727 267
726 266
725 265
724 264
723 263
723 262
722 261
721 260
720 259
719 258
718 257
718 256
717 255
716 254
715 253
714 252
713 251
712 250
711 249
710 248
709 247
708 246
707 245
706 244
705 243
704 242
703 241
702 240
701 239
700 238
699 237
698 236
697 235
696 234
695 234
694 233
693 232
692 231
691 230
690 229
689 229
688 228
687 227
686 226
685 226
684 225
683 224
682 223
681 223
680 222
679 221
678 220
677 220
676 219
675 218
674 218
673 217
672 216
671 216
670 215
669 214
668 214
667 213
666 212
665 212
664 211
663 211
662 210
661 210
660 209
659 208
658 208
657 207
656 207
655 206
654 206
653 205
652 205
651 204
650 204
649 203
648 203
647 202
646 202
645 201
644 201
643 200
642 200
641 199
640 199
639 198
638 198
637 198
636 197
635 197
634 196
633 196
632 196
631 195
630 195
629 194
628 194
627 194
626 193
625 193
624 192
623 192
622 192
621 191
620 191
619 191
618 190
617 190
616 190
615 189
614 189
613 189
612 189
611 188
610 188
609 188
608 188
607 187
606 187
605 187
604 186
603 186
602 186
601 186
600 186
599 185
598 185
597 185
596 185
595 184
594 184
593 184
592 184
591 184
590 183
589 183
588 183
587 183
586 183
585 183
584 182
583 182
582 182
581 182
580 182
579 182
578 182
577 181
576 181
575 181
574 181
573 181
572 181
571 181
570 181
569 181
568 180
567 180
566 180
565 180
564 180
563 180
562 180
561 180
560 180
559 180
558 180
557 180
556 180
555 180
554 180
553 180
552 180
551 180
550 180
549 180
548 180
547 180
546 180
545 180
544 180
543 180
542 180
541 180
540 180
539 180
538 180
537 180
536 180
535 180
534 180
533 180
532 180
531 180
530 180
