465 217
464 218
463 218
462 218
461 219
460 219
459 220
458 221
457 222
457 223
456 224
456 225
455 226
455 227
455 228
455 229
455 230
455 231
455 232
455 233
455 234
455 235
455 236
455 237
455 238
455 239
455 240
455 241
455 242
455 243
455 244
455 245
455 246
455 247
455 248
455 249
455 250
455 251
455 252
455 253
455 254
455 255
455 256
455 257
455 258
455 259
455 260
455 261
455 262
455 263
455 264
455 265
455 266
455 267
455 268
455 269
455 270
455 271
455 272
455 273
455 274
455 275
455 276
455 277
455 278
455 279
455 280
455 281
455 282
455 283
455 284
455 285
455 286
455 287
455 288
455 289
455 290
455 291
455 292
455 293
455 294
455 295
455 296
455 297
455 298
455 299
455 300
455 301
455 302
455 303
455 304
455 305
455 306
455 307
455 308
455 309
455 310
455 311
455 312
455 313
455 314
455 315
455 316
455 317
455 318
455 319
455 320
455 321
455 322
455 323
455 324
455 325
455 326
455 327
455 328
455 329
455 330
455 331
455 332
455 333
455 334
455 335
455 336
455 337
455 338
455 339
455 340
455 341
455 342
455 343
455 344
455 345
455 346
455 347
455 348
455 349
455 350
455 351
455 352
455 353
455 354
455 355
455 356
455 357
455 358
455 359
455 360
455 361
455 362
455 363
455 364
455 365
455 366
455 367
455 368
455 369
455 370
455 371
455 372
455 373
455 374
455 375
455 376
455 377
455 378
455 379
455 380
455 381
455 382
455 383
455 384
455 385
455 386
455 387
455 388
455 389
455 390
455 391
455 392
455 393
455 394
455 395
455 396
455 397
455 398
455 399
455 400
455 401
455 402
455 403
455 404
455 405
455 406
455 407
455 408
455 409
455 410
455 411
455 412
455 413
455 414
455 415
455 416
455 417
455 418
455 419
455 420
455 421
455 422
455 423
455 424
455 425
455 426
455 427
455 428
455 429
455 430
455 431
455 432
455 433
455 434
455 435
455 436
455 437
455 438
455 439
455 440
455 441
455 442
455 443
455 444
455 445
455 446
455 447
455 448
455 449
455 450
455 451
455 452
455 453
455 454
455 455
455 456
455 457
455 458
455 459
455 460
455 461
455 462
455 463
455 464
455 465
455 466
455 467
455 468
455 469
455 470
455 471
455 472
455 473
455 474
455 475
455 476
455 477
455 478
455 479
455 480
455 481
455 482
455 483
455 484
455 485
455 486
455 487
455 488
455 489
455 490
455 491
455 492
455 493
455 494
455 495
455 496
455 497
455 498
455 499
455 500
455 501
455 502
455 503
455 504
455 505
455 506
455 507
455 508
455 509
455 510
455 511
455 512
455 513
455 514
455 515
455 516
455 517
455 518
455 519
455 520
455 521
455 522
455 523
455 524
455 525
455 526
455 527
455 528
455 529
455 530
455 531
455 532
455 533
455 534
455 535
455 536
455 537
455 538
455 539
455 540
455 541
455 542
455 543
455 544
455 545
455 546
455 547
455 548
455 549
455 550
455 551
455 552
455 553
455 554
455 555
455 556
455 557
455 558
455 559
455 560
455 561
455 562
455 563
455 564
455 565
455 566
455 567
455 568
455 569
455 570
456 571
456 572
456 573
457 574
457 575
458 576
459 577
460 577
461 578
462 578
463 579
464 579
465 579
466 580
467 580
468 580
469 580
470 580
471 580
472 579
473 579
474 579
475 578
476 577
477 576
478 575
479 574
480 573
480 572
481 571
481 570
482 569
483 568
483 567
483 566
484 565
484 564
484 563
485 562
485 561
485 560
485 559
485 558
486 557
486 556
487 555
488 554
489 553
490 552
491 551
491 550
492 549
493 548
494 547
495 546
496 545
497 544
498 543
499 542
500 541
501 540
501 539
502 538
503 537
504 536
505 535
506 534
507 533
508 532
509 531
510 530
511 529
511 528
512 527
513 526
514 525
515 524
516 523
517 522
518 521
519 520
520 519
521 518
522 517
522 516
523 515
524 514
525 513
526 512
527 511
528 510
529 509
530 508
531 507
532 506
532 505
533 504
534 503
535 502
536 501
537 500
538 499
539 498
540 497
541 496
542 495
542 494
543 493
544 492
545 491
546 490
547 489
548 488
549 487
550 486
551 485
552 484
552 483
553 482
554 481
555 480
556 479
557 478
558 477
559 476
560 475
561 474
562 473
563 472
563 471
564 470
565 469
566 468
567 467
568 466
569 465
570 464
571 463
572 462
573 461
573 460
574 459
575 458
576 457
577 456
578 455
579 454
580 453
581 452
582 453
583 453
584 453
585 453
586 453
587 453
588 453
589 453
590 453
591 452
592 451
592 450
593 449
593 448
593 447
593 446
593 445
593 444
593 443
593 442
593 441
593 440
593 439
593 438
593 437
593 436
593 435
593 434
593 433
593 432
593 431
593 430
593 429
593 428
593 427
593 426
593 425
593 424
593 423
593 422
593 421
593 420
593 419
593 418
593 417
593 416
593 415
593 414
593 413
593 412
593 411
593 410
593 409
593 408
593 407
593 406
593 405
593 404
593 403
593 402
593 401
593 400
593 399
593 398
593 397
593 396
593 395
593 394
593 393
593 392
593 391
593 390
593 389
593 388
593 387
593 386
593 385
593 384
593 383
593 382
593 381
593 380
593 379
593 378
593 377
593 376
593 375
593 374
593 373
593 372
593 371
593 370
593 369
593 368
593 367
593 366
593 365
593 364
593 363
593 362
593 361
593 360
593 359
593 358
593 357
593 356
593 355
593 354
593 353
593 352
593 351
593 350
593 349
593 348
592 347
592 346
591 345
590 344
589 344
588 343
587 343
586 343
585 343
584 344
583 344
582 344
581 344
580 344
579 343
578 342
577 341
576 340
576 339
575 338
574 337
573 336
572 335
571 334
570 333
569 332
568 331
567 330
566 329
565 328
565 327
564 326
563 325
562 324
561 323
560 322
559 321
558 320
557 319
556 318
555 317
555 316
554 315
553 314
552 313
551 312
550 311
549 310
548 309
547 308
546 307
545 306
545 305
544 304
543 303
542 302
541 301
540 300
539 299
538 298
537 297
536 296
535 295
535 294
534 293
533 292
532 291
531 290
530 289
529 288
528 287
527 286
526 285
525 284
524 283
524 282
523 281
522 280
521 279
520 278
519 277
518 276
517 275
516 274
515 273
514 272
514 271
513 270
512 269
511 268
510 267
509 266
508 265
507 264
506 263
505 262
504 261
504 260
503 259
502 258
501 257
500 256
499 255
498 254
497 253
496 252
495 251
494 250
494 249
493 248
492 247
491 246
490 245
489 244
488 243
487 242
487 241
486 240
486 239
485 238
485 237
485 236
485 235
484 234
484 233
484 232
484 231
483 230
483 229
482 228
482 227
481 226
481 225
480 224
479 223
478 222
478 221
477 220
476 219
475 219
474 218
473 218
472 217
471 217
470 217
469 217
468 217
467 217
466 217
465 217
