507 187
506 188
505 188
504 188
503 188
502 188
501 188
500 188
499 189
498 189
497 189
496 190
495 191
495 192
494 193
494 194
494 195
494 196
494 197
494 198
494 199
493 200
493 201
493 202
493 203
493 204
493 205
493 206
493 207
493 208
493 209
493 210
493 211
493 212
493 213
493 214
493 215
493 216
493 217
493 218
493 219
493 220
493 221
493 222
493 223
493 224
493 225
493 226
493 227
493 228
493 229
493 230
493 231
493 232
493 233
493 234
493 235
493 236
493 237
493 238
493 239
493 240
493 241
493 242
493 243
493 244
493 245
493 246
493 247
493 248
493 249
493 250
493 251
493 252
493 253
493 254
493 255
493 256
493 257
493 258
493 259
493 260
493 261
493 262
493 263
493 264
493 265
493 266
493 267
493 268
493 269
493 270
493 271
493 272
493 273
493 274
493 275
493 276
493 277
493 278
493 279
493 280
493 281
493 282
493 283
493 284
493 285
493 286
493 287
493 288
493 289
493 290
493 291
493 292
493 293
493 294
493 295
493 296
493 297
493 298
493 299
493 300
493 301
493 302
493 303
493 304
493 305
493 306
493 307
493 308
493 309
493 310
493 311
493 312
493 313
493 314
493 315
493 316
493 317
493 318
493 319
493 320
493 321
493 322
493 323
493 324
493 325
493 326
493 327
493 328
493 329
493 330
493 331
493 332
493 333
493 334
493 335
493 336
493 337
493 338
493 339
493 340
493 341
493 342
493 343
493 344
493 345
493 346
493 347
493 348
493 349
493 350
493 351
493 352
493 353
493 354
493 355
493 356
493 357
493 358
493 359
493 360
493 361
493 362
493 363
493 364
493 365
493 366
493 367
493 368
493 369
493 370
493 371
493 372
493 373
493 374
493 375
493 376
493 377
493 378
493 379
493 380
493 381
493 382
493 383
493 384
493 385
493 386
493 387
493 388
493 389
493 390
493 391
493 392
493 393
493 394
493 395
493 396
493 397
493 398
493 399
493 400
493 401
493 402
493 403
493 404
493 405
493 406
493 407
493 408
493 409
493 410
493 411
493 412
493 413
493 414
493 415
493 416
493 417
493 418
493 419
493 420
493 421
493 422
493 423
493 424
493 425
493 426
493 427
493 428
493 429
493 430
493 431
493 432
493 433
493 434
493 435
493 436
493 437
493 438
493 439
493 440
493 441
493 442
493 443
493 444
493 445
493 446
493 447
493 448
493 449
493 450
493 451
493 452
493 453
493 454
493 455
493 456
493 457
493 458
493 459
493 460
493 461
493 462
493 463
493 464
493 465
493 466
493 467
493 468
493 469
493 470
493 471
493 472
493 473
493 474
493 475
493 476
493 477
493 478
493 479
493 480
493 481
493 482
493 483
493 484
493 485
493 486
493 487
493 488
493 489
493 490
493 491
493 492
493 493
493 494
493 495
493 496
493 497
493 498
493 499
493 500
493 501
493 502
493 503
493 504
493 505
493 506
493 507
493 508
493 509
493 510
493 511
493 512
493 513
493 514
493 515
493 516
493 517
493 518
493 519
493 520
493 521
493 522
493 523
493 524
493 525
493 526
493 527
493 528
493 529
493 530
493 531
493 532
493 533
493 534
493 535
493 536
493 537
493 538
493 539
493 540
493 541
493 542
493 543
493 544
493 545
493 546
493 547
493 548
493 549
493 550
493 551
493 552
493 553
493 554
493 555
493 556
493 557
493 558
493 559
493 560
493 561
493 562
493 563
493 564
493 565
493 566
493 567
493 568
493 569
493 570
493 571
493 572
493 573
493 574
493 575
493 576
493 577
493 578
493 579
493 580
493 581
493 582
493 583
493 584
493 585
493 586
493 587
493 588
493 589
493 590
493 591
493 592
493 593
493 594
493 595
493 596
493 597
493 598
493 599
493 600
493 601
494 602
494 603
494 604
494 605
494 606
494 607
495 608
495 609
495 610
496 611
497 612
498 612
499 612
500 612
501 613
502 613
503 613
504 613
505 613
506 613
507 613
508 613
509 613
510 613
511 613
512 613
513 613
514 613
515 613
516 613
517 613
518 613
519 613
520 613
521 613
522 613
523 612
524 612
525 611
526 610
526 609
526 608
526 607
525 606
525 605
524 604
523 603
522 602
521 601
520 600
519 599
519 598
519 597
519 596
520 595
520 594
520 593
520 592
521 591
521 590
521 589
522 588
522 587
522 586
523 585
523 584
524 583
524 582
524 581
525 580
525 579
525 578
526 577
526 576
527 575
527 574
527 573
528 572
528 571
529 570
529 569
529 568
530 567
530 566
530 565
531 564
531 563
531 562
532 561
532 560
533 559
533 558
533 557
534 556
534 555
534 554
535 553
535 552
535 551
536 550
536 549
537 548
537 547
537 546
538 545
538 544
538 543
539 542
539 541
539 540
540 539
540 538
540 537
541 536
541 535
541 534
542 533
542 532
542 531
543 530
543 529
543 528
543 527
544 526
544 525
544 524
545 523
545 522
545 521
546 520
546 519
546 518
547 517
547 516
547 515
547 514
548 513
548 512
548 511
549 510
549 509
549 508
549 507
550 506
550 505
550 504
551 503
551 502
551 501
551 500
552 499
552 498
552 497
552 496
553 495
553 494
553 493
554 492
554 491
554 490
554 489
555 488
555 487
555 486
555 485
556 484
556 483
556 482
556 481
557 480
557 479
557 478
557 477
558 476
558 475
558 474
558 473
559 472
559 471
559 470
559 469
559 468
560 467
560 466
560 465
560 464
561 463
561 462
561 461
561 460
561 459
562 458
562 457
562 456
562 455
563 454
563 453
563 452
563 451
563 450
564 449
564 448
564 447
565 446
566 446
567 446
568 445
569 445
570 444
571 443
572 442
572 441
573 440
573 439
573 438
573 437
573 436
572 435
572 434
571 433
570 432
569 431
568 431
567 430
566 430
565 429
566 428
566 427
566 426
566 425
566 424
566 423
566 422
566 421
566 420
566 419
566 418
567 417
567 416
567 415
567 414
567 413
567 412
567 411
567 410
567 409
567 408
567 407
567 406
567 405
567 404
567 403
567 402
567 401
567 400
567 399
567 398
567 397
567 396
567 395
567 394
567 393
567 392
567 391
567 390
567 389
567 388
567 387
567 386
567 385
567 384
566 383
566 382
566 381
566 380
566 379
566 378
566 377
566 376
566 375
566 374
566 373
565 372
566 371
567 370
568 370
569 370
570 369
571 368
572 367
572 366
572 365
573 364
573 363
573 362
573 361
572 360
572 359
571 358
570 357
569 356
568 356
567 355
566 355
565 354
564 353
564 352
563 351
563 350
563 349
563 348
563 347
562 346
562 345
562 344
562 343
562 342
561 341
561 340
561 339
561 338
560 337
560 336
560 335
560 334
559 333
559 332
559 331
559 330
559 329
558 328
558 327
558 326
558 325
557 324
557 323
557 322
557 321
556 320
556 319
556 318
556 317
555 316
555 315
555 314
555 313
554 312
554 311
554 310
554 309
553 308
553 307
553 306
553 305
552 304
552 303
552 302
551 301
551 300
551 299
551 298
550 297
550 296
550 295
549 294
549 293
549 292
549 291
548 290
548 289
548 288
547 287
547 286
547 285
547 284
546 283
546 282
546 281
545 280
545 279
545 278
544 277
544 276
544 275
543 274
543 273
543 272
542 271
542 270
542 269
542 268
541 267
541 266
541 265
540 264
540 263
540 262
539 261
539 260
539 259
538 258
538 257
538 256
537 255
537 254
537 253
536 252
536 251
535 250
535 249
535 248
534 247
534 246
534 245
533 244
533 243
533 242
532 241
532 240
531 239
531 238
531 237
530 236
530 235
530 234
529 233
529 232
529 231
528 230
528 229
527 228
527 227
527 226
526 225
526 224
526 223
525 222
525 221
524 220
524 219
524 218
523 217
523 216
523 215
522 214
522 213
521 212
521 211
521 210
520 209
520 208
520 207
520 206
519 205
519 204
519 203
519 202
520 201
520 200
521 199
522 199
523 198
524 197
524 196
525 195
525 194
526 193
526 192
526 191
525 190
524 189
523 188
522 188
521 188
520 188
519 188
518 188
517 188
516 188
515 188
514 188
513 187
512 187
511 187
510 187
509 187
508 187
507 187
