498 277
497 278
496 278
495 278
494 278
493 279
492 279
491 280
490 280
489 280
488 281
487 281
486 282
485 283
484 283
483 284
482 284
481 285
480 286
479 286
478 287
477 288
476 289
475 289
474 290
473 291
472 292
471 293
470 294
469 295
468 296
468 297
467 298
466 299
465 300
465 301
464 302
464 303
463 304
463 305
462 306
462 307
462 308
462 309
462 310
462 311
462 312
462 313
462 314
462 315
462 316
462 317
462 318
462 319
462 320
462 321
462 322
462 323
462 324
462 325
462 326
462 327
462 328
462 329
462 330
462 331
462 332
462 333
462 334
462 335
462 336
462 337
462 338
462 339
462 340
462 341
462 342
462 343
462 344
462 345
462 346
462 347
462 348
462 349
462 350
462 351
462 352
462 353
462 354
462 355
462 356
462 357
462 358
462 359
462 360
462 361
462 362
462 363
462 364
462 365
462 366
462 367
462 368
462 369
462 370
462 371
462 372
462 373
462 374
462 375
462 376
462 377
462 378
462 379
462 380
462 381
462 382
462 383
462 384
462 385
462 386
462 387
462 388
462 389
462 390
462 391
462 392
462 393
462 394
462 395
462 396
462 397
462 398
462 399
461 400
461 401
462 402
462 403
462 404
462 405
462 406
462 407
462 408
462 409
462 410
462 411
462 412
462 413
462 414
462 415
462 416
462 417
462 418
462 419
462 420
462 421
462 422
462 423
462 424
462 425
462 426
462 427
462 428
462 429
462 430
462 431
462 432
462 433
462 434
462 435
462 436
462 437
462 438
462 439
462 440
462 441
462 442
462 443
462 444
462 445
462 446
462 447
462 448
462 449
462 450
462 451
462 452
462 453
462 454
462 455
462 456
462 457
462 458
462 459
462 460
462 461
462 462
462 463
462 464
462 465
462 466
462 467
462 468
462 469
462 470
462 471
462 472
462 473
462 474
462 475
462 476
462 477
462 478
462 479
462 480
462 481
462 482
462 483
462 484
462 485
462 486
462 487
462 488
462 489
462 490
462 491
462 492
462 493
462 494
462 495
462 496
463 497
463 498
464 499
465 500
465 501
466 502
467 503
467 504
468 505
469 506
470 507
471 508
472 509
473 510
474 511
475 512
476 513
477 514
478 514
479 515
480 516
481 516
482 517
483 518
484 518
485 519
486 519
487 520
488 520
489 521
490 521
491 522
492 522
493 523
494 523
495 523
496 523
497 524
498 524
499 524
500 524
501 524
502 524
503 524
504 523
505 523
506 523
507 522
508 522
509 521
510 520
511 519
512 519
513 518
514 517
515 516
516 515
517 514
518 513
519 512
520 511
521 510
522 509
523 508
524 507
525 506
526 505
527 504
528 503
528 502
529 501
530 500
531 499
531 498
532 497
533 496
533 495
534 494
535 493
535 492
536 491
537 490
537 489
538 488
538 487
539 486
540 485
540 484
541 483
541 482
542 481
542 480
543 479
543 478
544 477
544 476
545 475
545 474
546 473
546 472
546 471
547 470
547 469
548 468
548 467
548 466
549 465
549 464
550 463
550 462
550 461
550 460
551 459
551 458
552 457
552 456
552 455
552 454
553 453
553 452
553 451
554 450
554 449
554 448
554 447
555 446
555 445
555 444
555 443
555 442
556 441
556 440
556 439
556 438
557 437
557 436
557 435
557 434
557 433
557 432
558 431
558 430
558 429
558 428
558 427
558 426
558 425
559 424
559 423
559 422
559 421
559 420
559 419
559 418
559 417
559 416
559 415
559 414
560 413
560 412
560 411
560 410
560 409
560 408
560 407
560 406
560 405
560 404
560 403
560 402
560 401
560 400
560 399
560 398
560 397
560 396
560 395
560 394
560 393
560 392
560 391
560 390
560 389
559 388
559 387
559 386
559 385
559 384
559 383
559 382
559 381
559 380
559 379
559 378
558 377
558 376
558 375
558 374
558 373
558 372
558 371
558 370
557 369
557 368
557 367
557 366
557 365
556 364
556 363
556 362
556 361
556 360
555 359
555 358
555 357
555 356
555 355
554 354
554 353
554 352
553 351
553 350
553 349
553 348
552 347
552 346
552 345
551 344
551 343
551 342
550 341
550 340
550 339
549 338
549 337
549 336
548 335
548 334
547 333
547 332
547 331
546 330
546 329
545 328
545 327
544 326
544 325
543 324
543 323
543 322
542 321
542 320
541 319
540 318
540 317
539 316
539 315
538 314
538 313
537 312
536 311
536 310
535 309
535 308
534 307
533 306
533 305
532 304
531 303
530 302
530 301
529 300
528 299
527 298
526 297
526 296
525 295
524 294
523 293
522 292
521 291
520 290
519 289
518 288
517 287
516 286
515 285
514 284
513 283
512 283
511 282
510 281
509 280
508 279
507 279
506 279
505 278
504 278
503 278
502 278
501 277
500 277
499 277
498 277
