510 227
509 228
508 228
507 229
506 229
505 230
504 231
503 232
502 233
502 234
501 235
500 236
499 237
498 238
497 239
497 240
496 241
495 242
495 243
494 244
493 245
493 246
492 247
491 248
491 249
490 250
490 251
489 252
488 253
488 254
487 255
487 256
486 257
486 258
485 259
484 260
484 261
483 262
483 263
482 264
482 265
481 266
481 267
481 268
480 269
480 270
479 271
479 272
479 273
479 274
479 275
479 276
479 277
479 278
479 279
479 280
479 281
479 282
479 283
479 284
479 285
479 286
479 287
479 288
479 289
479 290
479 291
479 292
479 293
479 294
479 295
479 296
479 297
479 298
479 299
479 300
479 301
479 302
479 303
479 304
479 305
479 306
479 307
479 308
479 309
479 310
479 311
479 312
479 313
479 314
479 315
479 316
479 317
479 318
479 319
479 320
479 321
479 322
479 323
479 324
479 325
479 326
479 327
479 328
479 329
479 330
479 331
479 332
479 333
479 334
479 335
479 336
479 337
479 338
479 339
479 340
479 341
479 342
479 343
479 344
479 345
479 346
479 347
479 348
479 349
479 350
479 351
479 352
479 353
479 354
479 355
479 356
479 357
479 358
479 359
479 360
479 361
479 362
479 363
479 364
479 365
479 366
479 367
479 368
479 369
479 370
479 371
479 372
479 373
479 374
479 375
479 376
479 377
479 378
479 379
479 380
479 381
479 382
479 383
479 384
479 385
479 386
479 387
479 388
479 389
479 390
479 391
479 392
479 393
479 394
479 395
479 396
479 397
479 398
479 399
479 400
479 401
479 402
479 403
479 404
479 405
479 406
479 407
479 408
479 409
479 410
479 411
479 412
479 413
479 414
479 415
479 416
479 417
479 418
479 419
479 420
479 421
479 422
479 423
479 424
479 425
479 426
479 427
479 428
479 429
479 430
479 431
479 432
479 433
479 434
479 435
479 436
479 437
479 438
479 439
479 440
479 441
479 442
479 443
479 444
479 445
479 446
479 447
479 448
479 449
479 450
479 451
479 452
479 453
479 454
479 455
479 456
479 457
479 458
479 459
479 460
479 461
479 462
479 463
479 464
479 465
479 466
479 467
479 468
479 469
479 470
479 471
479 472
479 473
479 474
479 475
479 476
479 477
479 478
479 479
479 480
479 481
479 482
479 483
479 484
479 485
479 486
479 487
479 488
479 489
479 490
479 491
479 492
479 493
479 494
479 495
479 496
479 497
479 498
479 499
479 500
479 501
479 502
479 503
479 504
479 505
479 506
479 507
479 508
479 509
479 510
479 511
479 512
479 513
479 514
479 515
479 516
479 517
479 518
479 519
479 520
479 521
479 522
479 523
479 524
479 525
479 526
479 527
479 528
479 529
479 530
479 531
479 532
479 533
479 534
479 535
479 536
479 537
479 538
479 539
479 540
479 541
479 542
479 543
479 544
479 545
479 546
479 547
479 548
479 549
479 550
480 551
480 552
481 553
481 554
481 555
482 556
482 557
483 558
483 559
484 560
484 561
485 562
485 563
486 564
486 565
487 566
488 567
488 568
489 569
489 570
490 571
491 572
491 573
492 574
492 575
493 576
494 577
494 578
495 579
496 580
497 581
497 582
498 583
499 584
500 585
500 586
501 587
502 588
503 589
504 590
505 591
506 592
507 593
508 593
509 594
510 594
511 594
512 594
513 593
514 593
515 593
516 592
517 591
518 591
519 590
520 590
521 589
522 589
523 588
524 588
525 587
526 587
527 586
528 585
529 585
530 584
531 584
532 583
533 582
534 582
535 581
536 581
537 580
538 579
539 579
540 578
541 577
542 577
543 576
544 575
545 575
546 574
547 573
548 573
549 572
550 571
551 570
552 570
553 569
554 568
555 567
556 567
557 566
558 565
559 564
560 563
561 563
562 562
563 561
564 560
565 559
566 558
567 557
568 557
569 556
570 555
571 554
572 553
573 552
574 551
575 550
576 549
577 548
578 547
579 546
580 545
581 544
582 543
583 542
584 541
585 540
586 539
587 538
588 537
588 536
589 535
590 534
591 533
592 532
593 531
593 530
594 529
595 528
596 527
597 526
597 525
598 524
599 523
600 522
600 521
601 520
602 519
602 518
603 517
604 516
605 515
605 514
606 513
606 512
607 511
608 510
608 509
609 508
610 507
610 506
611 505
611 504
612 503
613 502
613 501
614 500
614 499
615 498
615 497
616 496
616 495
617 494
617 493
618 492
618 491
619 490
619 489
620 488
620 487
621 486
621 485
622 484
622 483
622 482
623 481
623 480
624 479
624 478
624 477
625 476
625 475
626 474
626 473
626 472
627 471
627 470
627 469
628 468
628 467
628 466
629 465
629 464
629 463
630 462
630 461
630 460
630 459
631 458
631 457
631 456
632 455
632 454
632 453
632 452
633 451
633 450
633 449
633 448
633 447
634 446
634 445
634 444
634 443
634 442
635 441
635 440
635 439
635 438
635 437
635 436
635 435
636 434
636 433
636 432
636 431
636 430
636 429
636 428
636 427
636 426
637 425
637 424
637 423
637 422
637 421
637 420
637 419
637 418
637 417
637 416
637 415
637 414
637 413
637 412
637 411
637 410
637 409
637 408
637 407
637 406
637 405
637 404
637 403
637 402
637 401
637 400
637 399
637 398
637 397
637 396
636 395
636 394
636 393
636 392
636 391
636 390
636 389
636 388
636 387
635 386
635 385
635 384
635 383
635 382
635 381
634 380
634 379
634 378
634 377
634 376
634 375
633 374
633 373
633 372
633 371
632 370
632 369
632 368
632 367
631 366
631 365
631 364
631 363
630 362
630 361
630 360
629 359
629 358
629 357
629 356
628 355
628 354
628 353
627 352
627 351
627 350
626 349
626 348
625 347
625 346
625 345
624 344
624 343
624 342
623 341
623 340
622 339
622 338
621 337
621 336
621 335
620 334
620 333
619 332
619 331
618 330
618 329
617 328
617 327
616 326
616 325
615 324
615 323
614 322
613 321
613 320
612 319
612 318
611 317
611 316
610 315
609 314
609 313
608 312
608 311
607 310
606 309
606 308
605 307
604 306
604 305
603 304
602 303
602 302
601 301
600 300
599 299
599 298
598 297
597 296
596 295
596 294
595 293
594 292
593 291
592 290
592 289
591 288
590 287
589 286
588 285
587 284
586 283
585 282
585 281
584 280
583 279
582 278
581 277
580 276
579 275
578 274
577 273
576 272
575 271
574 270
573 269
572 268
571 267
570 266
569 266
568 265
567 264
566 263
565 262
564 261
563 260
562 260
561 259
560 258
559 257
558 256
557 256
556 255
555 254
554 253
553 252
552 252
551 251
550 250
549 250
548 249
547 248
546 247
545 247
544 246
543 245
542 245
541 244
540 243
539 243
538 242
537 241
536 241
535 240
534 240
533 239
532 238
531 238
530 237
529 236
528 236
527 235
526 235
525 234
524 234
523 233
522 233
521 232
520 231
519 231
518 230
517 230
516 229
515 229
514 228
513 228
512 228
511 228
510 227
