471 205
470 206
469 206
468 206
467 207
466 208
465 208
464 209
463 210
462 211
462 212
461 213
460 214
459 215
458 216
458 217
457 218
456 219
455 220
455 221
454 222
453 223
453 224
452 225
452 226
451 227
450 228
450 229
449 230
449 231
448 232
448 233
447 234
447 235
446 236
446 237
445 238
445 239
444 240
444 241
444 242
443 243
443 244
442 245
442 246
442 247
441 248
441 249
440 250
440 251
440 252
439 253
439 254
439 255
438 256
438 257
438 258
438 259
438 260
438 261
438 262
438 263
438 264
438 265
438 266
438 267
438 268
438 269
438 270
438 271
438 272
438 273
438 274
438 275
438 276
438 277
438 278
438 279
438 280
438 281
438 282
438 283
438 284
438 285
438 286
438 287
438 288
438 289
438 290
438 291
438 292
438 293
438 294
438 295
438 296
438 297
438 298
438 299
438 300
438 301
438 302
438 303
438 304
438 305
438 306
438 307
438 308
438 309
438 310
438 311
438 312
438 313
438 314
438 315
438 316
438 317
438 318
438 319
438 320
438 321
438 322
438 323
438 324
438 325
438 326
438 327
438 328
438 329
438 330
438 331
438 332
438 333
438 334
438 335
438 336
438 337
438 338
438 339
438 340
438 341
438 342
438 343
438 344
438 345
438 346
438 347
438 348
438 349
438 350
438 351
438 352
438 353
438 354
438 355
438 356
438 357
438 358
438 359
438 360
438 361
438 362
438 363
438 364
438 365
438 366
438 367
438 368
438 369
438 370
438 371
438 372
438 373
438 374
438 375
438 376
438 377
438 378
438 379
438 380
438 381
438 382
438 383
438 384
438 385
438 386
438 387
438 388
438 389
438 390
438 391
438 392
438 393
438 394
438 395
438 396
438 397
438 398
438 399
438 400
438 401
438 402
438 403
438 404
438 405
438 406
438 407
438 408
438 409
438 410
438 411
438 412
438 413
438 414
438 415
438 416
438 417
438 418
438 419
438 420
438 421
438 422
438 423
438 424
438 425
438 426
438 427
438 428
438 429
438 430
438 431
438 432
438 433
438 434
438 435
438 436
438 437
438 438
438 439
438 440
438 441
438 442
438 443
438 444
438 445
438 446
438 447
438 448
438 449
438 450
438 451
438 452
438 453
438 454
438 455
438 456
438 457
438 458
438 459
438 460
438 461
438 462
438 463
438 464
438 465
438 466
438 467
438 468
438 469
438 470
438 471
438 472
438 473
438 474
438 475
438 476
438 477
438 478
438 479
438 480
438 481
438 482
438 483
438 484
438 485
438 486
438 487
438 488
438 489
438 490
438 491
438 492
438 493
438 494
438 495
438 496
438 497
438 498
438 499
438 500
438 501
438 502
438 503
438 504
438 505
438 506
438 507
438 508
438 509
438 510
438 511
438 512
438 513
438 514
438 515
438 516
438 517
438 518
438 519
438 520
438 521
438 522
438 523
438 524
438 525
438 526
438 527
438 528
438 529
438 530
438 531
438 532
438 533
438 534
438 535
438 536
438 537
438 538
438 539
438 540
438 541
438 542
438 543
438 544
438 545
438 546
438 547
438 548
439 549
439 550
439 551
440 552
440 553
440 554
441 555
441 556
442 557
442 558
442 559
443 560
443 561
444 562
444 563
444 564
445 565
445 566
446 567
446 568
447 569
447 570
448 571
448 572
449 573
449 574
450 575
450 576
451 577
451 578
452 579
453 580
453 581
454 582
455 583
455 584
456 585
457 586
457 587
458 588
459 589
460 590
461 591
461 592
462 593
463 594
464 595
465 596
466 597
467 597
468 598
469 598
470 599
471 599
472 599
473 598
474 598
475 597
476 596
476 595
476 594
477 593
477 592
477 591
477 590
477 589
477 588
477 587
477 586
476 585
476 584
476 583
476 582
477 581
478 580
478 579
479 578
480 577
481 576
482 575
482 574
483 573
484 572
485 571
486 570
486 569
487 568
488 567
489 566
489 565
490 564
491 563
492 562
492 561
493 560
494 559
495 558
495 557
496 556
497 555
497 554
498 553
499 552
499 551
500 550
501 549
501 548
502 547
503 546
503 545
504 544
505 543
505 542
506 541
507 540
507 539
508 538
509 537
509 536
510 535
510 534
511 533
511 532
512 531
513 530
513 529
514 528
514 527
515 526
515 525
516 524
517 523
517 522
518 521
518 520
519 519
519 518
520 517
520 516
521 515
521 514
522 513
522 512
523 511
523 510
524 509
524 508
525 507
525 506
526 505
526 504
526 503
527 502
527 501
528 500
528 499
529 498
529 497
529 496
530 495
530 494
531 493
531 492
531 491
532 490
532 489
533 488
533 487
533 486
534 485
534 484
534 483
535 482
535 481
535 480
536 479
536 478
536 477
537 476
537 475
537 474
538 473
538 472
538 471
539 470
539 469
539 468
540 467
540 466
540 465
540 464
541 463
541 462
541 461
541 460
542 459
542 458
542 457
542 456
543 455
543 454
543 453
543 452
543 451
544 450
544 449
544 448
544 447
544 446
545 445
545 444
545 443
545 442
545 441
546 440
546 439
546 438
546 437
546 436
546 435
546 434
547 433
547 432
547 431
547 430
547 429
547 428
547 427
547 426
548 425
548 424
548 423
548 422
548 421
548 420
548 419
548 418
548 417
548 416
548 415
548 414
549 413
549 412
549 411
549 410
549 409
549 408
549 407
549 406
549 405
549 404
549 403
549 402
549 401
549 400
549 399
549 398
549 397
549 396
549 395
549 394
549 393
549 392
548 391
548 390
548 389
548 388
548 387
548 386
548 385
548 384
548 383
548 382
548 381
548 380
548 379
547 378
547 377
547 376
547 375
547 374
547 373
547 372
547 371
546 370
546 369
546 368
546 367
546 366
546 365
545 364
545 363
545 362
545 361
545 360
545 359
544 358
544 357
544 356
544 355
544 354
543 353
543 352
543 351
543 350
543 349
542 348
542 347
542 346
542 345
541 344
541 343
541 342
541 341
540 340
540 339
540 338
539 337
539 336
539 335
539 334
538 333
538 332
538 331
537 330
537 329
537 328
536 327
536 326
536 325
535 324
535 323
535 322
534 321
534 320
534 319
533 318
533 317
532 316
532 315
532 314
531 313
531 312
531 311
530 310
530 309
529 308
529 307
528 306
528 305
528 304
527 303
527 302
526 301
526 300
525 299
525 298
524 297
524 296
523 295
523 294
523 293
522 292
522 291
521 290
521 289
520 288
520 287
519 286
519 285
518 284
517 283
517 282
516 281
516 280
515 279
515 278
514 277
514 276
513 275
512 274
512 273
511 272
511 271
510 270
510 269
509 268
508 267
508 266
507 265
507 264
506 263
505 262
505 261
504 260
503 259
503 258
502 257
501 256
501 255
500 254
499 253
499 252
498 251
497 250
497 249
496 248
495 247
494 246
494 245
493 244
492 243
491 242
491 241
490 240
489 239
488 238
488 237
487 236
486 235
485 234
485 233
484 232
483 231
482 230
481 229
481 228
480 227
479 226
478 225
478 224
477 223
476 222
476 221
476 220
476 219
477 218
477 217
477 216
477 215
477 214
477 213
477 212
477 211
476 210
476 209
476 208
475 207
474 206
473 206
472 205
471 205
