532 355
531 356
530 356
529 356
528 356
527 356
526 356
525 356
524 356
523 357
522 357
521 357
520 357
519 357
518 358
517 358
516 358
515 358
514 359
513 359
512 359
511 360
510 360
509 360
508 361
507 361
506 361
505 362
504 362
503 363
502 363
501 363
500 364
499 365
498 365
497 366
496 366
495 367
494 367
493 368
492 369
491 369
490 370
489 371
488 371
487 372
486 373
485 373
484 374
483 375
482 375
481 376
480 377
479 378
478 378
477 379
476 380
475 380
474 380
473 380
472 380
471 380
470 380
469 380
468 379
467 379
466 378
465 378
464 377
463 377
462 377
461 377
460 377
460 378
459 379
459 380
459 381
459 382
459 383
459 384
459 385
459 386
459 387
459 388
459 389
459 390
459 391
459 392
459 393
459 394
459 395
459 396
459 397
459 398
459 399
459 400
459 401
459 402
459 403
459 404
459 405
459 406
459 407
459 408
459 409
459 410
459 411
459 412
459 413
459 414
459 415
459 416
459 417
459 418
459 419
459 420
459 421
459 422
459 423
459 424
459 425
459 426
459 427
459 428
459 429
459 430
459 431
459 432
459 433
459 434
459 435
459 436
459 437
459 438
459 439
459 440
459 441
459 442
459 443
459 444
459 445
459 446
459 447
459 448
459 449
459 450
459 451
459 452
459 453
459 454
459 455
459 456
459 457
460 458
461 459
462 459
463 459
464 458
465 458
466 457
467 457
468 456
469 456
470 456
471 455
472 455
473 455
474 455
475 455
476 456
477 457
478 457
479 458
480 459
481 459
482 460
483 461
484 462
485 462
486 463
487 464
488 464
489 465
490 466
491 466
492 467
493 468
494 468
495 469
496 469
497 470
498 471
499 471
500 472
501 472
502 473
503 473
504 473
505 474
506 474
507 475
508 475
509 475
510 476
511 476
512 476
513 477
514 477
515 477
516 478
517 478
518 478
519 478
520 478
521 479
522 479
523 479
524 479
525 479
526 480
527 480
528 480
529 480
530 480
531 480
532 480
533 480
534 480
535 480
536 480
537 480
538 480
539 480
540 480
541 480
542 480
543 480
544 480
545 480
546 479
547 479
548 479
549 479
550 478
551 478
552 478
553 478
554 477
555 477
556 476
557 476
558 475
559 475
560 474
561 474
562 473
563 472
564 471
565 471
566 470
567 469
568 468
569 467
570 466
571 465
572 464
572 463
573 462
574 461
575 460
576 459
576 458
577 457
578 456
578 455
579 454
579 453
580 452
580 451
581 450
581 449
582 448
582 447
583 446
583 445
583 444
584 443
584 442
584 441
585 440
585 439
585 438
586 437
586 436
586 435
586 434
586 433
587 432
587 431
587 430
587 429
587 428
587 427
587 426
588 425
588 424
588 423
588 422
588 421
588 420
588 419
588 418
588 417
588 416
588 415
588 414
588 413
588 412
588 411
587 410
587 409
587 408
587 407
587 406
587 405
587 404
586 403
586 402
586 401
586 400
586 399
585 398
585 397
585 396
585 395
584 394
584 393
584 392
583 391
583 390
582 389
582 388
582 387
581 386
581 385
580 384
580 383
579 382
578 381
578 380
577 379
576 378
576 377
575 376
574 375
574 374
573 373
572 372
571 371
570 370
569 369
568 368
567 367
566 366
565 365
564 364
563 363
562 363
561 362
560 361
559 361
558 360
557 360
556 359
555 359
554 358
553 358
552 358
551 357
550 357
549 357
548 357
547 356
546 356
545 356
544 356
543 356
542 356
541 356
540 355
539 355
538 355
537 355
536 355
535 355
534 355
533 355
532 355
