530 292
529 293
528 293
527 293
526 293
525 293
524 293
523 293
522 294
521 294
520 294
519 294
518 294
517 295
516 295
515 295
514 295
513 296
512 296
511 296
510 296
509 297
508 297
507 297
506 298
505 298
504 298
503 299
502 299
501 299
500 300
499 300
498 301
497 301
496 302
495 302
494 302
493 303
492 303
491 304
490 304
489 305
488 305
487 306
486 306
485 307
484 307
483 308
482 308
481 309
480 309
479 310
478 310
477 311
476 311
475 312
474 312
473 313
472 313
471 314
470 315
469 315
468 316
467 316
466 317
465 317
464 318
463 318
462 319
461 319
460 320
459 320
458 321
457 321
456 322
455 322
454 323
453 323
452 323
451 323
450 323
449 323
448 323
447 323
446 322
445 321
444 320
443 319
442 318
441 318
440 317
439 316
438 315
437 314
436 314
435 314
434 313
433 313
432 313
431 314
430 314
429 315
428 316
428 317
428 318
428 319
428 320
428 321
428 322
428 323
428 324
428 325
428 326
428 327
428 328
428 329
428 330
428 331
428 332
428 333
428 334
428 335
428 336
428 337
428 338
428 339
428 340
428 341
428 342
428 343
428 344
428 345
428 346
428 347
428 348
428 349
428 350
428 351
428 352
428 353
428 354
428 355
428 356
428 357
428 358
428 359
428 360
428 361
428 362
428 363
428 364
428 365
428 366
428 367
428 368
428 369
428 370
428 371
428 372
428 373
428 374
428 375
428 376
428 377
428 378
428 379
428 380
428 381
428 382
428 383
428 384
428 385
428 386
428 387
428 388
428 389
428 390
428 391
428 392
428 393
428 394
428 395
428 396
428 397
428 398
428 399
428 400
428 401
428 402
428 403
428 404
428 405
428 406
428 407
428 408
428 409
428 410
428 411
428 412
428 413
428 414
428 415
428 416
428 417
428 418
428 419
428 420
428 421
428 422
428 423
428 424
428 425
428 426
428 427
428 428
428 429
428 430
428 431
428 432
428 433
428 434
428 435
428 436
428 437
428 438
428 439
428 440
428 441
428 442
428 443
428 444
428 445
428 446
428 447
428 448
428 449
428 450
428 451
428 452
428 453
428 454
428 455
428 456
428 457
428 458
428 459
428 460
428 461
428 462
428 463
428 464
428 465
428 466
428 467
428 468
428 469
428 470
428 471
428 472
428 473
428 474
428 475
428 476
428 477
428 478
428 479
428 480
428 481
428 482
428 483
428 484
428 485
428 486
428 487
428 488
428 489
428 490
428 491
428 492
428 493
428 494
428 495
428 496
428 497
428 498
428 499
428 500
428 501
428 502
429 503
429 504
430 504
431 505
432 505
433 505
434 505
435 505
436 505
437 504
438 503
439 502
440 502
441 501
442 500
443 499
444 498
445 498
446 497
447 496
448 495
449 495
450 495
451 495
452 495
453 496
454 496
455 496
456 497
457 497
458 498
459 498
460 499
461 499
462 500
463 500
464 501
465 501
466 502
467 502
468 503
469 503
470 504
471 504
472 505
473 506
474 506
475 507
476 507
477 508
478 508
479 509
480 509
481 510
482 510
483 511
484 511
485 512
486 512
487 513
488 513
489 514
490 514
491 515
492 515
493 516
494 516
495 516
496 517
497 517
498 518
499 518
500 519
501 519
502 519
503 520
504 520
505 520
506 521
507 521
508 521
509 522
510 522
511 522
512 523
513 523
514 523
515 523
516 524
517 524
518 524
519 524
520 525
521 525
522 525
523 525
524 525
525 525
526 525
527 526
528 526
529 526
530 526
531 526
532 526
533 526
534 526
535 526
536 526
537 526
538 526
539 526
540 527
541 527
542 527
543 526
544 526
545 526
546 526
547 526
548 526
549 526
550 526
551 526
552 526
553 526
554 526
555 526
556 525
557 525
558 525
559 525
560 525
561 525
562 524
563 524
564 524
565 524
566 524
567 523
568 523
569 523
570 523
571 522
572 522
573 522
574 521
575 521
576 521
577 520
578 520
579 520
580 519
581 519
582 518
583 518
584 518
585 517
586 517
587 516
588 516
589 515
590 515
591 514
592 514
593 513
594 513
595 512
596 512
597 511
598 510
599 510
600 509
601 508
602 508
603 507
604 506
605 506
606 505
607 504
608 503
609 503
610 502
611 501
612 500
613 499
614 499
615 498
616 497
617 496
618 495
619 494
620 493
621 492
622 491
623 490
624 489
624 488
625 487
626 486
627 485
628 484
629 483
629 482
630 481
631 480
632 479
632 478
633 477
634 476
634 475
635 474
635 473
636 472
637 471
637 470
638 469
638 468
639 467
640 466
640 465
641 464
641 463
642 462
642 461
642 460
643 459
643 458
644 457
644 456
645 455
645 454
645 453
646 452
646 451
647 450
647 449
647 448
648 447
648 446
648 445
649 444
649 443
649 442
649 441
650 440
650 439
650 438
650 437
651 436
651 435
651 434
651 433
651 432
652 431
652 430
652 429
652 428
652 427
652 426
653 425
653 424
653 423
653 422
653 421
653 420
653 419
653 418
653 417
653 416
654 415
654 414
654 413
654 412
654 411
654 410
654 409
654 408
654 407
654 406
654 405
654 404
654 403
653 402
653 401
653 400
653 399
653 398
653 397
653 396
653 395
653 394
653 393
652 392
652 391
652 390
652 389
652 388
652 387
651 386
651 385
651 384
651 383
650 382
650 381
650 380
650 379
650 378
649 377
649 376
649 375
648 374
648 373
648 372
647 371
647 370
647 369
646 368
646 367
646 366
645 365
645 364
644 363
644 362
644 361
643 360
643 359
642 358
642 357
641 356
641 355
640 354
640 353
639 352
639 351
638 350
638 349
637 348
636 347
636 346
635 345
635 344
634 343
633 342
633 341
632 340
631 339
630 338
630 337
629 336
628 335
627 334
627 333
626 332
625 331
624 330
623 329
622 328
621 327
620 326
619 325
618 324
617 323
616 322
615 321
614 320
613 319
612 318
611 317
610 317
609 316
608 315
607 314
606 313
605 313
604 312
603 311
602 311
601 310
600 309
599 309
598 308
597 307
596 307
595 306
594 306
593 305
592 305
591 304
590 304
589 303
588 303
587 302
586 302
585 301
584 301
583 300
582 300
581 300
580 299
579 299
578 298
577 298
576 298
575 297
574 297
573 297
572 296
571 296
570 296
569 296
568 295
567 295
566 295
565 295
564 294
563 294
562 294
561 294
560 294
559 293
558 293
557 293
556 293
555 293
554 293
553 293
552 292
551 292
550 292
549 292
548 292
547 292
546 292
545 292
544 292
543 292
542 292
541 292
540 292
539 292
538 292
537 292
536 292
535 292
534 292
533 292
532 292
531 292
530 292
