512 302
511 303
510 303
509 303
508 304
507 304
506 304
505 305
504 305
503 306
502 306
501 307
500 307
499 307
498 308
497 308
496 309
495 309
494 309
493 310
492 310
491 311
490 311
489 312
488 312
487 312
486 313
485 313
484 314
483 314
482 314
481 315
480 315
479 316
478 316
477 317
476 317
475 317
474 318
473 318
472 319
471 319
470 319
469 320
468 320
467 321
466 321
465 322
464 322
463 323
462 324
462 325
462 326
462 327
462 328
462 329
462 330
462 331
462 332
462 333
462 334
462 335
462 336
462 337
462 338
462 339
462 340
462 341
462 342
462 343
462 344
462 345
462 346
462 347
462 348
462 349
462 350
462 351
462 352
462 353
462 354
462 355
462 356
462 357
462 358
462 359
462 360
462 361
462 362
462 363
462 364
462 365
462 366
462 367
462 368
462 369
462 370
462 371
462 372
462 373
462 374
462 375
462 376
462 377
462 378
462 379
462 380
462 381
462 382
462 383
462 384
462 385
462 386
462 387
462 388
462 389
462 390
462 391
462 392
462 393
462 394
462 395
462 396
462 397
462 398
462 399
462 400
462 401
462 402
462 403
462 404
462 405
462 406
462 407
462 408
462 409
462 410
462 411
462 412
462 413
462 414
462 415
462 416
462 417
462 418
462 419
462 420
462 421
462 422
462 423
462 424
462 425
462 426
462 427
462 428
462 429
462 430
462 431
462 432
462 433
462 434
462 435
462 436
462 437
462 438
462 439
462 440
462 441
462 442
462 443
462 444
462 445
462 446
462 447
462 448
462 449
462 450
462 451
462 452
462 453
462 454
462 455
462 456
462 457
462 458
462 459
462 460
462 461
462 462
462 463
462 464
462 465
462 466
462 467
462 468
462 469
462 470
462 471
462 472
462 473
462 474
462 475
462 476
462 477
462 478
462 479
462 480
462 481
462 482
462 483
462 484
462 485
462 486
462 487
462 488
462 489
462 490
462 491
462 492
462 493
462 494
462 495
462 496
462 497
462 498
463 499
464 500
465 500
466 500
467 501
468 501
469 502
470 502
471 503
472 503
473 503
474 504
475 504
476 505
477 505
478 505
479 506
480 506
481 507
482 507
483 508
484 508
485 508
486 509
487 509
488 510
489 510
490 510
491 511
492 511
493 512
494 512
495 513
496 513
497 513
498 514
499 514
500 515
501 515
502 515
503 516
504 516
505 517
506 517
507 518
508 518
509 518
510 519
511 519
512 519
513 519
514 519
515 519
516 519
517 519
518 518
519 518
520 517
521 517
522 516
523 516
524 515
525 515
526 514
527 514
528 513
529 513
530 512
531 511
532 511
533 510
534 510
535 509
536 508
537 508
538 507
539 506
540 506
541 505
542 504
543 504
544 503
545 502
546 501
547 500
548 500
549 499
550 498
551 497
552 496
553 495
554 494
555 493
556 492
557 491
558 490
559 489
560 488
561 487
562 486
563 485
564 484
564 483
565 482
566 481
567 480
568 479
568 478
569 477
570 476
570 475
571 474
572 473
572 472
573 471
574 470
574 469
575 468
575 467
576 466
577 465
577 464
578 463
578 462
579 461
579 460
580 459
580 458
581 457
581 456
581 455
582 454
582 453
583 452
583 451
583 450
584 449
584 448
584 447
585 446
585 445
585 444
586 443
586 442
586 441
587 440
587 439
587 438
587 437
588 436
588 435
588 434
588 433
588 432
589 431
589 430
589 429
589 428
589 427
589 426
590 425
590 424
590 423
590 422
590 421
590 420
590 419
590 418
590 417
590 416
590 415
590 414
590 413
590 412
591 411
591 410
590 409
590 408
590 407
590 406
590 405
590 404
590 403
590 402
590 401
590 400
590 399
590 398
590 397
590 396
589 395
589 394
589 393
589 392
589 391
589 390
588 389
588 388
588 387
588 386
588 385
587 384
587 383
587 382
586 381
586 380
586 379
586 378
585 377
585 376
585 375
584 374
584 373
584 372
583 371
583 370
582 369
582 368
582 367
581 366
581 365
580 364
580 363
579 362
579 361
578 360
578 359
577 358
577 357
576 356
576 355
575 354
575 353
574 352
573 351
573 350
572 349
571 348
571 347
570 346
569 345
569 344
568 343
567 342
566 341
566 340
565 339
564 338
563 337
562 336
561 335
561 334
560 333
559 332
558 331
557 330
556 329
555 328
554 327
553 326
552 325
551 325
550 324
549 323
548 322
547 321
546 320
545 320
544 319
543 318
542 317
541 317
540 316
539 315
538 314
537 314
536 313
535 313
534 312
533 311
532 311
531 310
530 310
529 309
528 308
527 308
526 307
525 307
524 306
523 306
522 305
521 305
520 304
519 304
518 303
517 303
516 303
515 302
514 302
513 302
512 302
