441 307
440 308
439 309
439 310
438 311
438 312
438 313
438 314
438 315
438 316
438 317
438 318
438 319
438 320
438 321
438 322
438 323
438 324
438 325
438 326
438 327
438 328
438 329
438 330
438 331
438 332
438 333
438 334
438 335
438 336
438 337
438 338
438 339
438 340
438 341
438 342
438 343
438 344
438 345
438 346
438 347
438 348
438 349
438 350
438 351
438 352
438 353
438 354
438 355
438 356
438 357
438 358
438 359
438 360
438 361
438 362
438 363
438 364
438 365
438 366
438 367
438 368
438 369
438 370
438 371
438 372
438 373
438 374
438 375
438 376
438 377
438 378
438 379
438 380
438 381
438 382
438 383
438 384
438 385
438 386
438 387
438 388
438 389
438 390
438 391
438 392
438 393
438 394
438 395
438 396
438 397
438 398
438 399
438 400
438 401
438 402
438 403
438 404
438 405
438 406
438 407
438 408
438 409
438 410
438 411
438 412
438 413
438 414
438 415
438 416
438 417
438 418
438 419
438 420
438 421
438 422
438 423
438 424
438 425
438 426
438 427
438 428
438 429
438 430
438 431
438 432
438 433
438 434
438 435
438 436
438 437
438 438
438 439
438 440
438 441
438 442
438 443
438 444
438 445
438 446
438 447
438 448
438 449
438 450
438 451
438 452
438 453
438 454
438 455
438 456
438 457
438 458
438 459
438 460
438 461
438 462
438 463
438 464
438 465
438 466
438 467
438 468
438 469
438 470
438 471
438 472
438 473
438 474
438 475
438 476
438 477
438 478
438 479
438 480
439 481
439 482
440 483
441 483
442 484
443 484
444 484
445 483
446 483
447 483
448 482
449 482
450 481
451 481
452 480
453 480
454 479
455 479
456 479
457 478
458 478
459 477
460 477
461 476
462 476
463 475
464 475
465 474
466 474
467 473
468 473
469 472
470 472
471 471
472 471
473 470
474 469
475 469
476 468
477 468
478 467
479 466
480 466
481 465
482 464
483 464
484 463
485 462
486 462
487 461
488 460
489 459
490 458
491 458
492 457
493 456
494 455
495 454
496 453
497 452
498 451
499 450
500 449
501 448
502 447
502 446
503 445
504 444
505 443
505 442
506 441
507 440
507 439
508 438
509 437
509 436
510 435
510 434
511 433
511 432
512 431
512 430
513 429
513 428
514 427
514 426
515 425
515 424
515 423
516 422
516 421
517 420
518 421
519 421
520 422
521 422
522 422
523 421
524 420
524 419
525 418
525 417
525 416
524 415
524 414
523 413
523 412
523 411
522 410
522 409
522 408
522 407
521 406
521 405
521 404
521 403
521 402
521 401
521 400
521 399
521 398
521 397
521 396
520 395
521 394
521 393
521 392
521 391
521 390
521 389
521 388
521 387
521 386
521 385
521 384
522 383
522 382
522 381
522 380
523 379
523 378
524 377
524 376
525 375
525 374
525 373
525 372
524 371
524 370
523 369
522 369
521 369
520 369
519 369
518 370
517 370
516 369
516 368
515 367
515 366
514 365
514 364
514 363
513 362
513 361
512 360
512 359
511 358
511 357
510 356
510 355
509 354
508 353
508 352
507 351
506 350
506 349
505 348
504 347
504 346
503 345
502 344
501 343
500 342
499 341
499 340
498 339
497 338
496 337
495 336
494 335
493 334
492 334
491 333
490 332
489 331
488 330
487 330
486 329
485 328
484 327
483 327
482 326
481 325
480 325
479 324
478 323
477 323
476 322
475 322
474 321
473 320
472 320
471 319
470 319
469 318
468 318
467 317
466 317
465 316
464 316
463 315
462 315
461 314
460 314
459 313
458 313
457 312
456 312
455 311
454 311
453 310
452 310
451 310
450 309
449 309
448 308
447 308
446 307
445 307
444 307
443 307
442 307
441 307
