475 234
474 235
473 235
472 235
471 235
470 235
469 235
468 235
467 236
466 236
466 237
465 238
465 239
464 240
464 241
464 242
464 243
464 244
464 245
464 246
464 247
464 248
464 249
464 250
464 251
464 252
464 253
464 254
464 255
464 256
464 257
464 258
464 259
464 260
464 261
464 262
464 263
464 264
464 265
464 266
464 267
464 268
464 269
464 270
464 271
464 272
464 273
464 274
464 275
464 276
464 277
464 278
464 279
464 280
464 281
464 282
464 283
464 284
464 285
464 286
464 287
464 288
464 289
464 290
464 291
464 292
464 293
464 294
464 295
464 296
464 297
464 298
464 299
464 300
464 301
464 302
464 303
464 304
464 305
464 306
464 307
464 308
464 309
464 310
464 311
464 312
464 313
464 314
464 315
464 316
464 317
464 318
464 319
464 320
464 321
464 322
464 323
464 324
464 325
464 326
464 327
464 328
464 329
464 330
464 331
464 332
464 333
464 334
464 335
464 336
464 337
464 338
464 339
464 340
464 341
464 342
464 343
464 344
464 345
464 346
464 347
464 348
464 349
464 350
464 351
464 352
464 353
464 354
464 355
464 356
464 357
464 358
464 359
464 360
464 361
464 362
464 363
464 364
464 365
464 366
464 367
464 368
464 369
464 370
464 371
464 372
464 373
464 374
464 375
464 376
464 377
464 378
464 379
464 380
464 381
464 382
464 383
464 384
464 385
464 386
464 387
464 388
464 389
464 390
464 391
464 392
464 393
464 394
464 395
464 396
464 397
464 398
464 399
464 400
464 401
464 402
464 403
464 404
464 405
464 406
464 407
464 408
464 409
464 410
464 411
464 412
464 413
464 414
464 415
464 416
464 417
464 418
464 419
464 420
464 421
464 422
464 423
464 424
464 425
464 426
464 427
464 428
464 429
464 430
464 431
464 432
464 433
464 434
464 435
464 436
464 437
464 438
464 439
464 440
464 441
464 442
464 443
464 444
464 445
464 446
464 447
464 448
464 449
464 450
464 451
464 452
464 453
464 454
464 455
464 456
464 457
464 458
464 459
464 460
464 461
464 462
464 463
464 464
464 465
464 466
464 467
464 468
464 469
464 470
464 471
464 472
464 473
464 474
464 475
464 476
464 477
464 478
464 479
464 480
464 481
464 482
464 483
464 484
464 485
464 486
464 487
464 488
464 489
464 490
464 491
464 492
464 493
464 494
464 495
464 496
464 497
464 498
464 499
464 500
464 501
464 502
464 503
464 504
464 505
464 506
464 507
464 508
464 509
464 510
464 511
464 512
464 513
464 514
464 515
464 516
464 517
464 518
464 519
464 520
464 521
464 522
464 523
464 524
464 525
464 526
464 527
464 528
464 529
464 530
464 531
464 532
464 533
464 534
464 535
464 536
464 537
464 538
464 539
464 540
464 541
464 542
464 543
464 544
464 545
464 546
464 547
464 548
464 549
464 550
464 551
464 552
464 553
464 554
464 555
464 556
464 557
464 558
464 559
464 560
464 561
464 562
464 563
464 564
464 565
464 566
464 567
464 568
464 569
464 570
464 571
464 572
465 573
465 574
466 575
467 576
468 576
469 576
470 577
471 577
472 577
473 577
474 577
475 577
476 577
477 577
478 577
479 577
480 577
481 577
482 577
483 577
484 577
485 577
486 577
487 577
488 577
489 577
490 577
491 576
492 576
493 575
494 574
494 573
494 572
494 571
494 570
494 569
494 568
494 567
494 566
494 565
493 564
493 563
493 562
493 561
493 560
493 559
493 558
493 557
493 556
493 555
493 554
493 553
493 552
493 551
493 550
494 549
494 548
494 547
494 546
494 545
495 544
495 543
495 542
496 541
496 540
496 539
497 538
497 537
498 536
498 535
499 534
499 533
500 532
501 531
501 530
502 529
502 528
503 527
503 526
504 525
504 524
505 523
505 522
506 521
506 520
507 519
507 518
508 517
508 516
509 515
509 514
510 513
510 512
511 511
511 510
512 509
512 508
513 507
513 506
514 505
514 504
515 503
515 502
516 501
516 500
516 499
517 498
517 497
518 496
518 495
519 494
519 493
520 492
520 491
520 490
521 489
521 488
522 487
522 486
523 485
523 484
523 483
524 482
524 481
525 480
525 479
525 478
526 477
526 476
526 475
527 474
527 473
528 472
528 471
528 470
529 469
529 468
529 467
530 466
530 465
530 464
531 463
531 462
531 461
532 460
532 459
532 458
533 457
533 456
533 455
533 454
534 453
534 452
534 451
535 450
535 449
535 448
535 447
536 446
536 445
536 444
536 443
537 442
537 441
537 440
537 439
538 438
539 438
540 437
541 437
542 437
543 436
544 435
545 434
545 433
546 432
546 431
545 430
545 429
545 428
544 427
543 426
542 425
542 424
541 423
540 422
540 421
540 420
540 419
540 418
540 417
541 416
541 415
541 414
541 413
541 412
541 411
541 410
541 409
541 408
541 407
541 406
541 405
541 404
541 403
541 402
541 401
541 400
541 399
541 398
541 397
541 396
541 395
540 394
540 393
540 392
540 391
540 390
540 389
541 388
542 387
543 386
544 385
545 384
545 383
545 382
546 381
546 380
545 379
545 378
545 377
544 376
543 375
542 375
541 374
540 374
539 374
538 373
537 372
537 371
537 370
536 369
536 368
536 367
536 366
535 365
535 364
535 363
535 362
534 361
534 360
534 359
534 358
533 357
533 356
533 355
532 354
532 353
532 352
531 351
531 350
531 349
530 348
530 347
530 346
529 345
529 344
529 343
528 342
528 341
528 340
527 339
527 338
527 337
526 336
526 335
525 334
525 333
525 332
524 331
524 330
523 329
523 328
523 327
522 326
522 325
521 324
521 323
521 322
520 321
520 320
519 319
519 318
518 317
518 316
518 315
517 314
517 313
516 312
516 311
515 310
515 309
514 308
514 307
513 306
513 305
512 304
512 303
511 302
511 301
510 300
510 299
509 298
509 297
508 296
508 295
507 294
507 293
506 292
506 291
505 290
505 289
504 288
504 287
503 286
503 285
502 284
502 283
501 282
501 281
500 280
500 279
499 278
499 277
498 276
497 275
497 274
496 273
496 272
496 271
495 270
495 269
495 268
494 267
494 266
494 265
494 264
494 263
494 262
493 261
493 260
493 259
493 258
493 257
493 256
493 255
493 254
493 253
493 252
493 251
493 250
493 249
493 248
494 247
494 246
494 245
494 244
494 243
494 242
494 241
494 240
494 239
494 238
494 237
493 236
492 236
491 235
490 235
489 235
488 235
487 235
486 235
485 235
484 234
483 234
482 234
481 234
480 234
479 234
478 234
477 234
476 234
475 234
