487 228
486 229
485 229
484 229
483 230
482 230
481 231
480 231
479 232
478 233
477 234
477 235
476 236
476 237
476 238
476 239
476 240
476 241
476 242
476 243
476 244
476 245
476 246
476 247
476 248
476 249
476 250
476 251
476 252
476 253
476 254
476 255
476 256
476 257
476 258
476 259
476 260
476 261
476 262
476 263
476 264
476 265
476 266
476 267
476 268
476 269
476 270
476 271
476 272
476 273
476 274
476 275
476 276
476 277
476 278
476 279
476 280
476 281
476 282
476 283
476 284
476 285
476 286
476 287
476 288
476 289
476 290
476 291
476 292
476 293
476 294
476 295
476 296
476 297
476 298
476 299
476 300
476 301
476 302
476 303
476 304
476 305
476 306
476 307
476 308
476 309
476 310
476 311
476 312
476 313
476 314
476 315
476 316
476 317
476 318
476 319
476 320
476 321
476 322
476 323
476 324
476 325
476 326
476 327
476 328
476 329
476 330
476 331
476 332
476 333
476 334
476 335
476 336
476 337
476 338
476 339
476 340
476 341
476 342
476 343
476 344
476 345
476 346
476 347
476 348
476 349
476 350
476 351
476 352
476 353
476 354
476 355
476 356
476 357
476 358
476 359
476 360
476 361
476 362
476 363
476 364
476 365
476 366
476 367
476 368
476 369
476 370
476 371
476 372
476 373
476 374
476 375
476 376
476 377
476 378
476 379
476 380
476 381
476 382
476 383
476 384
476 385
476 386
476 387
476 388
476 389
476 390
476 391
476 392
476 393
476 394
476 395
476 396
476 397
476 398
476 399
476 400
476 401
476 402
476 403
476 404
476 405
476 406
476 407
476 408
476 409
476 410
476 411
476 412
476 413
476 414
476 415
476 416
476 417
476 418
476 419
476 420
476 421
476 422
476 423
476 424
476 425
476 426
476 427
476 428
476 429
476 430
476 431
476 432
476 433
476 434
476 435
476 436
476 437
476 438
476 439
476 440
476 441
476 442
476 443
476 444
476 445
476 446
476 447
476 448
476 449
476 450
476 451
476 452
476 453
476 454
476 455
476 456
476 457
476 458
476 459
476 460
476 461
476 462
476 463
476 464
476 465
476 466
476 467
476 468
476 469
476 470
476 471
476 472
476 473
476 474
476 475
476 476
476 477
476 478
476 479
476 480
476 481
476 482
476 483
476 484
476 485
476 486
476 487
476 488
476 489
476 490
476 491
476 492
476 493
476 494
476 495
476 496
476 497
476 498
476 499
476 500
476 501
476 502
476 503
476 504
476 505
476 506
476 507
476 508
476 509
476 510
476 511
476 512
476 513
476 514
476 515
476 516
476 517
476 518
476 519
476 520
476 521
476 522
476 523
476 524
476 525
476 526
476 527
476 528
476 529
476 530
476 531
476 532
476 533
476 534
476 535
476 536
476 537
476 538
476 539
476 540
476 541
476 542
476 543
476 544
476 545
476 546
476 547
476 548
476 549
476 550
476 551
476 552
476 553
476 554
476 555
476 556
476 557
476 558
476 559
476 560
476 561
476 562
476 563
476 564
476 565
476 566
476 567
476 568
476 569
477 570
477 571
478 572
479 573
480 574
481 575
482 575
483 576
484 576
485 577
486 577
487 577
488 577
489 577
490 577
491 577
492 577
493 577
494 577
495 577
496 577
497 576
498 576
499 576
500 576
501 575
502 575
503 574
504 573
505 573
506 572
506 571
507 570
507 569
507 568
507 567
506 566
506 565
505 564
504 563
504 562
504 561
505 560
506 559
506 558
507 557
508 556
508 555
509 554
509 553
510 552
511 551
511 550
512 549
512 548
513 547
514 546
514 545
515 544
515 543
516 542
516 541
517 540
517 539
518 538
518 537
519 536
519 535
520 534
520 533
521 532
522 531
522 530
523 529
523 528
524 527
524 526
525 525
525 524
525 523
526 522
526 521
527 520
527 519
528 518
528 517
529 516
529 515
530 514
530 513
531 512
531 511
531 510
532 509
532 508
533 507
533 506
533 505
534 504
534 503
535 502
535 501
535 500
536 499
536 498
537 497
537 496
537 495
538 494
538 493
538 492
539 491
539 490
540 489
540 488
540 487
541 486
541 485
541 484
542 483
542 482
542 481
543 480
543 479
543 478
544 477
544 476
544 475
545 474
545 473
545 472
545 471
546 470
546 469
546 468
547 467
547 466
547 465
547 464
548 463
548 462
548 461
549 460
549 459
549 458
549 457
550 456
550 455
550 454
550 453
551 452
551 451
551 450
551 449
551 448
552 447
552 446
552 445
552 444
553 443
553 442
553 441
553 440
553 439
554 438
554 437
554 436
554 435
554 434
554 433
555 432
555 431
555 430
555 429
555 428
555 427
556 426
556 425
556 424
556 423
556 422
556 421
556 420
557 419
557 418
557 417
557 416
557 415
557 414
557 413
557 412
557 411
557 410
558 409
558 408
558 407
558 406
558 405
558 404
558 403
558 402
558 401
558 400
558 399
558 398
558 397
557 396
557 395
557 394
557 393
557 392
557 391
557 390
557 389
557 388
557 387
557 386
556 385
556 384
556 383
556 382
556 381
556 380
556 379
555 378
555 377
555 376
555 375
555 374
555 373
554 372
554 371
554 370
554 369
554 368
553 367
553 366
553 365
553 364
553 363
552 362
552 361
552 360
552 359
552 358
551 357
551 356
551 355
551 354
550 353
550 352
550 351
550 350
549 349
549 348
549 347
549 346
548 345
548 344
548 343
548 342
547 341
547 340
547 339
547 338
546 337
546 336
546 335
545 334
545 333
545 332
544 331
544 330
544 329
543 328
543 327
543 326
542 325
542 324
542 323
541 322
541 321
541 320
540 319
540 318
540 317
539 316
539 315
539 314
538 313
538 312
538 311
537 310
537 309
536 308
536 307
536 306
535 305
535 304
534 303
534 302
534 301
533 300
533 299
532 298
532 297
532 296
531 295
531 294
530 293
530 292
529 291
529 290
528 289
528 288
528 287
527 286
527 285
526 284
526 283
525 282
525 281
524 280
524 279
523 278
523 277
522 276
522 275
521 274
521 273
520 272
520 271
519 270
519 269
518 268
518 267
517 266
517 265
516 264
516 263
515 262
514 261
514 260
513 259
513 258
512 257
512 256
511 255
510 254
510 253
509 252
509 251
508 250
507 249
507 248
506 247
506 246
505 245
504 244
504 243
504 242
505 241
506 240
507 239
507 238
507 237
507 236
506 235
506 234
505 233
504 232
503 231
502 231
501 230
500 230
499 229
498 229
497 229
496 229
495 228
494 228
493 228
492 228
491 228
490 228
489 228
488 228
487 228
