490 290
489 291
488 292
488 293
488 294
488 295
488 296
488 297
487 298
486 298
485 299
484 299
483 299
482 300
481 300
480 301
479 301
478 301
477 302
476 302
475 302
474 303
473 303
472 304
471 304
470 304
469 305
468 305
467 306
466 306
465 306
464 307
463 307
462 307
461 308
460 308
459 309
458 309
457 309
456 310
455 310
454 311
453 311
452 310
451 310
450 310
449 309
448 309
447 309
446 309
445 309
444 310
443 310
442 311
442 312
441 313
441 314
441 315
441 316
441 317
441 318
441 319
441 320
441 321
441 322
441 323
441 324
441 325
441 326
441 327
441 328
441 329
441 330
441 331
441 332
441 333
441 334
441 335
441 336
441 337
441 338
441 339
441 340
441 341
441 342
441 343
441 344
441 345
441 346
441 347
441 348
441 349
441 350
441 351
441 352
441 353
441 354
441 355
441 356
441 357
441 358
441 359
441 360
441 361
441 362
441 363
441 364
441 365
441 366
441 367
441 368
441 369
441 370
441 371
441 372
441 373
441 374
441 375
441 376
441 377
441 378
441 379
441 380
441 381
441 382
441 383
441 384
441 385
441 386
441 387
441 388
441 389
441 390
441 391
441 392
441 393
441 394
441 395
441 396
441 397
441 398
441 399
441 400
441 401
441 402
441 403
441 404
441 405
441 406
441 407
441 408
441 409
441 410
441 411
441 412
441 413
441 414
441 415
441 416
441 417
441 418
441 419
441 420
441 421
441 422
441 423
441 424
441 425
441 426
441 427
441 428
441 429
441 430
441 431
441 432
441 433
441 434
441 435
441 436
441 437
441 438
441 439
441 440
441 441
441 442
441 443
441 444
441 445
441 446
441 447
441 448
441 449
441 450
441 451
441 452
441 453
441 454
441 455
441 456
441 457
441 458
441 459
441 460
441 461
441 462
441 463
441 464
441 465
441 466
441 467
441 468
441 469
441 470
441 471
441 472
441 473
441 474
441 475
441 476
441 477
441 478
441 479
441 480
441 481
441 482
441 483
441 484
441 485
441 486
441 487
441 488
441 489
441 490
441 491
441 492
441 493
441 494
441 495
441 496
441 497
441 498
441 499
441 500
441 501
441 502
441 503
441 504
441 505
441 506
441 507
441 508
441 509
441 510
441 511
441 512
441 513
441 514
442 515
442 516
443 517
444 517
445 518
446 518
447 518
448 518
449 518
450 517
451 517
452 517
453 516
454 516
455 517
456 517
457 518
458 518
459 518
460 519
461 519
462 520
463 520
464 520
465 521
466 521
467 521
468 522
469 522
470 523
471 523
472 523
473 524
474 524
475 525
476 525
477 525
478 526
479 526
480 526
481 527
482 527
483 528
484 528
485 528
486 529
487 529
488 530
488 531
488 532
488 533
488 534
488 535
489 536
490 537
491 537
492 537
493 537
494 537
495 537
496 537
497 537
498 536
499 536
499 535
500 534
500 533
500 532
500 531
500 530
501 529
502 528
503 528
504 527
505 527
506 526
507 526
508 525
509 524
510 524
511 523
512 523
513 522
514 521
515 521
516 520
517 520
518 519
519 518
520 517
521 517
522 516
523 515
524 514
525 514
526 513
527 512
528 511
529 510
530 509
531 508
532 507
533 506
534 505
535 504
536 503
537 502
538 501
539 500
540 499
540 498
541 497
542 496
543 495
543 494
544 493
545 492
545 491
546 490
547 489
547 488
548 487
548 486
549 485
550 484
550 483
551 482
551 481
552 480
552 479
553 478
553 477
554 476
554 475
554 474
555 473
555 472
556 471
556 470
556 469
557 468
557 467
558 466
558 465
558 464
558 463
559 462
559 461
559 460
560 459
560 458
560 457
561 456
561 455
561 454
561 453
561 452
562 451
562 450
562 449
562 448
563 447
563 446
563 445
563 444
563 443
563 442
564 441
564 440
564 439
564 438
564 437
564 436
564 435
565 434
565 433
565 432
565 431
565 430
565 429
565 428
565 427
565 426
565 425
565 424
566 423
566 422
566 421
566 420
566 419
566 418
566 417
566 416
566 415
566 414
566 413
566 412
566 411
566 410
566 409
566 408
566 407
566 406
566 405
566 404
565 403
565 402
565 401
565 400
565 399
565 398
565 397
565 396
565 395
565 394
565 393
564 392
564 391
564 390
564 389
564 388
564 387
564 386
563 385
563 384
563 383
563 382
563 381
563 380
562 379
562 378
562 377
562 376
561 375
561 374
561 373
561 372
560 371
560 370
560 369
560 368
559 367
559 366
559 365
558 364
558 363
558 362
558 361
557 360
557 359
556 358
556 357
556 356
555 355
555 354
554 353
554 352
554 351
553 350
553 349
552 348
552 347
551 346
551 345
550 344
550 343
549 342
548 341
548 340
547 339
547 338
546 337
545 336
545 335
544 334
543 333
543 332
542 331
541 330
540 329
539 328
539 327
538 326
537 325
536 324
535 323
534 322
533 321
532 320
531 319
530 318
529 317
528 316
527 315
526 314
525 313
524 313
523 312
522 311
521 310
520 310
519 309
518 308
517 308
516 307
515 306
514 306
513 305
512 304
511 304
510 303
509 303
508 302
507 301
506 301
505 300
504 300
503 299
502 299
501 298
500 297
500 296
500 295
500 294
500 293
499 292
498 291
497 290
496 290
495 290
494 290
493 290
492 290
491 290
490 290
