466 254
465 255
464 255
463 255
462 255
461 255
460 255
459 255
458 255
457 255
456 255
455 255
454 256
453 256
452 257
451 257
450 258
450 259
449 260
449 261
449 262
449 263
449 264
449 265
449 266
449 267
449 268
449 269
449 270
449 271
449 272
449 273
449 274
449 275
449 276
449 277
449 278
449 279
449 280
449 281
449 282
449 283
449 284
449 285
449 286
449 287
449 288
449 289
449 290
449 291
449 292
449 293
449 294
449 295
449 296
449 297
449 298
449 299
449 300
449 301
449 302
449 303
449 304
449 305
449 306
449 307
449 308
449 309
449 310
449 311
449 312
449 313
449 314
449 315
449 316
449 317
449 318
449 319
449 320
449 321
449 322
449 323
449 324
449 325
449 326
449 327
449 328
449 329
449 330
449 331
449 332
449 333
449 334
449 335
449 336
449 337
449 338
449 339
449 340
449 341
449 342
449 343
449 344
449 345
449 346
449 347
449 348
449 349
449 350
449 351
449 352
449 353
449 354
449 355
449 356
449 357
449 358
449 359
449 360
449 361
449 362
449 363
449 364
449 365
449 366
449 367
449 368
449 369
449 370
449 371
449 372
449 373
449 374
449 375
449 376
449 377
449 378
449 379
449 380
449 381
449 382
449 383
449 384
449 385
449 386
449 387
449 388
449 389
449 390
449 391
449 392
449 393
449 394
449 395
449 396
449 397
449 398
449 399
449 400
449 401
449 402
449 403
449 404
449 405
449 406
449 407
449 408
449 409
449 410
449 411
449 412
449 413
449 414
449 415
449 416
449 417
449 418
449 419
449 420
449 421
449 422
449 423
449 424
449 425
449 426
449 427
449 428
449 429
449 430
449 431
449 432
449 433
449 434
449 435
449 436
449 437
449 438
449 439
449 440
449 441
449 442
449 443
449 444
449 445
449 446
449 447
449 448
449 449
449 450
449 451
449 452
449 453
449 454
449 455
449 456
449 457
449 458
449 459
449 460
449 461
449 462
449 463
449 464
449 465
449 466
449 467
449 468
449 469
449 470
449 471
449 472
449 473
449 474
449 475
449 476
449 477
449 478
449 479
449 480
449 481
449 482
449 483
449 484
449 485
449 486
449 487
449 488
449 489
449 490
449 491
449 492
449 493
449 494
449 495
449 496
449 497
449 498
449 499
449 500
449 501
449 502
449 503
449 504
449 505
449 506
449 507
449 508
449 509
449 510
449 511
449 512
449 513
449 514
449 515
449 516
449 517
449 518
449 519
449 520
449 521
449 522
449 523
449 524
449 525
449 526
449 527
449 528
449 529
449 530
449 531
449 532
449 533
449 534
449 535
449 536
449 537
449 538
449 539
449 540
449 541
449 542
450 543
451 544
452 545
453 545
454 546
455 546
456 546
457 546
458 546
459 546
460 547
461 547
462 547
463 547
464 547
465 547
466 547
467 547
468 547
469 547
470 547
471 547
472 547
473 547
474 547
475 546
476 545
477 544
478 543
479 543
480 542
481 542
482 541
483 541
484 540
485 539
486 539
487 538
488 538
489 537
490 536
491 536
492 535
493 535
494 534
495 533
496 533
497 532
498 531
499 531
500 530
501 530
502 529
503 528
504 528
505 527
506 526
507 526
508 525
509 524
510 524
511 523
512 522
513 522
514 521
515 520
516 520
517 519
518 518
519 518
520 517
521 516
522 515
523 515
524 514
525 513
526 512
527 512
528 511
529 510
530 509
531 509
532 508
533 507
534 506
535 505
536 505
537 504
538 503
539 502
540 501
541 501
542 500
543 499
544 498
545 497
546 496
547 495
548 494
549 493
550 493
551 492
552 491
553 490
554 489
555 488
556 487
557 486
558 485
559 484
560 483
560 482
561 481
562 480
563 479
564 478
565 477
566 476
567 475
568 474
568 473
569 472
570 471
571 470
571 469
572 468
573 467
573 466
574 465
575 464
575 463
576 462
576 461
577 460
577 459
578 458
578 457
579 456
579 455
579 454
580 453
580 452
581 451
581 450
581 449
582 448
582 447
582 446
583 445
583 444
583 443
584 442
584 441
584 440
585 439
585 438
585 437
585 436
586 435
586 434
586 433
586 432
587 431
587 430
587 429
587 428
587 427
587 426
588 425
588 424
588 423
588 422
588 421
588 420
589 419
589 418
589 417
589 416
589 415
589 414
589 413
589 412
589 411
589 410
589 409
589 408
590 407
590 406
590 405
590 404
590 403
590 402
590 401
590 400
590 399
590 398
590 397
590 396
590 395
590 394
589 393
589 392
589 391
589 390
589 389
589 388
589 387
589 386
589 385
589 384
589 383
588 382
588 381
588 380
588 379
588 378
588 377
588 376
587 375
587 374
587 373
587 372
587 371
586 370
586 369
586 368
586 367
586 366
585 365
585 364
585 363
585 362
584 361
584 360
584 359
583 358
583 357
583 356
582 355
582 354
582 353
581 352
581 351
581 350
580 349
580 348
579 347
579 346
578 345
578 344
578 343
577 342
576 341
576 340
576 339
575 338
574 337
574 336
573 335
573 334
572 333
571 332
571 331
570 330
569 329
568 328
567 327
566 326
566 325
565 324
564 323
563 322
562 321
561 320
560 319
559 318
558 317
557 316
556 315
555 314
554 313
553 312
552 311
551 310
550 309
549 308
548 307
547 306
546 305
545 304
544 303
543 302
542 302
541 301
540 300
539 299
538 298
537 297
536 297
535 296
534 295
533 294
532 293
531 293
530 292
529 291
528 290
527 290
526 289
525 288
524 287
523 287
522 286
521 285
520 284
519 284
518 283
517 282
516 282
515 281
514 280
513 280
512 279
511 278
510 278
509 277
508 276
507 276
506 275
505 274
504 274
503 273
502 272
501 272
500 271
499 270
498 270
497 269
496 269
495 268
494 267
493 267
492 266
491 265
490 265
489 264
488 264
487 263
486 263
485 262
484 261
483 261
482 260
481 260
480 259
479 258
478 258
477 257
476 257
475 256
474 255
473 254
472 254
471 254
470 254
469 254
468 254
467 254
466 254
