441 234
440 235
439 236
439 237
439 238
439 239
439 240
439 241
439 242
439 243
439 244
439 245
439 246
439 247
439 248
439 249
439 250
439 251
439 252
439 253
439 254
439 255
439 256
439 257
439 258
439 259
439 260
439 261
439 262
439 263
439 264
439 265
439 266
439 267
439 268
439 269
439 270
439 271
439 272
439 273
439 274
439 275
439 276
439 277
439 278
439 279
439 280
439 281
439 282
439 283
439 284
439 285
439 286
439 287
439 288
439 289
439 290
439 291
439 292
439 293
439 294
439 295
439 296
439 297
439 298
439 299
439 300
439 301
439 302
439 303
439 304
439 305
439 306
439 307
439 308
439 309
439 310
439 311
439 312
439 313
439 314
439 315
439 316
439 317
439 318
439 319
439 320
439 321
439 322
439 323
439 324
439 325
439 326
439 327
439 328
439 329
439 330
439 331
439 332
439 333
439 334
439 335
439 336
439 337
439 338
439 339
439 340
439 341
439 342
439 343
439 344
439 345
439 346
439 347
439 348
439 349
439 350
439 351
439 352
439 353
439 354
439 355
439 356
439 357
439 358
439 359
439 360
439 361
439 362
439 363
439 364
439 365
439 366
439 367
439 368
439 369
439 370
439 371
439 372
439 373
439 374
439 375
439 376
439 377
439 378
439 379
439 380
439 381
439 382
439 383
439 384
439 385
439 386
439 387
439 388
439 389
439 390
439 391
439 392
439 393
439 394
439 395
439 396
439 397
439 398
439 399
439 400
439 401
439 402
439 403
439 404
439 405
439 406
439 407
439 408
439 409
439 410
439 411
439 412
439 413
439 414
439 415
439 416
439 417
439 418
439 419
439 420
439 421
439 422
439 423
439 424
439 425
439 426
439 427
439 428
439 429
439 430
439 431
439 432
439 433
439 434
439 435
439 436
439 437
439 438
439 439
439 440
439 441
439 442
439 443
439 444
439 445
439 446
439 447
439 448
439 449
439 450
439 451
439 452
439 453
439 454
439 455
439 456
439 457
439 458
439 459
439 460
439 461
439 462
439 463
439 464
439 465
439 466
439 467
439 468
439 469
439 470
439 471
439 472
439 473
439 474
439 475
439 476
439 477
439 478
439 479
439 480
439 481
439 482
439 483
439 484
439 485
439 486
439 487
439 488
439 489
439 490
439 491
439 492
439 493
439 494
439 495
439 496
439 497
439 498
439 499
439 500
439 501
439 502
439 503
439 504
439 505
439 506
439 507
439 508
439 509
439 510
439 511
439 512
439 513
439 514
439 515
439 516
439 517
439 518
439 519
439 520
439 521
439 522
439 523
439 524
439 525
439 526
439 527
439 528
439 529
439 530
439 531
439 532
439 533
439 534
439 535
439 536
439 537
439 538
439 539
439 540
440 541
441 541
442 542
443 542
444 542
445 541
446 541
447 541
448 540
449 539
450 538
451 537
452 536
453 535
454 534
455 533
456 532
457 532
458 531
459 531
460 530
461 530
462 530
463 530
464 530
465 530
466 530
467 531
468 532
469 532
470 533
471 533
472 534
473 534
474 535
475 535
476 535
477 536
478 536
479 536
480 536
481 536
482 537
483 537
484 537
485 537
486 537
487 538
488 538
489 538
490 538
491 538
492 538
493 538
494 538
495 538
496 539
497 539
498 539
499 539
500 539
501 539
502 539
503 539
504 539
505 539
506 539
507 539
508 539
509 539
510 539
511 539
512 539
513 538
514 538
515 538
516 538
517 538
518 538
519 537
520 537
521 537
522 537
523 537
524 536
525 536
526 536
527 535
528 535
529 535
530 535
531 534
532 534
533 533
534 533
535 533
536 532
537 532
538 531
539 531
540 530
541 530
542 530
543 529
544 528
545 528
546 527
547 527
548 526
549 526
550 525
551 524
552 524
553 523
554 522
555 522
556 521
557 520
558 519
559 519
560 518
561 517
562 516
563 515
564 514
565 513
566 512
567 512
568 511
569 510
570 509
570 508
571 507
572 506
573 505
574 504
575 503
576 502
577 501
578 500
578 499
579 498
580 497
581 496
581 495
582 494
583 493
584 492
584 491
585 490
586 489
586 488
587 487
588 486
588 485
589 484
589 483
590 482
591 481
591 480
592 479
592 478
593 477
593 476
594 475
594 474
595 473
596 472
596 471
597 470
597 469
597 468
598 467
598 466
599 465
599 464
600 463
600 462
601 461
601 460
602 459
602 458
602 457
603 456
603 455
604 454
604 453
604 452
605 451
605 450
605 449
606 448
606 447
606 446
607 445
607 444
607 443
608 442
608 441
608 440
609 439
609 438
609 437
610 436
610 435
610 434
610 433
611 432
611 431
611 430
611 429
612 428
612 427
612 426
612 425
613 424
613 423
613 422
613 421
613 420
614 419
614 418
614 417
614 416
614 415
615 414
615 413
615 412
615 411
615 410
615 409
615 408
616 407
616 406
616 405
616 404
616 403
616 402
616 401
616 400
616 399
617 398
617 397
617 396
617 395
617 394
617 393
617 392
617 391
617 390
617 389
617 388
617 387
617 386
617 385
617 384
617 383
617 382
617 381
617 380
617 379
617 378
616 377
616 376
616 375
616 374
616 373
616 372
616 371
616 370
616 369
616 368
615 367
615 366
615 365
615 364
615 363
615 362
614 361
614 360
614 359
614 358
614 357
614 356
613 355
613 354
613 353
613 352
613 351
612 350
612 349
612 348
612 347
611 346
611 345
611 344
611 343
610 342
610 341
610 340
609 339
609 338
609 337
609 336
608 335
608 334
608 333
607 332
607 331
607 330
606 329
606 328
606 327
605 326
605 325
604 324
604 323
604 322
603 321
603 320
603 319
602 318
602 317
601 316
601 315
600 314
600 313
600 312
599 311
599 310
598 309
598 308
597 307
597 306
596 305
596 304
595 303
595 302
594 301
594 300
593 299
593 298
592 297
591 296
591 295
590 294
590 293
589 292
588 291
588 290
587 289
586 288
586 287
585 286
585 285
584 284
583 283
582 282
582 281
581 280
580 279
579 278
579 277
578 276
577 275
576 274
575 273
574 272
574 271
573 270
572 269
571 268
570 267
569 266
568 265
567 264
566 263
565 262
564 261
563 260
562 260
561 259
560 258
559 257
558 256
557 255
556 255
555 254
554 253
553 253
552 252
551 251
550 251
549 250
548 249
547 249
546 248
545 248
544 247
543 247
542 246
541 246
540 245
539 245
538 244
537 244
536 243
535 243
534 243
533 242
532 242
531 241
530 241
529 241
528 240
527 240
526 240
525 239
524 239
523 239
522 239
521 239
520 238
519 238
518 238
517 238
516 238
515 237
514 237
513 237
512 237
511 237
510 237
509 237
508 237
507 237
506 237
505 236
504 236
503 237
502 237
501 237
500 237
499 237
498 237
497 237
496 237
495 237
494 237
493 237
492 237
491 238
490 238
489 238
488 238
487 238
486 238
485 238
484 238
483 239
482 239
481 239
480 239
479 240
478 240
477 240
476 240
475 241
474 241
473 241
472 242
471 242
470 243
469 243
468 244
467 245
466 245
465 246
464 246
463 246
462 246
461 246
460 245
459 245
458 244
457 244
456 243
455 243
454 242
453 241
452 240
451 239
450 238
449 237
448 236
447 235
446 234
445 234
444 234
443 234
442 234
441 234
