495 189
494 190
493 190
492 190
491 191
490 192
489 193
488 194
487 195
486 196
486 197
485 198
484 199
484 200
483 201
482 202
482 203
481 204
480 205
480 206
479 207
479 208
478 209
477 210
477 211
476 212
476 213
475 214
474 215
474 216
473 217
472 218
472 219
471 220
471 221
470 222
469 223
469 224
468 225
467 226
466 227
466 228
465 229
464 229
463 230
462 230
461 231
460 232
459 233
459 234
459 235
459 236
459 237
459 238
459 239
459 240
459 241
459 242
459 243
459 244
459 245
459 246
459 247
459 248
459 249
459 250
459 251
459 252
459 253
459 254
459 255
459 256
459 257
459 258
459 259
459 260
459 261
459 262
459 263
459 264
459 265
459 266
459 267
459 268
459 269
459 270
459 271
459 272
459 273
459 274
459 275
459 276
459 277
459 278
459 279
459 280
459 281
459 282
459 283
459 284
459 285
459 286
459 287
459 288
459 289
459 290
459 291
459 292
459 293
459 294
459 295
459 296
459 297
459 298
459 299
459 300
459 301
459 302
459 303
459 304
459 305
459 306
459 307
459 308
459 309
459 310
459 311
459 312
459 313
459 314
459 315
459 316
459 317
459 318
459 319
459 320
459 321
459 322
459 323
459 324
459 325
459 326
459 327
459 328
459 329
459 330
459 331
459 332
459 333
459 334
459 335
459 336
459 337
459 338
459 339
459 340
459 341
459 342
459 343
459 344
459 345
459 346
459 347
459 348
459 349
459 350
459 351
459 352
459 353
459 354
459 355
459 356
459 357
459 358
459 359
459 360
459 361
459 362
459 363
459 364
459 365
459 366
459 367
459 368
459 369
459 370
459 371
459 372
459 373
459 374
459 375
459 376
459 377
459 378
459 379
459 380
459 381
459 382
459 383
459 384
459 385
459 386
459 387
459 388
459 389
459 390
459 391
459 392
459 393
459 394
459 395
459 396
459 397
459 398
459 399
459 400
459 401
459 402
459 403
459 404
459 405
459 406
458 407
458 408
458 409
458 410
459 411
459 412
459 413
459 414
459 415
459 416
459 417
459 418
459 419
459 420
459 421
459 422
459 423
459 424
459 425
459 426
459 427
459 428
459 429
459 430
459 431
459 432
459 433
459 434
459 435
459 436
459 437
459 438
459 439
459 440
459 441
459 442
459 443
459 444
459 445
459 446
459 447
459 448
459 449
459 450
459 451
459 452
459 453
459 454
459 455
459 456
459 457
459 458
459 459
459 460
459 461
459 462
459 463
459 464
459 465
459 466
459 467
459 468
459 469
459 470
459 471
459 472
459 473
459 474
459 475
459 476
459 477
459 478
459 479
459 480
459 481
459 482
459 483
459 484
459 485
459 486
459 487
459 488
459 489
459 490
459 491
459 492
459 493
459 494
459 495
459 496
459 497
459 498
459 499
459 500
459 501
459 502
459 503
459 504
459 505
459 506
459 507
459 508
459 509
459 510
459 511
459 512
459 513
459 514
459 515
459 516
459 517
459 518
459 519
459 520
459 521
459 522
459 523
459 524
459 525
459 526
459 527
459 528
459 529
459 530
459 531
459 532
459 533
459 534
459 535
459 536
459 537
459 538
459 539
459 540
459 541
459 542
459 543
459 544
459 545
459 546
459 547
459 548
459 549
459 550
459 551
459 552
459 553
459 554
459 555
459 556
459 557
459 558
459 559
459 560
459 561
459 562
459 563
459 564
459 565
459 566
459 567
459 568
459 569
459 570
459 571
459 572
459 573
459 574
459 575
459 576
459 577
459 578
459 579
459 580
459 581
459 582
459 583
459 584
460 585
460 586
461 587
462 587
463 588
464 588
465 589
466 590
467 591
468 592
468 593
469 594
470 595
470 596
471 597
471 598
472 599
473 600
473 601
474 602
475 603
475 604
476 605
476 606
477 607
478 608
478 609
479 610
479 611
480 612
481 613
481 614
482 615
483 616
483 617
484 618
485 619
485 620
486 621
487 622
488 623
488 624
489 625
490 626
491 626
492 627
493 628
494 628
495 628
496 628
497 628
498 628
499 627
500 626
501 625
501 624
502 623
502 622
502 621
502 620
503 619
503 618
503 617
503 616
504 615
504 614
504 613
505 612
505 611
505 610
505 609
506 608
506 607
506 606
507 605
507 604
508 603
508 602
509 601
509 600
510 599
511 598
512 597
513 597
514 596
515 595
516 595
517 594
518 593
519 592
520 592
521 591
522 590
523 589
524 589
525 588
526 587
527 586
528 585
529 585
530 584
531 583
532 582
533 581
534 581
535 580
536 579
537 578
538 577
539 576
540 575
541 574
542 574
543 573
544 572
545 571
546 570
547 569
548 568
549 567
550 566
551 565
552 564
553 563
554 562
555 561
556 560
557 559
558 558
559 557
559 556
560 555
561 554
562 553
563 552
564 551
565 550
565 549
566 548
567 547
568 546
569 545
569 544
570 543
571 542
572 541
572 540
573 539
574 538
575 537
575 536
576 535
577 534
577 533
578 532
579 531
579 530
580 529
580 528
581 527
582 526
582 525
583 524
583 523
584 522
585 521
585 520
586 519
586 518
587 517
587 516
588 515
588 514
589 513
589 512
590 511
590 510
591 509
591 508
592 507
592 506
592 505
593 504
593 503
594 502
594 501
595 500
595 499
595 498
596 497
596 496
596 495
597 494
597 493
598 492
598 491
598 490
599 489
599 488
599 487
600 486
600 485
600 484
600 483
601 482
601 481
601 480
602 479
602 478
602 477
602 476
603 475
603 474
603 473
603 472
603 471
604 470
604 469
604 468
604 467
605 466
605 465
605 464
605 463
605 462
605 461
606 460
606 459
606 458
606 457
606 456
606 455
607 454
607 453
607 452
607 451
607 450
607 449
607 448
608 447
608 446
608 445
608 444
608 443
608 442
608 441
608 440
608 439
608 438
608 437
609 436
609 435
609 434
609 433
609 432
609 431
609 430
609 429
609 428
609 427
609 426
609 425
609 424
609 423
609 422
609 421
609 420
609 419
609 418
609 417
609 416
609 415
609 414
610 413
610 412
610 411
610 410
610 409
610 408
610 407
610 406
610 405
610 404
609 403
609 402
609 401
609 400
609 399
609 398
609 397
609 396
609 395
609 394
609 393
609 392
609 391
609 390
609 389
609 388
609 387
609 386
609 385
609 384
609 383
609 382
609 381
608 380
608 379
608 378
608 377
608 376
608 375
608 374
608 373
608 372
608 371
607 370
607 369
607 368
607 367
607 366
607 365
607 364
607 363
606 362
606 361
606 360
606 359
606 358
606 357
605 356
605 355
605 354
605 353
605 352
604 351
604 350
604 349
604 348
604 347
603 346
603 345
603 344
603 343
602 342
602 341
602 340
602 339
601 338
601 337
601 336
601 335
600 334
600 333
600 332
599 331
599 330
599 329
598 328
598 327
598 326
597 325
597 324
597 323
596 322
596 321
596 320
595 319
595 318
594 317
594 316
594 315
593 314
593 313
592 312
592 311
591 310
591 309
590 308
590 307
589 306
589 305
588 304
588 303
587 302
587 301
586 300
586 299
585 298
585 297
584 296
584 295
583 294
583 293
582 292
581 291
581 290
580 289
580 288
579 287
578 286
577 285
577 284
576 283
576 282
575 281
574 280
573 279
573 278
572 277
571 276
570 275
570 274
569 273
568 272
567 271
567 270
566 269
565 268
564 267
563 266
563 265
562 264
561 263
560 262
559 261
558 260
557 259
556 258
555 257
554 256
553 255
552 254
552 253
551 253
550 252
549 251
548 250
547 249
546 248
545 247
544 246
543 245
542 244
541 243
540 242
539 241
538 240
537 239
536 239
535 238
534 237
533 236
532 235
531 234
530 234
529 233
528 232
527 231
526 230
525 230
524 229
523 228
522 227
521 227
520 226
519 225
518 224
517 224
516 223
515 222
514 221
513 221
512 220
511 219
510 218
509 217
508 216
508 215
507 214
507 213
506 212
506 211
506 210
505 209
505 208
505 207
505 206
504 205
504 204
504 203
504 202
503 201
503 200
503 199
503 198
502 197
502 196
502 195
501 194
501 193
500 192
500 191
499 190
498 190
497 189
496 189
495 189
