424 177
423 178
422 178
421 178
420 178
419 178
418 179
417 179
416 179
415 180
414 181
413 181
412 182
411 183
410 183
409 184
408 185
407 186
406 187
405 188
405 189
404 190
403 191
403 192
402 193
401 194
401 195
400 196
400 197
399 198
399 199
399 200
398 201
398 202
398 203
398 204
397 205
396 205
395 206
394 207
393 207
392 208
392 209
391 210
391 211
391 212
391 213
391 214
391 215
391 216
391 217
391 218
391 219
391 220
391 221
391 222
391 223
391 224
391 225
391 226
391 227
391 228
391 229
391 230
391 231
391 232
391 233
391 234
391 235
391 236
391 237
391 238
391 239
391 240
391 241
391 242
391 243
391 244
391 245
391 246
391 247
391 248
391 249
391 250
391 251
391 252
391 253
391 254
391 255
391 256
391 257
391 258
391 259
391 260
391 261
391 262
391 263
391 264
391 265
391 266
391 267
391 268
391 269
391 270
391 271
391 272
391 273
391 274
391 275
391 276
391 277
391 278
391 279
391 280
391 281
391 282
391 283
391 284
391 285
391 286
391 287
391 288
391 289
391 290
391 291
391 292
391 293
391 294
391 295
391 296
391 297
391 298
391 299
391 300
391 301
391 302
391 303
391 304
391 305
391 306
391 307
391 308
391 309
391 310
391 311
391 312
391 313
391 314
391 315
391 316
391 317
391 318
391 319
391 320
391 321
391 322
391 323
391 324
391 325
391 326
391 327
391 328
391 329
391 330
391 331
391 332
391 333
391 334
391 335
391 336
391 337
391 338
391 339
391 340
391 341
391 342
391 343
391 344
391 345
391 346
391 347
391 348
391 349
391 350
391 351
391 352
391 353
391 354
391 355
391 356
391 357
391 358
391 359
391 360
391 361
391 362
391 363
391 364
391 365
391 366
391 367
391 368
391 369
391 370
391 371
391 372
391 373
391 374
391 375
391 376
391 377
391 378
391 379
391 380
391 381
391 382
391 383
391 384
391 385
391 386
391 387
391 388
391 389
391 390
391 391
391 392
391 393
391 394
391 395
391 396
391 397
391 398
391 399
391 400
391 401
391 402
391 403
391 404
391 405
391 406
391 407
391 408
391 409
391 410
391 411
391 412
391 413
391 414
391 415
391 416
391 417
391 418
391 419
391 420
391 421
391 422
391 423
391 424
391 425
391 426
391 427
391 428
391 429
391 430
391 431
391 432
391 433
391 434
391 435
391 436
391 437
391 438
391 439
391 440
391 441
391 442
391 443
391 444
391 445
391 446
391 447
391 448
391 449
391 450
391 451
391 452
391 453
391 454
391 455
391 456
391 457
391 458
391 459
391 460
391 461
391 462
391 463
391 464
391 465
391 466
391 467
391 468
391 469
391 470
391 471
391 472
391 473
391 474
391 475
391 476
391 477
391 478
391 479
391 480
391 481
391 482
391 483
391 484
391 485
391 486
391 487
391 488
391 489
391 490
391 491
391 492
391 493
391 494
391 495
391 496
391 497
391 498
391 499
391 500
391 501
391 502
391 503
391 504
391 505
391 506
391 507
391 508
391 509
391 510
391 511
391 512
391 513
391 514
391 515
391 516
391 517
391 518
391 519
391 520
391 521
391 522
391 523
391 524
391 525
391 526
391 527
391 528
391 529
391 530
391 531
391 532
391 533
391 534
391 535
391 536
391 537
391 538
391 539
391 540
391 541
391 542
391 543
391 544
391 545
391 546
391 547
391 548
391 549
391 550
391 551
391 552
391 553
391 554
391 555
391 556
391 557
391 558
391 559
391 560
391 561
391 562
391 563
391 564
391 565
391 566
391 567
391 568
391 569
391 570
391 571
391 572
391 573
391 574
391 575
391 576
391 577
391 578
391 579
391 580
391 581
391 582
391 583
391 584
391 585
391 586
392 587
393 588
394 589
395 590
396 590
397 591
398 592
398 593
398 594
398 595
399 596
399 597
400 598
400 599
401 600
401 601
402 602
402 603
403 604
404 605
404 606
405 607
406 608
407 609
408 610
409 611
410 612
411 613
412 614
413 614
414 615
415 616
416 616
417 617
418 617
419 617
420 618
421 618
422 618
423 618
424 618
425 618
426 618
427 618
428 618
429 617
430 617
431 616
431 615
432 614
432 613
432 612
432 611
432 610
431 609
432 608
433 608
434 607
435 607
436 606
437 606
438 605
439 605
440 604
441 604
442 603
443 603
444 602
445 602
446 601
447 601
448 600
449 600
450 599
451 599
452 598
453 598
454 597
455 596
456 596
457 595
458 595
459 594
460 593
461 593
462 592
463 591
464 591
465 590
466 589
467 589
468 588
469 587
470 587
471 586
472 585
473 584
474 584
475 583
476 582
477 581
478 581
479 580
480 579
481 578
482 577
483 577
484 576
485 575
486 574
487 573
488 572
489 571
490 570
491 570
492 569
493 568
494 567
495 566
496 565
497 564
498 563
499 562
500 561
501 560
502 559
503 558
503 557
504 556
505 555
506 554
507 553
508 552
509 551
510 550
510 549
511 548
512 547
513 546
514 545
514 544
515 543
516 542
517 541
517 540
518 539
519 538
520 537
520 536
521 535
522 534
523 533
523 532
524 531
525 530
525 529
526 528
527 527
527 526
528 525
528 524
529 523
530 522
530 521
531 520
531 519
532 518
533 517
533 516
534 515
534 514
535 513
535 512
536 511
537 510
537 509
538 508
538 507
539 506
539 505
540 504
540 503
541 502
541 501
542 500
542 499
543 498
543 497
543 496
544 495
544 494
545 493
545 492
546 491
546 490
546 489
547 488
547 487
548 486
548 485
548 484
549 483
549 482
550 481
550 480
550 479
551 478
551 477
551 476
552 475
552 474
552 473
553 472
553 471
553 470
554 469
554 468
554 467
555 466
555 465
555 464
556 463
556 462
556 461
556 460
557 459
557 458
557 457
557 456
558 455
558 454
558 453
558 452
559 451
559 450
559 449
559 448
560 447
560 446
560 445
560 444
560 443
561 442
561 441
561 440
561 439
561 438
561 437
562 436
562 435
562 434
562 433
562 432
562 431
563 430
563 429
563 428
563 427
563 426
563 425
563 424
563 423
564 422
564 421
564 420
564 419
564 418
564 417
564 416
564 415
564 414
564 413
564 412
564 411
565 410
565 409
565 408
565 407
565 406
565 405
565 404
565 403
565 402
565 401
565 400
565 399
565 398
565 397
565 396
565 395
565 394
565 393
565 392
565 391
565 390
565 389
565 388
565 387
565 386
565 385
564 384
564 383
564 382
564 381
564 380
564 379
564 378
564 377
564 376
564 375
564 374
564 373
563 372
563 371
563 370
563 369
563 368
563 367
563 366
562 365
562 364
562 363
562 362
562 361
562 360
562 359
561 358
561 357
561 356
561 355
561 354
560 353
560 352
560 351
560 350
560 349
559 348
559 347
559 346
559 345
559 344
558 343
558 342
558 341
557 340
557 339
557 338
557 337
556 336
556 335
556 334
556 333
555 332
555 331
555 330
555 329
554 328
554 327
554 326
553 325
553 324
553 323
552 322
552 321
552 320
551 319
551 318
550 317
550 316
550 315
549 314
549 313
549 312
548 311
548 310
547 309
547 308
547 307
546 306
546 305
545 304
545 303
544 302
544 301
544 300
543 299
543 298
542 297
542 296
541 295
541 294
540 293
540 292
539 291
539 290
538 289
538 288
537 287
537 286
536 285
536 284
535 283
535 282
534 281
533 280
533 279
532 278
532 277
531 276
531 275
530 274
529 273
529 272
528 271
527 270
527 269
526 268
525 267
525 266
524 265
523 264
523 263
522 262
521 261
521 260
520 259
519 258
519 257
518 256
517 255
516 254
515 253
515 252
514 251
513 250
512 249
512 248
511 247
510 246
509 245
508 244
507 243
507 242
506 241
505 240
504 239
503 238
502 237
501 236
500 235
499 234
498 233
497 232
496 231
495 230
494 229
493 228
492 227
491 226
490 225
489 224
488 223
487 222
486 222
485 221
484 220
483 219
482 218
481 217
480 217
479 216
478 215
477 214
476 213
475 213
474 212
473 211
472 210
471 210
470 209
469 208
468 208
467 207
466 206
465 205
464 205
463 204
462 203
461 203
460 202
459 202
458 201
457 200
456 200
455 199
454 199
453 198
452 197
451 197
450 196
449 196
448 195
447 195
446 194
445 194
444 193
443 193
442 192
441 192
440 191
439 191
438 190
437 190
436 189
435 189
434 188
433 188
432 188
431 187
431 186
432 185
432 184
432 183
432 182
431 181
431 180
430 179
429 178
428 178
427 177
426 177
425 177
424 177
