505 189
504 190
503 190
502 190
501 191
500 191
499 192
498 192
497 193
496 193
495 194
494 194
493 195
492 195
491 196
490 196
489 197
488 197
487 198
486 198
485 199
484 199
483 200
482 200
481 201
480 202
479 202
478 203
477 203
476 204
475 205
474 205
473 206
472 207
471 207
470 208
469 209
468 209
467 210
466 211
465 212
464 212
463 213
462 214
461 215
460 216
459 217
458 218
457 219
456 220
455 221
454 222
453 223
452 224
452 225
451 226
450 227
450 228
449 229
448 230
448 231
447 232
447 233
447 234
447 235
447 236
447 237
447 238
447 239
447 240
447 241
447 242
447 243
447 244
447 245
447 246
447 247
447 248
447 249
447 250
447 251
447 252
447 253
447 254
447 255
447 256
447 257
447 258
447 259
447 260
447 261
447 262
447 263
447 264
447 265
447 266
447 267
447 268
447 269
447 270
447 271
447 272
447 273
447 274
447 275
447 276
447 277
447 278
447 279
447 280
447 281
447 282
447 283
447 284
447 285
447 286
447 287
447 288
447 289
447 290
447 291
447 292
447 293
447 294
447 295
447 296
447 297
447 298
447 299
447 300
447 301
447 302
447 303
447 304
447 305
447 306
447 307
447 308
447 309
447 310
447 311
447 312
447 313
447 314
447 315
447 316
447 317
447 318
447 319
447 320
447 321
447 322
447 323
447 324
447 325
447 326
447 327
447 328
447 329
447 330
447 331
447 332
447 333
447 334
447 335
447 336
447 337
447 338
447 339
447 340
447 341
447 342
447 343
447 344
447 345
447 346
447 347
447 348
447 349
447 350
447 351
447 352
447 353
447 354
447 355
447 356
447 357
447 358
447 359
447 360
447 361
447 362
447 363
447 364
447 365
447 366
447 367
447 368
447 369
447 370
447 371
447 372
447 373
447 374
447 375
447 376
447 377
447 378
447 379
447 380
447 381
447 382
447 383
447 384
447 385
447 386
447 387
447 388
447 389
447 390
447 391
447 392
447 393
447 394
447 395
447 396
447 397
447 398
447 399
447 400
447 401
447 402
447 403
447 404
447 405
447 406
447 407
447 408
447 409
447 410
447 411
447 412
447 413
447 414
447 415
447 416
447 417
447 418
447 419
447 420
447 421
447 422
447 423
447 424
447 425
447 426
447 427
447 428
447 429
447 430
447 431
447 432
447 433
447 434
447 435
447 436
447 437
447 438
447 439
447 440
447 441
447 442
447 443
447 444
447 445
447 446
447 447
447 448
447 449
447 450
447 451
447 452
447 453
447 454
447 455
447 456
447 457
447 458
447 459
447 460
447 461
447 462
447 463
447 464
447 465
447 466
447 467
447 468
447 469
447 470
447 471
447 472
447 473
447 474
447 475
447 476
447 477
447 478
447 479
447 480
447 481
447 482
447 483
447 484
447 485
447 486
447 487
447 488
447 489
447 490
447 491
447 492
447 493
447 494
447 495
447 496
447 497
447 498
447 499
447 500
447 501
447 502
447 503
447 504
447 505
447 506
447 507
447 508
447 509
447 510
447 511
447 512
447 513
447 514
447 515
447 516
447 517
447 518
447 519
447 520
447 521
447 522
447 523
447 524
447 525
447 526
447 527
447 528
447 529
447 530
447 531
447 532
447 533
447 534
447 535
447 536
447 537
447 538
447 539
447 540
447 541
447 542
447 543
447 544
447 545
447 546
447 547
447 548
447 549
447 550
447 551
447 552
447 553
447 554
447 555
447 556
447 557
447 558
447 559
447 560
447 561
447 562
447 563
447 564
447 565
448 566
448 567
449 568
449 569
450 570
451 571
452 572
452 573
453 574
454 575
455 576
456 577
457 578
457 579
458 580
459 580
460 581
461 582
462 583
463 584
464 585
465 586
466 586
467 587
468 588
469 589
470 589
471 590
472 591
473 591
474 592
475 593
476 593
477 594
478 595
479 595
480 596
481 596
482 597
483 597
484 598
485 599
486 599
487 600
488 600
489 601
490 601
491 602
492 602
493 603
494 603
495 604
496 604
497 605
498 605
499 605
500 606
501 606
502 607
503 607
504 608
505 608
506 608
507 608
508 607
509 607
510 606
510 605
511 604
511 603
511 602
510 601
511 600
512 600
513 599
514 599
515 599
516 598
517 598
518 597
519 597
520 596
521 596
522 596
523 595
524 595
525 594
526 594
527 593
528 593
529 592
530 592
531 591
532 591
533 590
534 590
535 589
536 589
537 588
538 588
539 587
540 587
541 586
542 585
543 585
544 584
545 584
546 583
547 583
548 582
549 581
550 581
551 580
552 580
553 579
554 578
555 578
556 577
557 576
558 576
559 575
560 574
561 574
562 573
563 572
564 572
565 571
566 570
567 569
568 569
569 568
570 567
571 566
572 566
573 565
574 564
575 563
576 562
577 562
578 561
579 560
580 559
581 558
582 557
583 556
584 556
585 555
586 554
587 553
588 552
589 551
590 550
591 549
592 548
593 547
594 546
595 545
596 544
597 543
598 542
599 541
600 540
601 539
602 538
602 537
603 536
604 535
605 534
606 533
607 532
608 531
608 530
609 529
610 528
611 527
612 526
612 525
613 524
614 523
615 522
615 521
616 520
617 519
617 518
618 517
619 516
619 515
620 514
621 513
622 512
622 511
623 510
623 509
624 508
625 507
625 506
626 505
627 504
627 503
628 502
628 501
629 500
629 499
630 498
631 497
631 496
632 495
632 494
633 493
633 492
634 491
634 490
635 489
635 488
636 487
636 486
637 485
637 484
638 483
638 482
639 481
639 480
639 479
640 478
640 477
641 476
641 475
642 474
642 473
642 472
643 471
643 470
644 469
644 468
644 467
645 466
645 465
645 464
646 463
646 462
646 461
647 460
647 459
647 458
648 457
648 456
648 455
649 454
649 453
649 452
650 451
650 450
650 449
650 448
651 447
651 446
651 445
651 444
652 443
652 442
652 441
652 440
653 439
653 438
653 437
653 436
653 435
654 434
654 433
654 432
654 431
654 430
655 429
655 428
655 427
655 426
655 425
655 424
656 423
656 422
656 421
656 420
656 419
656 418
656 417
656 416
657 415
657 414
657 413
657 412
657 411
657 410
657 409
657 408
657 407
657 406
657 405
657 404
657 403
657 402
657 401
658 400
658 399
658 398
658 397
657 396
657 395
657 394
657 393
657 392
657 391
657 390
657 389
657 388
657 387
657 386
657 385
657 384
657 383
657 382
656 381
656 380
656 379
656 378
656 377
656 376
656 375
656 374
655 373
655 372
655 371
655 370
655 369
655 368
654 367
654 366
654 365
654 364
654 363
653 362
653 361
653 360
653 359
653 358
652 357
652 356
652 355
652 354
651 353
651 352
651 351
651 350
650 349
650 348
650 347
649 346
649 345
649 344
649 343
648 342
648 341
648 340
647 339
647 338
647 337
646 336
646 335
646 334
645 333
645 332
645 331
644 330
644 329
643 328
643 327
643 326
642 325
642 324
641 323
641 322
641 321
640 320
640 319
639 318
639 317
638 316
638 315
637 314
637 313
636 312
636 311
636 310
635 309
635 308
634 307
633 306
633 305
632 304
632 303
631 302
631 301
630 300
630 299
629 298
629 297
628 296
628 295
627 294
626 293
626 292
625 291
624 290
624 289
623 288
623 287
622 286
621 285
621 284
620 283
619 282
619 281
618 280
617 279
616 278
616 277
615 276
614 275
614 274
613 273
612 272
611 271
610 270
610 269
609 268
608 267
607 266
607 265
606 264
605 263
604 262
603 261
602 260
601 259
600 258
599 257
599 256
598 255
597 254
596 253
595 252
594 251
593 250
592 249
591 248
590 247
589 246
588 245
587 244
586 244
585 243
584 242
583 241
582 240
581 239
580 238
579 237
578 237
577 236
576 235
575 234
574 233
573 232
572 232
571 231
570 230
569 229
568 229
567 228
566 227
565 226
564 226
563 225
562 224
561 224
560 223
559 222
558 222
557 221
556 220
555 220
554 219
553 218
552 218
551 217
550 217
549 216
548 215
547 215
546 214
545 214
544 213
543 212
542 212
541 211
540 211
539 210
538 210
537 209
536 209
535 208
534 208
533 207
532 207
531 206
530 206
529 205
528 205
527 204
526 204
525 203
524 203
523 202
522 202
521 201
520 201
519 200
518 200
517 200
516 199
515 199
514 198
513 198
512 198
511 197
510 196
511 195
511 194
511 193
510 192
510 191
509 190
508 190
507 190
506 189
505 189
