526 218
525 219
524 219
523 219
522 219
521 219
520 219
519 219
518 219
517 219
516 219
515 219
514 219
513 219
512 219
511 219
510 219
509 219
508 220
507 220
506 220
505 220
504 220
503 220
502 220
501 221
500 221
499 221
498 221
497 221
496 221
495 222
494 222
493 222
492 222
491 222
490 223
489 223
488 223
487 223
486 224
485 224
484 224
483 224
482 225
481 225
480 225
479 225
478 226
477 226
476 226
475 227
474 227
473 227
472 228
471 228
470 228
469 229
468 229
467 229
466 230
465 230
464 231
463 231
462 231
461 232
460 232
459 232
458 233
457 233
456 234
455 234
454 234
453 235
452 235
451 235
450 236
449 236
448 237
447 237
446 237
445 238
444 238
443 238
442 239
441 239
440 239
439 240
438 240
437 240
436 241
435 241
434 241
433 242
432 242
431 242
430 243
429 243
428 243
427 244
426 244
425 244
424 245
423 245
422 245
421 245
420 246
419 246
418 246
417 247
416 247
415 247
414 247
413 248
412 248
411 248
410 248
409 249
408 249
407 249
406 249
405 250
404 250
403 250
402 250
401 250
400 251
399 251
398 251
397 251
396 251
395 252
394 252
393 252
392 252
391 252
390 252
389 253
388 253
387 253
386 253
385 253
384 253
383 253
382 253
381 254
380 254
379 254
378 254
377 254
376 254
375 253
374 252
373 251
373 250
372 249
372 248
372 247
372 246
372 245
372 244
372 243
372 242
372 241
372 240
372 239
372 238
372 237
372 236
371 235
371 234
370 233
369 232
368 231
367 231
366 231
365 231
364 231
363 232
362 232
361 233
360 233
359 234
358 235
357 236
357 237
356 238
355 239
354 240
353 241
353 242
352 243
351 244
350 245
349 244
348 243
348 242
348 241
348 240
347 239
347 238
346 237
346 236
345 235
344 234
343 233
342 233
341 232
340 232
339 232
338 232
337 232
336 232
335 233
334 233
333 234
332 235
331 236
331 237
330 238
330 239
329 240
329 241
329 242
329 243
329 244
329 245
329 246
329 247
329 248
329 249
329 250
329 251
329 252
329 253
329 254
329 255
329 256
329 257
329 258
329 259
329 260
329 261
329 262
329 263
329 264
329 265
329 266
329 267
329 268
329 269
329 270
329 271
329 272
329 273
329 274
329 275
329 276
329 277
329 278
329 279
329 280
329 281
329 282
329 283
329 284
329 285
329 286
329 287
329 288
329 289
329 290
329 291
329 292
329 293
329 294
329 295
329 296
329 297
329 298
329 299
329 300
329 301
329 302
329 303
329 304
329 305
329 306
329 307
329 308
329 309
329 310
329 311
329 312
329 313
329 314
329 315
329 316
329 317
329 318
329 319
329 320
329 321
329 322
329 323
329 324
329 325
329 326
329 327
329 328
329 329
329 330
329 331
329 332
329 333
329 334
329 335
329 336
329 337
329 338
329 339
329 340
329 341
329 342
329 343
329 344
329 345
329 346
329 347
329 348
329 349
329 350
329 351
329 352
329 353
329 354
329 355
329 356
329 357
329 358
329 359
329 360
329 361
329 362
329 363
329 364
329 365
329 366
329 367
329 368
329 369
329 370
329 371
329 372
329 373
329 374
329 375
329 376
329 377
329 378
329 379
329 380
329 381
329 382
329 383
329 384
329 385
329 386
329 387
329 388
329 389
329 390
329 391
329 392
329 393
329 394
329 395
329 396
329 397
329 398
329 399
329 400
329 401
329 402
329 403
329 404
329 405
329 406
329 407
329 408
329 409
329 410
329 411
329 412
329 413
329 414
329 415
329 416
329 417
329 418
329 419
329 420
329 421
329 422
329 423
329 424
329 425
329 426
329 427
329 428
329 429
329 430
329 431
329 432
329 433
329 434
329 435
329 436
329 437
329 438
329 439
329 440
329 441
329 442
329 443
329 444
329 445
329 446
329 447
329 448
329 449
329 450
329 451
329 452
329 453
329 454
329 455
329 456
329 457
329 458
329 459
329 460
329 461
329 462
329 463
329 464
329 465
329 466
329 467
329 468
329 469
329 470
329 471
329 472
329 473
329 474
329 475
329 476
329 477
329 478
329 479
329 480
329 481
329 482
329 483
329 484
329 485
329 486
329 487
329 488
329 489
329 490
329 491
329 492
329 493
329 494
329 495
329 496
329 497
329 498
329 499
329 500
329 501
329 502
329 503
329 504
329 505
329 506
329 507
329 508
329 509
329 510
329 511
329 512
329 513
329 514
329 515
329 516
329 517
329 518
329 519
329 520
329 521
329 522
329 523
329 524
329 525
329 526
329 527
329 528
329 529
329 530
329 531
329 532
329 533
329 534
329 535
329 536
329 537
329 538
329 539
329 540
329 541
329 542
329 543
329 544
329 545
329 546
329 547
329 548
329 549
329 550
329 551
329 552
329 553
329 554
329 555
329 556
329 557
329 558
329 559
329 560
329 561
330 562
330 563
330 564
331 565
332 566
332 567
333 568
334 568
335 569
336 569
337 569
338 569
339 569
340 569
341 569
342 568
343 568
344 567
345 566
346 565
347 564
347 563
347 562
348 561
348 560
348 559
349 558
349 557
350 556
351 557
352 558
352 559
353 560
354 561
355 562
356 563
356 564
357 565
358 566
359 567
360 568
361 569
362 569
363 570
364 570
365 570
366 570
367 570
368 570
369 569
370 569
370 568
371 567
372 566
372 565
372 564
372 563
372 562
372 561
372 560
372 559
372 558
372 557
372 556
372 555
372 554
372 553
372 552
373 551
373 550
374 549
375 548
376 548
377 548
378 548
379 548
380 548
381 548
382 548
383 548
384 548
385 548
386 548
387 548
388 549
389 549
390 549
391 549
392 549
393 549
394 549
395 550
396 550
397 550
398 550
399 550
400 551
401 551
402 551
403 551
404 551
405 552
406 552
407 552
408 552
409 553
410 553
411 553
412 553
413 554
414 554
415 554
416 554
417 555
418 555
419 555
420 556
421 556
422 556
423 556
424 557
425 557
426 557
427 558
428 558
429 558
430 559
431 559
432 559
433 560
434 560
435 560
436 561
437 561
438 561
439 562
440 562
441 562
442 563
443 563
444 563
445 564
446 564
447 564
448 565
449 565
450 565
451 566
452 566
453 567
454 567
455 567
456 568
457 568
458 568
459 569
460 569
461 570
462 570
463 570
464 571
465 571
466 571
467 572
468 572
469 573
470 573
471 573
472 574
473 574
474 574
475 575
476 575
477 575
478 576
479 576
480 576
481 576
482 577
483 577
484 577
485 577
486 578
487 578
488 578
489 578
490 579
491 579
492 579
493 579
494 580
495 580
496 580
497 580
498 580
499 580
500 581
501 581
502 581
503 581
504 581
505 581
506 581
507 582
508 582
509 582
510 582
511 582
512 582
513 582
514 582
515 582
516 582
517 582
518 583
519 583
520 583
521 583
522 583
523 583
524 583
525 583
526 583
527 583
528 583
529 583
530 583
531 583
532 583
533 583
534 583
535 583
536 583
537 583
538 583
539 582
540 582
541 582
542 582
543 582
544 582
545 582
546 582
547 582
548 582
549 582
550 581
551 581
552 581
553 581
554 581
555 581
556 581
557 580
558 580
559 580
560 580
561 580
562 580
563 579
564 579
565 579
566 579
567 578
568 578
569 578
570 578
571 577
572 577
573 577
574 577
575 576
576 576
577 576
578 576
579 575
580 575
581 575
582 574
583 574
584 574
585 573
586 573
587 573
588 572
589 572
590 572
591 571
592 571
593 570
594 570
595 570
596 569
597 569
598 568
599 568
600 567
601 567
602 566
603 566
604 566
605 565
606 565
607 564
608 564
609 563
610 562
611 562
612 561
613 561
614 560
615 560
616 559
617 559
618 558
619 557
620 557
621 556
622 556
623 555
624 554
625 554
626 553
627 552
628 552
629 551
630 550
631 549
632 549
633 548
634 547
635 546
636 546
637 545
638 544
639 543
640 542
641 542
642 541
643 540
644 539
645 538
646 537
647 536
648 535
649 535
650 534
651 533
652 532
653 531
654 530
655 529
656 528
656 527
657 526
658 525
659 524
660 523
661 522
662 521
663 520
664 519
664 518
665 517
666 516
667 515
668 514
668 513
669 512
670 511
671 510
671 509
672 508
673 507
673 506
674 505
675 504
675 503
676 502
677 501
677 500
678 499
679 498
679 497
680 496
680 495
681 494
682 493
682 492
683 491
683 490
684 489
684 488
685 487
685 486
686 485
686 484
687 483
687 482
688 481
688 480
689 479
689 478
690 477
690 476
691 475
691 474
691 473
692 472
692 471
693 470
693 469
693 468
694 467
694 466
695 465
695 464
695 463
696 462
696 461
696 460
697 459
697 458
697 457
698 456
698 455
698 454
698 453
699 452
699 451
699 450
700 449
700 448
700 447
700 446
700 445
701 444
701 443
701 442
701 441
702 440
702 439
702 438
702 437
702 436
703 435
703 434
703 433
703 432
703 431
703 430
704 429
704 428
704 427
704 426
704 425
704 424
704 423
704 422
705 421
705 420
705 419
705 418
705 417
705 416
705 415
705 414
705 413
705 412
705 411
705 410
705 409
705 408
705 407
705 406
705 405
705 404
706 403
706 402
706 401
706 400
706 399
705 398
705 397
705 396
705 395
705 394
705 393
705 392
705 391
705 390
705 389
705 388
705 387
705 386
705 385
705 384
705 383
705 382
705 381
705 380
704 379
704 378
704 377
704 376
704 375
704 374
704 373
704 372
703 371
703 370
703 369
703 368
703 367
702 366
702 365
702 364
702 363
702 362
702 361
701 360
701 359
701 358
701 357
700 356
700 355
700 354
700 353
699 352
699 351
699 350
699 349
698 348
698 347
698 346
697 345
697 344
697 343
696 342
696 341
696 340
695 339
695 338
695 337
694 336
694 335
694 334
693 333
693 332
692 331
692 330
692 329
691 328
691 327
690 326
690 325
689 324
689 323
689 322
688 321
688 320
687 319
687 318
686 317
686 316
685 315
685 314
684 313
684 312
683 311
682 310
682 309
681 308
681 307
680 306
680 305
679 304
678 303
678 302
677 301
677 300
676 299
675 298
675 297
674 296
673 295
672 294
672 293
671 292
670 291
670 290
669 289
668 288
667 287
666 286
666 285
665 284
664 283
663 282
662 281
662 280
661 279
660 278
659 277
658 276
657 275
656 274
655 273
654 272
653 271
652 270
651 269
650 268
649 267
648 266
647 265
646 264
645 263
644 262
643 261
642 260
641 260
640 259
639 258
638 257
637 256
636 256
635 255
634 254
633 253
632 253
631 252
630 251
629 250
628 250
627 249
626 248
625 248
624 247
623 246
622 246
621 245
620 244
619 244
618 243
617 243
616 242
615 242
614 241
613 240
612 240
611 239
610 239
609 238
608 238
607 237
606 237
605 236
604 236
603 235
602 235
601 234
600 234
599 233
598 233
597 233
596 232
595 232
594 231
593 231
592 231
591 230
590 230
589 229
588 229
587 229
586 228
585 228
584 228
583 227
582 227
581 227
580 226
579 226
578 226
577 225
576 225
575 225
574 225
573 224
572 224
571 224
570 224
569 223
568 223
567 223
566 223
565 222
564 222
563 222
562 222
561 222
560 221
559 221
558 221
557 221
556 221
555 221
554 220
553 220
552 220
551 220
550 220
549 220
548 220
547 219
546 219
545 219
544 219
543 219
542 219
541 219
540 219
539 219
538 219
537 219
536 219
535 219
534 219
533 219
532 219
531 219
530 218
529 218
528 218
527 218
526 218
