383 194
382 195
381 196
380 196
379 197
378 198
377 198
376 199
375 200
374 201
373 202
373 203
372 204
371 205
370 206
370 207
369 208
369 209
368 210
367 211
367 212
366 213
366 214
365 215
365 216
364 217
364 218
364 219
363 220
363 221
362 222
362 223
362 224
361 225
361 226
361 227
361 228
360 229
360 230
360 231
360 232
360 233
360 234
360 235
360 236
360 237
360 238
360 239
360 240
360 241
360 242
360 243
360 244
360 245
360 246
360 247
360 248
360 249
360 250
360 251
360 252
360 253
360 254
360 255
360 256
360 257
360 258
360 259
360 260
360 261
360 262
360 263
360 264
360 265
360 266
360 267
360 268
360 269
360 270
360 271
360 272
360 273
360 274
360 275
360 276
360 277
360 278
360 279
360 280
360 281
360 282
360 283
360 284
360 285
360 286
360 287
360 288
360 289
360 290
360 291
360 292
360 293
360 294
360 295
360 296
360 297
360 298
360 299
360 300
360 301
360 302
360 303
360 304
360 305
360 306
360 307
360 308
360 309
360 310
360 311
360 312
360 313
360 314
360 315
360 316
360 317
360 318
360 319
360 320
360 321
360 322
360 323
360 324
360 325
360 326
360 327
360 328
360 329
360 330
360 331
360 332
360 333
360 334
360 335
360 336
360 337
360 338
360 339
360 340
360 341
360 342
360 343
360 344
360 345
360 346
360 347
360 348
360 349
360 350
360 351
360 352
360 353
360 354
360 355
360 356
360 357
360 358
360 359
360 360
360 361
360 362
360 363
360 364
360 365
360 366
360 367
360 368
360 369
360 370
360 371
360 372
360 373
360 374
360 375
360 376
360 377
360 378
360 379
360 380
360 381
360 382
360 383
360 384
360 385
360 386
360 387
360 388
360 389
360 390
360 391
360 392
360 393
360 394
360 395
360 396
360 397
360 398
360 399
360 400
360 401
360 402
360 403
360 404
360 405
360 406
360 407
360 408
360 409
360 410
360 411
360 412
360 413
360 414
360 415
360 416
360 417
360 418
360 419
360 420
360 421
360 422
360 423
360 424
360 425
360 426
360 427
360 428
360 429
360 430
360 431
360 432
360 433
360 434
360 435
360 436
360 437
360 438
360 439
360 440
360 441
360 442
360 443
360 444
360 445
360 446
360 447
360 448
360 449
360 450
360 451
360 452
360 453
360 454
360 455
360 456
360 457
360 458
360 459
360 460
360 461
360 462
360 463
360 464
360 465
360 466
360 467
360 468
360 469
360 470
360 471
360 472
360 473
360 474
360 475
360 476
360 477
360 478
360 479
360 480
360 481
360 482
360 483
360 484
360 485
360 486
360 487
360 488
360 489
360 490
360 491
360 492
360 493
360 494
360 495
360 496
360 497
360 498
360 499
360 500
360 501
360 502
360 503
360 504
360 505
360 506
360 507
360 508
360 509
360 510
360 511
360 512
360 513
360 514
360 515
360 516
360 517
360 518
360 519
360 520
360 521
360 522
360 523
360 524
360 525
360 526
360 527
360 528
360 529
360 530
360 531
360 532
360 533
360 534
360 535
360 536
360 537
360 538
360 539
360 540
360 541
360 542
360 543
360 544
360 545
360 546
360 547
360 548
360 549
360 550
360 551
360 552
360 553
360 554
360 555
360 556
360 557
360 558
361 559
361 560
361 561
361 562
362 563
362 564
362 565
363 566
363 567
364 568
364 569
364 570
365 571
365 572
366 573
366 574
367 575
367 576
368 577
368 578
369 579
370 580
370 581
371 582
372 583
373 584
373 585
374 586
375 587
376 588
377 589
378 589
379 590
380 591
381 591
382 592
383 593
384 593
385 593
386 593
387 593
388 593
389 593
390 593
391 593
392 593
393 592
394 591
395 591
396 590
397 589
398 589
399 588
399 587
400 586
400 585
400 584
400 583
400 582
400 581
400 580
399 579
399 578
398 577
398 576
397 575
396 574
396 573
395 572
395 571
396 570
397 569
398 568
399 568
400 568
401 567
402 567
403 567
404 567
405 567
406 567
407 567
408 567
409 567
410 567
411 566
412 566
413 566
414 566
415 566
416 566
417 566
418 566
419 566
420 566
421 566
422 566
423 566
424 565
425 565
426 565
427 565
428 565
429 565
430 565
431 565
432 565
433 565
434 565
435 565
436 565
437 565
438 564
439 564
440 564
441 564
442 564
443 564
444 564
445 564
446 564
447 564
448 564
449 564
450 563
451 563
452 563
453 563
454 563
455 563
456 563
457 563
458 563
459 563
460 562
461 562
462 562
463 562
464 562
465 562
466 562
467 562
468 562
469 561
470 561
471 561
472 561
473 561
474 561
475 561
476 560
477 560
478 560
479 560
480 560
481 560
482 560
483 559
484 559
485 559
486 559
487 559
488 558
489 558
490 558
491 558
492 558
493 558
494 557
495 557
496 557
497 557
498 557
499 556
500 556
501 556
502 556
503 555
504 555
505 555
506 555
507 555
508 554
509 554
510 554
511 554
512 553
513 553
514 553
515 553
516 552
517 552
518 552
519 552
520 551
521 551
522 551
523 550
524 550
525 550
526 549
527 549
528 549
529 548
530 548
531 547
532 547
533 547
534 546
535 546
536 545
537 545
538 545
539 544
540 544
541 543
542 543
543 542
544 542
545 541
546 541
547 540
548 540
549 539
550 539
551 538
552 537
553 537
554 536
555 536
556 535
557 534
558 534
559 533
560 533
561 532
562 531
563 530
564 530
565 529
566 528
567 528
568 527
569 526
570 525
571 525
572 524
573 523
574 522
575 521
576 520
577 520
578 519
579 518
580 517
581 516
582 515
583 514
584 513
585 512
586 511
587 510
588 509
589 508
590 507
591 506
591 505
592 504
593 503
594 502
595 501
596 500
596 499
597 498
598 497
599 496
600 495
600 494
601 493
602 492
602 491
603 490
604 489
604 488
605 487
606 486
606 485
607 484
608 483
608 482
609 481
610 480
610 479
611 478
611 477
612 476
612 475
613 474
613 473
614 472
614 471
615 470
615 469
616 468
616 467
617 466
617 465
618 464
618 463
619 462
619 461
620 460
620 459
620 458
621 457
621 456
622 455
622 454
622 453
623 452
623 451
623 450
624 449
624 448
624 447
625 446
625 445
625 444
626 443
626 442
626 441
626 440
627 439
627 438
627 437
628 436
628 435
628 434
628 433
629 432
629 431
629 430
629 429
629 428
630 427
630 426
630 425
630 424
630 423
631 422
631 421
631 420
631 419
631 418
631 417
631 416
632 415
632 414
632 413
632 412
632 411
632 410
632 409
632 408
632 407
632 406
633 405
633 404
633 403
633 402
633 401
633 400
633 399
633 398
633 397
633 396
633 395
633 394
633 393
633 392
633 391
633 390
633 389
633 388
633 387
633 386
633 385
633 384
633 383
633 382
632 381
632 380
632 379
632 378
632 377
632 376
632 375
632 374
632 373
632 372
631 371
631 370
631 369
631 368
631 367
631 366
631 365
630 364
630 363
630 362
630 361
630 360
629 359
629 358
629 357
629 356
629 355
628 354
628 353
628 352
628 351
627 350
627 349
627 348
626 347
626 346
626 345
626 344
625 343
625 342
625 341
624 340
624 339
624 338
623 337
623 336
623 335
622 334
622 333
622 332
621 331
621 330
620 329
620 328
619 327
619 326
619 325
618 324
618 323
617 322
617 321
616 320
616 319
615 318
615 317
614 316
614 315
613 314
613 313
612 312
612 311
611 310
611 309
610 308
610 307
609 306
608 305
608 304
607 303
606 302
606 301
605 300
604 299
604 298
603 297
602 296
602 295
601 294
600 293
600 292
599 291
598 290
597 289
596 288
596 287
595 286
594 285
593 284
592 283
591 282
591 281
590 280
589 279
588 278
587 277
586 276
585 275
584 274
583 273
582 272
581 271
580 270
579 269
578 268
577 267
576 267
575 266
574 265
573 264
572 263
571 262
570 262
569 261
568 260
567 259
566 259
565 258
564 257
563 257
562 256
561 255
560 254
559 254
558 253
557 253
556 252
555 251
554 251
553 250
552 250
551 249
550 248
549 248
548 247
547 247
546 246
545 246
544 245
543 245
542 244
541 244
540 243
539 243
538 242
537 242
536 242
535 241
534 241
533 240
532 240
531 240
530 239
529 239
528 238
527 238
526 238
525 237
524 237
523 237
522 236
521 236
520 236
519 235
518 235
517 235
516 235
515 234
514 234
513 234
512 234
511 233
510 233
509 233
508 233
507 232
506 232
505 232
504 232
503 232
502 231
501 231
500 231
499 231
498 230
497 230
496 230
495 230
494 230
493 229
492 229
491 229
490 229
489 229
488 229
487 228
486 228
485 228
484 228
483 228
482 227
481 227
480 227
479 227
478 227
477 227
476 227
475 226
474 226
473 226
472 226
471 226
470 226
469 226
468 225
467 225
466 225
465 225
464 225
463 225
462 225
461 225
460 225
459 224
458 224
457 224
456 224
455 224
454 224
453 224
452 224
451 224
450 224
449 223
448 223
447 223
446 223
445 223
444 223
443 223
442 223
441 223
440 223
439 223
438 223
437 222
436 222
435 222
434 222
433 222
432 222
431 222
430 222
429 222
428 222
427 222
426 222
425 222
424 222
423 221
422 221
421 221
420 221
419 221
418 221
417 221
416 221
415 221
414 221
413 221
412 221
411 221
410 220
409 220
408 220
407 220
406 220
405 220
404 220
403 220
402 220
401 220
400 219
399 219
398 219
397 218
396 217
395 216
395 215
396 214
396 213
397 212
398 211
398 210
399 209
399 208
400 207
400 206
400 205
400 204
400 203
400 202
400 201
399 200
399 199
398 198
397 198
396 197
395 196
394 196
393 195
392 195
391 194
390 194
389 194
388 194
387 194
386 194
385 194
384 194
383 194
