488 177
487 178
486 178
485 178
484 179
483 180
483 181
482 182
481 183
480 184
480 185
479 186
478 187
478 188
477 189
476 190
476 191
475 192
474 193
474 194
473 195
473 196
472 197
472 198
471 199
471 200
470 201
470 202
469 203
469 204
468 205
468 206
467 207
467 208
467 209
466 210
466 211
466 212
465 213
465 214
465 215
465 216
464 217
464 218
464 219
464 220
464 221
463 222
463 223
463 224
463 225
463 226
463 227
463 228
463 229
463 230
463 231
463 232
463 233
463 234
463 235
463 236
463 237
463 238
463 239
463 240
463 241
463 242
463 243
463 244
463 245
463 246
463 247
463 248
463 249
463 250
463 251
463 252
463 253
463 254
463 255
463 256
463 257
463 258
463 259
463 260
463 261
463 262
463 263
463 264
463 265
463 266
463 267
463 268
463 269
463 270
463 271
463 272
463 273
463 274
463 275
463 276
463 277
463 278
463 279
463 280
463 281
463 282
463 283
463 284
463 285
463 286
463 287
463 288
463 289
463 290
463 291
463 292
463 293
463 294
463 295
463 296
463 297
463 298
463 299
463 300
463 301
463 302
463 303
463 304
463 305
463 306
463 307
463 308
463 309
463 310
463 311
463 312
463 313
463 314
463 315
463 316
463 317
463 318
463 319
463 320
463 321
463 322
463 323
463 324
463 325
463 326
463 327
463 328
463 329
463 330
463 331
463 332
463 333
463 334
463 335
463 336
463 337
463 338
463 339
463 340
463 341
463 342
463 343
463 344
463 345
463 346
463 347
463 348
463 349
463 350
463 351
463 352
463 353
463 354
463 355
463 356
463 357
463 358
463 359
463 360
463 361
463 362
463 363
463 364
463 365
463 366
463 367
463 368
463 369
463 370
463 371
463 372
463 373
463 374
463 375
463 376
463 377
463 378
463 379
463 380
463 381
463 382
463 383
463 384
463 385
463 386
463 387
463 388
463 389
463 390
463 391
463 392
463 393
463 394
463 395
463 396
463 397
463 398
463 399
463 400
463 401
463 402
463 403
463 404
463 405
463 406
463 407
463 408
463 409
463 410
463 411
463 412
463 413
463 414
463 415
463 416
463 417
463 418
463 419
463 420
463 421
463 422
463 423
463 424
463 425
463 426
463 427
463 428
463 429
463 430
463 431
463 432
463 433
463 434
463 435
463 436
463 437
463 438
463 439
463 440
463 441
463 442
463 443
463 444
463 445
463 446
463 447
463 448
463 449
463 450
463 451
463 452
463 453
463 454
463 455
463 456
463 457
463 458
463 459
463 460
463 461
463 462
463 463
463 464
463 465
463 466
463 467
463 468
463 469
463 470
463 471
463 472
463 473
463 474
463 475
463 476
463 477
463 478
463 479
463 480
463 481
463 482
463 483
463 484
463 485
463 486
463 487
463 488
463 489
463 490
463 491
463 492
463 493
463 494
463 495
463 496
463 497
463 498
463 499
463 500
463 501
463 502
463 503
463 504
463 505
463 506
463 507
463 508
463 509
463 510
463 511
463 512
463 513
463 514
463 515
463 516
463 517
463 518
463 519
463 520
463 521
463 522
463 523
463 524
463 525
463 526
463 527
463 528
463 529
463 530
463 531
463 532
463 533
463 534
463 535
463 536
463 537
463 538
463 539
463 540
463 541
463 542
463 543
463 544
463 545
463 546
463 547
463 548
463 549
463 550
463 551
463 552
463 553
463 554
463 555
463 556
463 557
463 558
463 559
463 560
463 561
463 562
463 563
463 564
463 565
463 566
463 567
463 568
463 569
463 570
463 571
463 572
463 573
463 574
463 575
463 576
463 577
463 578
463 579
463 580
464 581
464 582
464 583
464 584
464 585
465 586
465 587
465 588
466 589
466 590
466 591
467 592
467 593
467 594
468 595
468 596
468 597
469 598
469 599
470 600
470 601
471 602
471 603
472 604
472 605
473 606
474 607
474 608
475 609
475 610
476 611
477 612
477 613
478 614
479 615
479 616
480 617
481 618
482 619
482 620
483 621
484 622
485 623
486 624
487 624
488 624
489 624
490 624
491 624
492 623
493 623
494 622
494 621
495 620
495 619
496 618
496 617
496 616
497 615
497 614
498 613
498 612
499 611
499 610
500 609
500 608
501 607
501 606
502 605
502 604
503 603
503 602
504 601
504 600
505 599
505 598
505 597
506 596
507 595
507 594
508 593
508 592
508 591
509 590
510 589
510 588
511 587
511 586
512 585
512 584
513 583
513 582
514 581
514 580
515 579
515 578
516 577
516 576
517 575
517 574
518 573
518 572
519 571
519 570
520 569
520 568
521 567
522 566
522 565
523 564
523 563
524 562
524 561
525 560
525 559
526 558
526 557
527 556
527 555
528 554
529 553
529 552
530 551
530 550
531 549
531 548
532 547
532 546
533 545
533 544
534 543
534 542
535 541
536 540
536 539
537 538
537 537
538 536
538 535
539 534
539 533
540 532
541 531
541 530
542 529
542 528
543 527
543 526
544 525
544 524
545 523
545 522
546 521
547 520
547 519
548 518
548 517
549 516
549 515
550 514
551 513
551 512
552 511
552 510
553 509
553 508
554 507
555 506
555 505
556 504
556 503
557 502
557 501
558 500
559 499
559 498
560 497
560 496
561 495
561 494
562 493
563 492
563 491
564 490
564 489
565 488
565 487
566 486
567 485
567 484
568 483
568 482
569 481
569 480
570 479
571 478
571 477
572 476
572 475
573 474
573 473
574 472
575 471
575 470
576 469
576 468
577 467
578 466
578 465
579 464
579 463
580 462
580 461
581 460
581 459
582 458
583 457
583 456
584 455
584 454
585 453
585 452
586 451
587 450
587 449
588 448
588 447
589 446
589 445
589 444
590 443
590 442
591 441
591 440
592 439
592 438
592 437
593 436
593 435
593 434
594 433
594 432
595 431
595 430
595 429
596 428
596 427
596 426
596 425
597 424
597 423
597 422
598 421
598 420
598 419
598 418
599 417
599 416
599 415
599 414
599 413
600 412
600 411
600 410
600 409
600 408
600 407
600 406
601 405
601 404
601 403
601 402
601 401
601 400
601 399
601 398
601 397
600 396
600 395
600 394
600 393
600 392
600 391
600 390
600 389
599 388
599 387
599 386
599 385
598 384
598 383
598 382
598 381
598 380
597 379
597 378
597 377
596 376
596 375
596 374
595 373
595 372
595 371
594 370
594 369
594 368
593 367
593 366
593 365
592 364
592 363
591 362
591 361
591 360
590 359
590 358
589 357
589 356
588 355
588 354
587 353
587 352
586 351
586 350
585 349
585 348
584 347
584 346
583 345
582 344
582 343
581 342
581 341
580 340
580 339
579 338
578 337
578 336
577 335
577 334
576 333
576 332
575 331
574 330
574 329
573 328
573 327
572 326
572 325
571 324
570 323
570 322
569 321
569 320
568 319
568 318
567 317
566 316
566 315
565 314
565 313
564 312
564 311
563 310
562 309
562 308
561 307
561 306
560 305
560 304
559 303
558 302
558 301
557 300
557 299
556 298
556 297
555 296
554 295
554 294
553 293
553 292
552 291
552 290
551 289
550 288
550 287
549 286
549 285
548 284
547 283
547 282
546 281
546 280
545 279
545 278
544 277
544 276
543 275
542 274
542 273
541 272
541 271
540 270
540 269
539 268
539 267
538 266
538 265
537 264
536 263
536 262
535 261
535 260
534 259
534 258
533 257
533 256
532 255
531 254
531 253
530 252
530 251
529 250
529 249
528 248
528 247
527 246
527 245
526 244
526 243
525 242
524 241
524 240
523 239
523 238
522 237
522 236
521 235
521 234
520 233
520 232
519 231
519 230
518 229
518 228
517 227
516 226
516 225
515 224
515 223
514 222
514 221
513 220
513 219
512 218
512 217
511 216
511 215
510 214
510 213
509 212
509 211
508 210
508 209
507 208
507 207
506 206
506 205
505 204
505 203
504 202
504 201
503 200
503 199
502 198
502 197
501 196
501 195
500 194
500 193
500 192
499 191
499 190
498 189
498 188
497 187
497 186
496 185
496 184
495 183
495 182
494 181
494 180
493 179
493 178
492 178
491 178
490 177
489 177
488 177
