376 174
375 175
374 175
373 176
372 177
371 178
370 179
370 180
369 181
369 182
368 183
368 184
368 185
367 186
367 187
367 188
367 189
366 190
366 191
366 192
366 193
366 194
366 195
366 196
366 197
366 198
366 199
366 200
366 201
366 202
366 203
366 204
366 205
366 206
366 207
366 208
366 209
366 210
366 211
366 212
366 213
366 214
366 215
366 216
366 217
366 218
366 219
366 220
366 221
366 222
366 223
366 224
366 225
366 226
366 227
366 228
366 229
366 230
366 231
366 232
366 233
366 234
366 235
366 236
366 237
366 238
366 239
366 240
366 241
366 242
366 243
366 244
366 245
366 246
366 247
366 248
366 249
366 250
366 251
366 252
366 253
366 254
366 255
366 256
366 257
366 258
366 259
366 260
366 261
366 262
366 263
366 264
366 265
366 266
366 267
366 268
366 269
366 270
366 271
366 272
366 273
366 274
366 275
366 276
366 277
366 278
366 279
366 280
366 281
366 282
366 283
366 284
366 285
366 286
366 287
366 288
366 289
366 290
366 291
366 292
366 293
366 294
366 295
366 296
366 297
366 298
366 299
366 300
366 301
366 302
366 303
366 304
366 305
366 306
366 307
366 308
366 309
366 310
366 311
366 312
366 313
366 314
366 315
366 316
366 317
366 318
366 319
366 320
366 321
366 322
366 323
366 324
366 325
366 326
366 327
366 328
366 329
366 330
366 331
366 332
366 333
366 334
366 335
366 336
366 337
366 338
366 339
366 340
366 341
366 342
366 343
366 344
366 345
366 346
366 347
366 348
366 349
366 350
366 351
366 352
366 353
366 354
366 355
366 356
366 357
366 358
366 359
366 360
366 361
366 362
366 363
366 364
366 365
366 366
366 367
366 368
366 369
366 370
366 371
366 372
366 373
366 374
366 375
366 376
366 377
366 378
366 379
366 380
366 381
366 382
366 383
366 384
366 385
366 386
366 387
366 388
366 389
366 390
366 391
366 392
366 393
366 394
366 395
366 396
366 397
366 398
366 399
366 400
366 401
366 402
366 403
366 404
366 405
366 406
366 407
366 408
366 409
366 410
366 411
366 412
366 413
366 414
366 415
366 416
366 417
366 418
366 419
366 420
366 421
366 422
366 423
366 424
366 425
366 426
366 427
366 428
366 429
366 430
366 431
366 432
366 433
366 434
366 435
366 436
366 437
366 438
366 439
366 440
366 441
366 442
366 443
366 444
366 445
366 446
366 447
366 448
366 449
366 450
366 451
366 452
366 453
366 454
366 455
366 456
366 457
366 458
366 459
366 460
366 461
366 462
366 463
366 464
366 465
366 466
366 467
366 468
366 469
366 470
366 471
366 472
366 473
366 474
366 475
366 476
366 477
366 478
366 479
366 480
366 481
366 482
366 483
366 484
366 485
366 486
366 487
366 488
366 489
366 490
366 491
366 492
366 493
366 494
366 495
366 496
366 497
366 498
366 499
366 500
366 501
366 502
366 503
366 504
366 505
366 506
366 507
366 508
366 509
366 510
366 511
366 512
366 513
366 514
366 515
366 516
366 517
366 518
366 519
366 520
366 521
366 522
366 523
366 524
366 525
366 526
366 527
366 528
366 529
366 530
366 531
366 532
366 533
366 534
366 535
366 536
366 537
366 538
366 539
366 540
366 541
366 542
366 543
366 544
366 545
366 546
366 547
366 548
366 549
366 550
366 551
366 552
366 553
366 554
366 555
366 556
366 557
366 558
366 559
366 560
366 561
366 562
366 563
366 564
366 565
366 566
366 567
366 568
366 569
366 570
366 571
366 572
366 573
366 574
366 575
366 576
366 577
366 578
366 579
366 580
366 581
366 582
366 583
366 584
366 585
366 586
366 587
366 588
366 589
366 590
366 591
366 592
366 593
366 594
366 595
366 596
366 597
366 598
366 599
366 600
366 601
366 602
366 603
366 604
366 605
366 606
366 607
366 608
366 609
366 610
366 611
367 612
367 613
367 614
367 615
368 616
368 617
368 618
369 619
369 620
370 621
370 622
371 623
371 624
372 625
373 626
374 626
375 627
376 627
377 627
378 627
379 628
380 627
381 627
382 627
383 627
384 626
385 626
386 625
387 625
388 624
389 623
389 622
390 621
390 620
390 619
391 618
391 617
391 616
391 615
391 614
392 613
393 612
394 612
395 612
396 612
397 612
398 611
399 611
400 611
401 611
402 611
403 610
404 610
405 610
406 610
407 610
408 610
409 609
410 609
411 609
412 609
413 609
414 609
415 609
416 609
417 609
418 608
419 608
420 608
421 608
422 608
423 608
424 608
425 608
426 608
427 608
428 608
429 608
430 608
431 608
432 608
433 608
434 608
435 608
436 608
437 608
438 608
439 608
440 608
441 608
442 608
443 608
444 608
445 608
446 608
447 608
448 608
449 608
450 608
451 608
452 608
453 608
454 608
455 608
456 608
457 608
458 608
459 608
460 608
461 608
462 608
463 608
464 608
465 608
466 609
467 609
468 609
469 609
470 609
471 609
472 609
473 609
474 609
475 609
476 609
477 610
478 610
479 610
480 610
481 610
482 610
483 610
484 610
485 610
486 610
487 610
488 610
489 611
490 611
491 611
492 611
493 611
494 611
495 611
496 611
497 611
498 611
499 611
500 612
501 612
502 612
503 612
504 612
505 612
506 612
507 612
508 612
509 612
510 612
511 613
512 613
513 613
514 613
515 613
516 613
517 613
518 613
519 613
520 613
521 613
522 613
523 614
524 614
525 614
526 614
527 614
528 614
529 614
530 614
531 614
532 614
533 614
534 614
535 615
536 615
537 615
538 615
539 615
540 615
541 615
542 615
543 615
544 615
545 615
546 615
547 615
548 616
549 616
550 616
551 616
552 616
553 616
554 616
555 616
556 616
557 616
558 616
559 616
560 616
561 617
562 617
563 617
564 617
565 617
566 617
567 617
568 617
569 617
570 617
571 617
572 617
573 617
574 617
575 617
576 617
577 618
578 618
579 618
580 618
581 618
582 618
583 618
584 618
585 618
586 618
587 618
588 618
589 618
590 618
591 618
592 618
593 618
594 618
595 618
596 619
597 619
598 619
599 619
600 619
601 619
602 619
603 619
604 619
605 619
606 619
607 619
608 619
609 619
610 619
611 619
612 619
613 619
614 619
615 619
616 619
617 619
618 619
619 619
620 619
621 619
622 619
623 619
624 619
625 619
626 619
627 619
628 619
629 619
630 619
631 619
632 619
633 619
634 619
635 619
636 619
637 618
638 618
639 618
640 618
641 618
642 618
643 618
644 618
645 618
646 618
647 618
648 618
649 617
650 617
651 617
652 617
653 617
654 617
655 617
656 617
657 617
658 616
659 616
660 616
661 616
662 616
663 616
664 616
665 615
666 615
667 615
668 615
669 615
670 615
671 614
672 614
673 614
674 614
675 614
676 613
677 613
678 613
679 613
680 613
681 612
682 612
683 612
684 612
685 611
686 611
687 611
688 611
689 610
690 610
691 610
692 610
693 609
694 609
695 609
696 608
697 608
698 608
699 608
700 607
701 607
702 607
703 606
704 606
705 606
706 605
707 605
708 605
709 604
710 604
711 603
712 603
713 603
714 602
715 602
716 602
717 601
718 601
719 600
720 600
721 600
722 599
723 599
724 598
725 598
726 597
727 597
728 596
729 596
730 595
731 595
732 595
733 594
734 594
735 593
736 593
737 592
738 591
739 591
740 590
741 590
742 589
743 589
744 588
745 588
746 587
747 586
748 586
749 585
750 585
751 584
752 583
753 583
754 582
755 581
756 581
757 580
758 579
759 579
760 578
761 577
762 577
763 576
764 575
765 575
766 574
767 573
768 572
769 572
770 571
771 570
772 569
773 568
774 568
775 567
776 566
777 565
778 564
779 563
780 563
781 562
782 561
783 560
784 559
785 558
786 557
787 556
788 555
789 554
790 553
791 552
792 551
793 550
794 549
795 548
796 547
797 546
798 545
799 544
800 543
801 542
802 541
803 540
804 539
804 538
805 537
806 536
807 535
808 534
809 533
809 532
810 531
811 530
812 529
813 528
813 527
814 526
815 525
816 524
817 523
817 522
818 521
819 520
819 519
820 518
821 517
822 516
822 515
823 514
824 513
824 512
825 511
826 510
826 509
827 508
828 507
828 506
829 505
830 504
830 503
831 502
832 501
832 500
833 499
833 498
834 497
835 496
836 495
837 495
838 495
839 495
840 495
841 495
842 496
843 496
844 497
845 497
846 498
847 499
848 499
849 500
850 500
851 499
852 498
852 497
853 496
853 495
853 494
853 493
853 492
853 491
853 490
853 489
853 488
853 487
853 486
853 485
853 484
853 483
853 482
853 481
853 480
853 479
853 478
853 477
853 476
853 475
852 474
852 473
851 472
850 472
849 472
848 472
847 471
846 471
845 471
844 470
843 470
842 470
841 469
840 468
839 468
838 467
837 466
837 465
836 464
836 463
836 462
836 461
836 460
835 459
835 458
835 457
835 456
835 455
835 454
835 453
835 452
835 451
835 450
835 449
835 448
835 447
835 446
835 445
835 444
835 443
835 442
835 441
835 440
835 439
835 438
835 437
835 436
835 435
835 434
835 433
835 432
835 431
835 430
835 429
835 428
835 427
835 426
835 425
835 424
835 423
835 422
835 421
835 420
835 419
835 418
835 417
835 416
835 415
835 414
835 413
835 412
835 411
835 410
835 409
835 408
835 407
835 406
835 405
835 404
835 403
835 402
835 401
835 400
835 399
835 398
835 397
835 396
835 395
835 394
835 393
835 392
835 391
835 390
835 389
835 388
835 387
835 386
835 385
835 384
835 383
835 382
835 381
835 380
835 379
835 378
835 377
835 376
835 375
835 374
835 373
835 372
835 371
835 370
835 369
835 368
835 367
835 366
835 365
835 364
835 363
835 362
835 361
835 360
835 359
835 358
835 357
835 356
835 355
835 354
835 353
835 352
835 351
835 350
835 349
835 348
835 347
835 346
835 345
835 344
835 343
835 342
836 341
836 340
836 339
836 338
836 337
837 336
838 335
839 334
840 333
841 332
842 332
843 331
844 331
845 330
846 330
847 330
848 330
849 330
850 329
851 329
852 328
852 327
853 326
853 325
853 324
853 323
853 322
853 321
853 320
853 319
853 318
853 317
853 316
853 315
853 314
853 313
853 312
853 311
853 310
853 309
853 308
853 307
853 306
853 305
852 304
852 303
851 302
850 302
849 302
848 302
847 303
846 303
845 304
844 305
843 305
842 306
841 306
840 306
839 307
838 307
837 307
836 306
835 306
834 305
834 304
833 303
833 302
832 301
831 300
831 299
830 298
830 297
829 296
828 295
827 294
827 293
826 292
825 291
825 290
824 289
823 288
823 287
822 286
821 285
821 284
820 283
819 282
819 281
818 280
817 279
816 278
816 277
815 276
814 275
813 274
812 273
812 272
811 271
810 270
809 269
808 268
808 267
807 266
806 265
805 264
804 263
803 262
802 261
802 260
801 259
800 258
799 257
798 256
797 255
796 254
795 253
794 252
793 251
792 250
791 249
790 248
789 247
788 246
787 245
786 244
785 243
784 242
783 241
782 240
781 240
780 239
779 238
778 237
777 236
776 235
775 234
774 234
773 233
772 232
771 231
770 230
769 230
768 229
767 228
766 227
765 227
764 226
763 225
762 225
761 224
760 223
759 222
758 222
757 221
756 220
755 220
754 219
753 219
752 218
751 217
750 217
749 216
748 215
747 215
746 214
745 214
744 213
743 213
742 212
741 211
740 211
739 210
738 210
737 209
736 209
735 208
734 208
733 207
732 207
731 206
730 206
729 205
728 205
727 204
726 204
725 203
724 203
723 203
722 202
721 202
720 201
719 201
718 201
717 200
716 200
715 199
714 199
713 199
712 198
711 198
710 197
709 197
708 197
707 196
706 196
705 196
704 195
703 195
702 195
701 194
700 194
699 194
698 193
697 193
696 193
695 193
694 192
693 192
692 192
691 191
690 191
689 191
688 191
687 190
686 190
685 190
684 190
683 189
682 189
681 189
680 189
679 189
678 188
677 188
676 188
675 188
674 187
673 187
672 187
671 187
670 187
669 187
668 186
667 186
666 186
665 186
664 186
663 186
662 185
661 185
660 185
659 185
658 185
657 185
656 185
655 184
654 184
653 184
652 184
651 184
650 184
649 184
648 184
647 184
646 183
645 183
644 183
643 183
642 183
641 183
640 183
639 183
638 183
637 183
636 183
635 183
634 183
633 183
632 183
631 182
630 182
629 182
628 182
627 182
626 182
625 182
624 182
623 182
622 182
621 182
620 182
619 182
618 182
617 182
616 182
615 182
614 182
613 182
612 182
611 182
610 182
609 182
608 182
607 182
606 182
605 182
604 182
603 183
602 183
601 183
600 183
599 183
598 183
597 183
596 183
595 183
594 183
593 183
592 183
591 183
590 183
589 183
588 183
587 183
586 183
585 183
584 183
583 183
582 183
581 184
580 184
579 184
578 184
577 184
576 184
575 184
574 184
573 184
572 184
571 184
570 184
569 184
568 184
567 184
566 184
565 185
564 185
563 185
562 185
561 185
560 185
559 185
558 185
557 185
556 185
555 185
554 185
553 185
552 185
551 185
550 186
549 186
548 186
547 186
546 186
545 186
544 186
543 186
542 186
541 186
540 186
539 186
538 186
537 187
536 187
535 187
534 187
533 187
532 187
531 187
530 187
529 187
528 187
527 187
526 188
525 188
524 188
523 188
522 188
521 188
520 188
519 188
518 188
517 188
516 188
515 188
514 189
513 189
512 189
511 189
510 189
509 189
508 189
507 189
506 189
505 189
504 189
503 189
502 190
501 190
500 190
499 190
498 190
497 190
496 190
495 190
494 190
493 190
492 190
491 191
490 191
489 191
488 191
487 191
486 191
485 191
484 191
483 191
482 191
481 191
480 192
479 192
478 192
477 192
476 192
475 192
474 192
473 192
472 192
471 192
470 192
469 192
468 193
467 193
466 193
465 193
464 193
463 193
462 193
461 193
460 193
459 193
458 193
457 193
456 193
455 193
454 193
453 193
452 193
451 194
450 194
449 194
448 194
447 194
446 194
445 194
444 194
443 194
442 194
441 194
440 194
439 194
438 194
437 194
436 194
435 194
434 194
433 194
432 194
431 194
430 193
429 193
428 193
427 193
426 193
425 193
424 193
423 193
422 193
421 193
420 193
419 193
418 193
417 193
416 193
415 193
414 192
413 192
412 192
411 192
410 192
409 192
408 192
407 192
406 191
405 191
404 191
403 191
402 191
401 191
400 190
399 190
398 190
397 190
396 190
395 189
394 189
393 189
392 189
391 188
391 187
391 186
391 185
391 184
391 183
390 182
390 181
390 180
389 179
388 178
388 177
387 177
386 176
385 175
384 175
383 174
382 174
381 174
380 174
379 174
378 174
377 174
376 174
