440 136
439 137
438 137
437 137
436 137
435 137
434 137
433 137
432 137
431 137
430 137
429 137
428 137
427 137
426 137
425 137
424 137
423 137
422 137
421 137
420 138
419 138
418 138
417 138
416 138
415 138
414 138
413 138
412 138
411 138
410 138
409 139
408 139
407 139
406 139
405 139
404 139
403 139
402 139
401 139
400 140
399 140
398 140
397 140
396 140
395 140
394 140
393 141
392 141
391 141
390 141
389 141
388 141
387 141
386 142
385 142
384 142
383 142
382 142
381 143
380 143
379 143
378 143
377 143
376 143
375 144
374 144
373 144
372 144
371 145
370 145
369 145
368 145
367 145
366 146
365 146
364 146
363 146
362 147
361 147
360 147
359 147
358 148
357 148
356 148
355 148
354 149
353 149
352 149
351 149
350 150
349 150
348 150
347 151
346 151
345 151
344 152
343 152
342 152
341 153
340 153
339 153
338 154
337 154
336 154
335 155
334 155
333 155
332 156
331 156
330 156
329 157
328 157
327 158
326 158
325 158
324 159
323 159
322 160
321 160
320 160
319 161
318 161
317 162
316 162
315 162
314 163
313 163
312 164
311 164
310 165
309 165
308 166
307 166
306 167
305 167
304 168
303 168
302 169
301 169
300 170
299 171
298 171
297 172
296 172
295 173
294 173
293 174
292 175
291 175
290 176
289 177
288 178
287 179
286 180
285 181
284 182
283 183
282 184
281 185
280 186
279 187
278 188
278 189
277 190
276 191
276 192
275 193
275 194
274 195
274 196
273 197
273 198
273 199
272 200
272 201
272 202
272 203
272 204
272 205
272 206
272 207
272 208
272 209
272 210
272 211
272 212
272 213
272 214
272 215
272 216
272 217
272 218
272 219
272 220
272 221
272 222
272 223
272 224
272 225
272 226
272 227
272 228
272 229
272 230
272 231
272 232
272 233
272 234
272 235
272 236
272 237
272 238
272 239
272 240
272 241
272 242
272 243
272 244
272 245
272 246
272 247
272 248
272 249
272 250
272 251
272 252
272 253
272 254
272 255
272 256
272 257
272 258
272 259
272 260
272 261
272 262
272 263
272 264
272 265
272 266
272 267
272 268
272 269
272 270
272 271
272 272
272 273
272 274
272 275
272 276
272 277
272 278
272 279
272 280
272 281
272 282
272 283
272 284
272 285
272 286
272 287
272 288
272 289
272 290
272 291
272 292
272 293
272 294
272 295
272 296
272 297
272 298
272 299
272 300
272 301
272 302
272 303
272 304
272 305
272 306
272 307
272 308
272 309
272 310
272 311
272 312
272 313
272 314
272 315
272 316
272 317
272 318
272 319
272 320
272 321
272 322
272 323
272 324
272 325
272 326
272 327
272 328
272 329
272 330
272 331
272 332
272 333
272 334
272 335
272 336
272 337
272 338
272 339
272 340
272 341
272 342
272 343
272 344
272 345
272 346
272 347
272 348
272 349
272 350
272 351
272 352
272 353
272 354
272 355
272 356
272 357
272 358
272 359
272 360
272 361
272 362
272 363
272 364
272 365
272 366
272 367
272 368
272 369
272 370
272 371
272 372
272 373
272 374
272 375
272 376
272 377
272 378
272 379
272 380
272 381
272 382
272 383
272 384
272 385
272 386
272 387
272 388
272 389
272 390
272 391
272 392
272 393
272 394
272 395
272 396
272 397
272 398
272 399
272 400
272 401
272 402
272 403
272 404
272 405
272 406
272 407
272 408
272 409
272 410
272 411
272 412
272 413
272 414
272 415
272 416
272 417
272 418
272 419
272 420
272 421
272 422
272 423
272 424
272 425
272 426
272 427
272 428
272 429
272 430
272 431
272 432
272 433
272 434
272 435
272 436
272 437
272 438
272 439
272 440
272 441
272 442
272 443
272 444
272 445
272 446
272 447
272 448
272 449
272 450
272 451
272 452
272 453
272 454
272 455
272 456
272 457
272 458
272 459
272 460
272 461
272 462
272 463
272 464
272 465
272 466
272 467
272 468
272 469
272 470
272 471
272 472
272 473
272 474
272 475
272 476
272 477
272 478
272 479
272 480
272 481
272 482
272 483
272 484
272 485
272 486
272 487
272 488
272 489
272 490
272 491
272 492
272 493
272 494
272 495
272 496
272 497
272 498
272 499
272 500
272 501
272 502
272 503
272 504
272 505
272 506
272 507
272 508
272 509
272 510
272 511
272 512
272 513
272 514
272 515
272 516
272 517
272 518
272 519
272 520
272 521
272 522
272 523
272 524
272 525
272 526
272 527
272 528
272 529
272 530
272 531
272 532
272 533
272 534
272 535
272 536
272 537
272 538
272 539
272 540
272 541
272 542
272 543
272 544
272 545
272 546
272 547
272 548
272 549
272 550
272 551
272 552
272 553
272 554
272 555
272 556
272 557
272 558
272 559
272 560
272 561
272 562
272 563
272 564
272 565
272 566
272 567
272 568
272 569
272 570
272 571
272 572
272 573
272 574
272 575
272 576
272 577
272 578
272 579
272 580
272 581
272 582
272 583
272 584
272 585
272 586
272 587
272 588
272 589
272 590
272 591
272 592
272 593
272 594
272 595
272 596
272 597
272 598
272 599
272 600
272 601
272 602
272 603
272 604
272 605
272 606
272 607
272 608
272 609
272 610
273 611
273 612
273 613
274 614
274 615
275 616
275 617
276 618
276 619
277 620
278 621
278 622
279 623
280 624
281 625
282 626
283 627
284 628
285 629
286 630
287 631
288 632
289 633
290 634
291 635
292 635
293 636
294 636
295 637
296 638
297 638
298 639
299 639
300 640
301 640
302 641
303 641
304 642
305 643
306 643
307 644
308 644
309 645
310 645
311 645
312 646
313 646
314 647
315 647
316 648
317 648
318 649
319 649
320 649
321 650
322 650
323 651
324 651
325 652
326 652
327 652
328 653
329 653
330 653
331 654
332 654
333 655
334 655
335 655
336 656
337 656
338 656
339 657
340 657
341 657
342 658
343 658
344 658
345 659
346 659
347 659
348 659
349 660
350 660
351 660
352 661
353 661
354 661
355 661
356 662
357 662
358 662
359 663
360 663
361 663
362 663
363 664
364 664
365 664
366 664
367 664
368 665
369 665
370 665
371 665
372 666
373 666
374 666
375 666
376 666
377 667
378 667
379 667
380 667
381 667
382 668
383 668
384 668
385 668
386 668
387 668
388 669
389 669
390 669
391 669
392 669
393 669
394 669
395 670
396 670
397 670
398 670
399 670
400 670
401 670
402 671
403 671
404 671
405 671
406 671
407 671
408 671
409 671
410 671
411 672
412 672
413 672
414 672
415 672
416 672
417 672
418 672
419 672
420 672
421 672
422 672
423 673
424 673
425 673
426 673
427 673
428 673
429 673
430 673
431 673
432 673
433 673
434 673
435 673
436 673
437 673
438 673
439 673
440 673
441 673
442 673
443 673
444 673
445 673
446 673
447 673
448 674
449 674
450 674
451 674
452 674
453 673
454 673
455 673
456 673
457 673
458 673
459 673
460 673
461 673
462 673
463 673
464 673
465 673
466 673
467 673
468 673
469 673
470 673
471 673
472 673
473 673
474 673
475 673
476 673
477 673
478 673
479 673
480 673
481 672
482 672
483 672
484 672
485 672
486 672
487 672
488 672
489 672
490 672
491 672
492 672
493 671
494 671
495 671
496 671
497 671
498 671
499 671
500 671
501 671
502 670
503 670
504 670
505 670
506 670
507 670
508 670
509 670
510 669
511 669
512 669
513 669
514 669
515 669
516 669
517 668
518 668
519 668
520 668
521 668
522 668
523 667
524 667
525 667
526 667
527 667
528 667
529 666
530 666
531 666
532 666
533 666
534 665
535 665
536 665
537 665
538 665
539 664
540 664
541 664
542 664
543 664
544 663
545 663
546 663
547 663
548 662
549 662
550 662
551 662
552 661
553 661
554 661
555 661
556 660
557 660
558 660
559 660
560 659
561 659
562 659
563 659
564 658
565 658
566 658
567 657
568 657
569 657
570 657
571 656
572 656
573 656
574 655
575 655
576 655
577 654
578 654
579 654
580 653
581 653
582 653
583 652
584 652
585 652
586 651
587 651
588 651
589 650
590 650
591 650
592 649
593 649
594 649
595 648
596 648
597 648
598 647
599 647
600 646
601 646
602 646
603 645
604 645
605 644
606 644
607 644
608 643
609 643
610 642
611 642
612 641
613 641
614 640
615 640
616 640
617 639
618 639
619 638
620 638
621 637
622 637
623 636
624 636
625 635
626 635
627 634
628 634
629 633
630 633
631 632
632 632
633 631
634 631
635 630
636 630
637 629
638 629
639 628
640 627
641 627
642 626
643 626
644 625
645 625
646 624
647 623
648 623
649 622
650 621
651 621
652 620
653 620
654 619
655 618
656 618
657 617
658 616
659 616
660 615
661 614
662 614
663 613
664 612
665 611
666 611
667 610
668 609
669 609
670 608
671 607
672 606
673 605
674 605
675 604
676 603
677 602
678 602
679 601
680 600
681 599
682 598
683 597
684 597
685 596
686 595
687 594
688 593
689 592
690 591
691 591
692 590
693 589
694 588
695 587
696 586
697 585
698 584
699 583
700 582
701 581
702 580
703 579
704 578
705 577
706 576
707 575
708 574
709 573
710 572
711 571
712 570
713 569
714 568
715 567
716 566
716 565
717 564
718 563
719 562
720 561
721 560
722 559
722 558
723 557
724 556
725 555
726 554
727 553
727 552
728 551
729 550
730 549
731 548
731 547
732 546
733 545
734 544
734 543
735 542
736 541
737 540
737 539
738 538
739 537
739 536
740 535
741 534
741 533
742 532
743 531
743 530
744 529
745 528
745 527
746 526
747 525
747 524
748 523
749 522
749 521
750 520
750 519
751 518
752 517
752 516
753 515
753 514
754 513
755 512
755 511
756 510
756 509
757 508
757 507
758 506
758 505
759 504
760 503
760 502
761 501
761 500
762 499
762 498
763 497
763 496
764 495
764 494
765 493
765 492
765 491
766 490
766 489
767 488
767 487
768 486
768 485
769 484
769 483
769 482
770 481
770 480
771 479
771 478
772 477
772 476
772 475
773 474
773 473
773 472
774 471
774 470
775 469
775 468
775 467
776 466
776 465
776 464
777 463
777 462
777 461
778 460
778 459
778 458
778 457
779 456
779 455
779 454
780 453
780 452
780 451
780 450
781 449
781 448
781 447
781 446
782 445
782 444
782 443
782 442
783 441
783 440
783 439
783 438
783 437
784 436
784 435
784 434
784 433
784 432
784 431
785 430
785 429
785 428
785 427
785 426
785 425
785 424
786 423
786 422
786 421
786 420
786 419
786 418
786 417
786 416
786 415
786 414
786 413
787 412
787 411
787 410
787 409
787 408
787 407
787 406
787 405
787 404
787 403
787 402
787 401
787 400
787 399
787 398
786 397
786 396
786 395
786 394
786 393
786 392
786 391
786 390
786 389
786 388
786 387
785 386
785 385
785 384
785 383
785 382
785 381
785 380
784 379
784 378
784 377
784 376
784 375
784 374
783 373
783 372
783 371
783 370
783 369
782 368
782 367
782 366
782 365
781 364
781 363
781 362
781 361
780 360
780 359
780 358
780 357
779 356
779 355
779 354
779 353
778 352
778 351
778 350
777 349
777 348
777 347
776 346
776 345
776 344
775 343
775 342
775 341
774 340
774 339
773 338
773 337
773 336
772 335
772 334
772 333
771 332
771 331
770 330
770 329
769 328
769 327
769 326
768 325
768 324
767 323
767 322
766 321
766 320
765 319
765 318
765 317
764 316
764 315
763 314
763 313
762 312
762 311
761 310
761 309
760 308
760 307
759 306
758 305
758 304
757 303
757 302
756 301
756 300
755 299
755 298
754 297
753 296
753 295
752 294
752 293
751 292
750 291
750 290
749 289
749 288
748 287
747 286
747 285
746 284
745 283
745 282
744 281
744 280
743 279
742 278
742 277
741 276
740 275
739 274
739 273
738 272
737 271
737 270
736 269
735 268
734 267
734 266
733 265
732 264
731 263
731 262
730 261
729 260
728 259
727 258
727 257
726 256
725 255
724 254
723 253
723 252
722 251
721 250
720 249
719 248
718 247
717 246
717 245
716 244
715 243
714 242
713 241
712 240
711 239
710 238
709 237
708 236
707 235
706 234
705 233
704 232
703 231
702 230
701 229
700 228
699 227
698 226
697 225
696 224
695 223
694 222
693 221
692 220
691 219
690 218
689 218
688 217
687 216
686 215
685 214
684 213
683 212
682 212
681 211
680 210
679 209
678 208
677 207
676 207
675 206
674 205
673 204
672 204
671 203
670 202
669 201
668 201
667 200
666 199
665 198
664 198
663 197
662 196
661 196
660 195
659 194
658 194
657 193
656 192
655 192
654 191
653 190
652 190
651 189
650 188
649 188
648 187
647 187
646 186
645 185
644 185
643 184
642 184
641 183
640 182
639 182
638 181
637 181
636 180
635 180
634 179
633 179
632 178
631 177
630 177
629 176
628 176
627 175
626 175
625 174
624 174
623 174
622 173
621 173
620 172
619 172
618 171
617 171
616 170
615 170
614 169
613 169
612 168
611 168
610 168
609 167
608 167
607 166
606 166
605 166
604 165
603 165
602 164
601 164
600 164
599 163
598 163
597 162
596 162
595 162
594 161
593 161
592 161
591 160
590 160
589 159
588 159
587 159
586 158
585 158
584 158
583 157
582 157
581 157
580 156
579 156
578 156
577 155
576 155
575 155
574 154
573 154
572 154
571 154
570 153
569 153
568 153
567 152
566 152
565 152
564 152
563 151
562 151
561 151
560 150
559 150
558 150
557 150
556 149
555 149
554 149
553 149
552 148
551 148
550 148
549 148
548 147
547 147
546 147
545 147
544 147
543 146
542 146
541 146
540 146
539 145
538 145
537 145
536 145
535 145
534 144
533 144
532 144
531 144
530 144
529 143
528 143
527 143
526 143
525 143
524 143
523 142
522 142
521 142
520 142
519 142
518 142
517 141
516 141
515 141
514 141
513 141
512 141
511 141
510 140
509 140
508 140
507 140
506 140
505 140
504 140
503 140
502 139
501 139
500 139
499 139
498 139
497 139
496 139
495 139
494 139
493 138
492 138
491 138
490 138
489 138
488 138
487 138
486 138
485 138
484 138
483 138
482 137
481 137
480 137
479 137
478 137
477 137
476 137
475 137
474 137
473 137
472 137
471 137
470 137
469 137
468 137
467 137
466 137
465 137
464 137
463 137
462 136
461 136
460 136
459 136
458 136
457 136
456 136
455 136
454 136
453 136
452 136
451 136
450 136
449 136
448 136
447 136
446 136
445 136
444 136
443 136
442 136
441 136
440 136
