594 150
593 151
592 151
591 151
590 151
589 151
588 151
587 151
586 151
585 151
584 151
583 151
582 151
581 151
580 151
579 151
578 151
577 151
576 151
575 151
574 152
573 152
572 152
571 152
570 152
569 152
568 152
567 152
566 152
565 152
564 152
563 152
562 152
561 152
560 153
559 153
558 153
557 153
556 153
555 153
554 153
553 153
552 153
551 153
550 153
549 154
548 154
547 154
546 154
545 154
544 154
543 154
542 154
541 154
540 154
539 154
538 155
537 155
536 155
535 155
534 155
533 155
532 155
531 155
530 155
529 156
528 156
527 156
526 156
525 156
524 156
523 156
522 156
521 157
520 157
519 157
518 157
517 157
516 157
515 157
514 157
513 157
512 158
511 158
510 158
509 158
508 158
507 158
506 158
505 159
504 159
503 159
502 159
501 159
500 159
499 159
498 160
497 160
496 160
495 160
494 160
493 160
492 160
491 161
490 161
489 161
488 161
487 161
486 161
485 161
484 162
483 162
482 162
481 162
480 162
479 162
478 162
477 163
476 163
475 163
474 163
473 163
472 163
471 164
470 164
469 164
468 164
467 164
466 164
465 165
464 165
463 165
462 165
461 165
460 165
459 166
458 166
457 166
456 166
455 166
454 166
453 167
452 167
451 167
450 167
449 167
448 167
447 168
446 168
445 168
444 168
443 168
442 168
441 169
440 169
439 169
438 169
437 169
436 170
435 170
434 170
433 170
432 170
431 170
430 171
429 171
428 171
427 171
426 171
425 172
424 172
423 172
422 172
421 172
420 173
419 173
418 173
417 173
416 173
415 173
414 174
413 174
412 174
411 174
410 174
409 175
408 175
407 175
406 175
405 175
404 176
403 176
402 176
401 176
400 176
399 177
398 177
397 177
396 177
395 177
394 178
393 178
392 178
391 178
390 178
389 179
388 179
387 179
386 179
385 179
384 180
383 180
382 180
381 180
380 180
379 181
378 181
377 181
376 181
375 181
374 182
373 182
372 182
371 182
370 182
369 183
368 183
367 183
366 183
365 183
364 184
363 184
362 184
361 184
360 184
359 185
358 185
357 185
356 185
355 185
354 186
353 186
352 186
351 186
350 186
349 187
348 187
347 187
346 187
345 187
344 188
343 188
342 188
341 188
340 188
339 189
338 189
337 189
336 189
335 189
334 190
333 190
332 190
331 190
330 190
329 191
328 191
327 191
326 191
325 191
324 192
323 192
322 192
321 192
320 192
319 193
318 193
317 193
316 193
315 193
314 194
313 194
312 194
311 194
310 194
309 194
308 195
307 195
306 195
305 195
304 195
303 196
302 196
301 196
300 196
299 196
298 196
297 197
296 197
295 197
294 197
293 197
292 197
291 198
290 198
289 198
288 198
287 198
286 198
285 199
284 199
283 199
282 199
281 199
280 199
279 200
278 200
277 200
276 200
275 200
274 200
273 200
272 201
271 201
270 201
269 201
268 201
267 201
266 201
265 201
264 202
263 202
262 202
261 202
260 202
259 202
258 202
257 202
256 202
255 203
254 203
253 203
252 203
251 203
250 203
249 203
248 203
247 203
246 203
245 203
244 203
243 203
242 203
241 204
240 204
239 204
238 204
237 204
236 204
235 204
234 204
233 204
232 204
231 204
230 204
229 204
228 204
227 204
226 204
225 204
224 204
223 204
222 204
221 203
220 203
219 203
218 203
217 203
216 203
215 203
214 203
213 203
212 203
211 203
210 203
209 202
208 202
207 202
206 202
205 202
204 202
203 202
202 201
201 201
200 200
199 199
198 198
198 197
198 196
197 195
197 194
197 193
197 192
196 191
196 190
196 189
195 188
195 187
195 186
194 185
194 184
194 183
193 182
193 181
192 180
192 179
191 178
191 177
190 176
190 175
189 174
189 173
188 172
188 171
187 170
186 169
185 168
184 168
183 167
182 167
181 167
180 167
179 167
178 167
177 167
176 167
175 168
174 168
173 169
172 169
171 170
170 171
169 172
169 173
168 174
167 175
167 176
166 177
165 178
165 179
164 180
164 181
163 182
163 183
162 184
162 185
161 186
160 187
160 188
160 189
159 190
159 191
158 192
158 193
157 194
157 195
157 196
156 197
156 198
156 199
155 200
155 201
154 202
154 203
154 204
154 205
153 206
153 207
153 208
153 209
152 210
152 211
152 212
152 213
152 214
152 215
152 216
152 217
152 218
152 219
152 220
152 221
152 222
152 223
152 224
152 225
152 226
152 227
152 228
152 229
152 230
152 231
152 232
152 233
152 234
152 235
152 236
152 237
152 238
152 239
152 240
152 241
152 242
152 243
152 244
152 245
152 246
152 247
152 248
152 249
152 250
152 251
152 252
152 253
152 254
152 255
152 256
152 257
152 258
152 259
152 260
152 261
152 262
152 263
152 264
152 265
152 266
152 267
152 268
152 269
152 270
152 271
152 272
152 273
152 274
152 275
152 276
152 277
152 278
152 279
152 280
152 281
152 282
152 283
152 284
152 285
152 286
152 287
152 288
152 289
152 290
152 291
152 292
152 293
152 294
152 295
152 296
152 297
152 298
152 299
152 300
152 301
152 302
152 303
152 304
152 305
152 306
152 307
152 308
152 309
152 310
152 311
152 312
152 313
152 314
152 315
152 316
152 317
152 318
152 319
152 320
152 321
152 322
152 323
152 324
152 325
152 326
152 327
152 328
152 329
152 330
152 331
152 332
152 333
152 334
152 335
152 336
152 337
152 338
152 339
152 340
152 341
152 342
152 343
152 344
152 345
152 346
152 347
152 348
152 349
152 350
152 351
152 352
152 353
152 354
152 355
152 356
152 357
152 358
152 359
152 360
152 361
152 362
152 363
152 364
152 365
152 366
152 367
152 368
152 369
152 370
152 371
152 372
152 373
152 374
152 375
152 376
152 377
152 378
152 379
152 380
152 381
152 382
152 383
152 384
152 385
152 386
152 387
152 388
152 389
152 390
152 391
152 392
152 393
152 394
152 395
152 396
152 397
152 398
152 399
152 400
152 401
152 402
152 403
152 404
152 405
152 406
152 407
152 408
152 409
152 410
152 411
152 412
152 413
152 414
152 415
152 416
152 417
152 418
152 419
152 420
152 421
152 422
152 423
152 424
152 425
152 426
152 427
152 428
152 429
152 430
152 431
152 432
152 433
152 434
152 435
152 436
152 437
152 438
152 439
152 440
152 441
152 442
152 443
152 444
152 445
152 446
152 447
152 448
152 449
152 450
152 451
152 452
152 453
152 454
152 455
152 456
152 457
152 458
152 459
152 460
152 461
152 462
152 463
152 464
152 465
152 466
152 467
152 468
152 469
152 470
152 471
152 472
152 473
152 474
152 475
152 476
152 477
152 478
152 479
152 480
152 481
152 482
152 483
152 484
152 485
152 486
152 487
152 488
152 489
152 490
152 491
152 492
152 493
152 494
152 495
152 496
152 497
152 498
152 499
152 500
152 501
152 502
152 503
152 504
152 505
152 506
152 507
152 508
152 509
152 510
152 511
152 512
152 513
152 514
152 515
152 516
152 517
152 518
152 519
152 520
152 521
152 522
152 523
152 524
152 525
152 526
152 527
152 528
152 529
152 530
152 531
152 532
152 533
152 534
152 535
152 536
152 537
152 538
152 539
152 540
152 541
152 542
152 543
152 544
152 545
152 546
152 547
152 548
152 549
152 550
152 551
152 552
152 553
152 554
152 555
152 556
152 557
152 558
152 559
152 560
152 561
152 562
152 563
152 564
152 565
152 566
152 567
152 568
152 569
152 570
152 571
152 572
152 573
152 574
152 575
152 576
152 577
152 578
152 579
152 580
152 581
152 582
152 583
152 584
152 585
152 586
152 587
152 588
152 589
152 590
152 591
152 592
152 593
152 594
152 595
152 596
152 597
153 598
153 599
153 600
153 601
154 602
154 603
154 604
154 605
155 606
155 607
155 608
156 609
156 610
157 611
157 612
157 613
158 614
158 615
159 616
159 617
160 618
160 619
160 620
161 621
161 622
162 623
163 624
163 625
164 626
164 627
165 628
165 629
166 630
167 631
167 632
168 633
169 634
169 635
170 636
171 637
172 638
173 638
174 639
175 639
176 640
177 640
178 640
179 640
180 640
181 640
182 640
183 640
184 640
185 639
186 638
187 637
188 636
188 635
189 634
190 633
190 632
190 631
191 630
191 629
192 628
192 627
193 626
193 625
194 624
194 623
194 622
195 621
195 620
195 619
196 618
196 617
196 616
197 615
197 614
197 613
197 612
198 611
198 610
198 609
199 608
200 607
201 606
202 606
203 605
204 605
205 605
206 605
207 605
208 605
209 605
210 604
211 604
212 604
213 604
214 604
215 604
216 604
217 604
218 604
219 604
220 604
221 604
222 603
223 603
224 603
225 603
226 603
227 603
228 603
229 603
230 603
231 603
232 603
233 603
234 603
235 603
236 603
237 603
238 603
239 603
240 603
241 603
242 604
243 604
244 604
245 604
246 604
247 604
248 604
249 604
250 604
251 604
252 604
253 604
254 604
255 604
256 605
257 605
258 605
259 605
260 605
261 605
262 605
263 605
264 605
265 606
266 606
267 606
268 606
269 606
270 606
271 606
272 606
273 607
274 607
275 607
276 607
277 607
278 607
279 607
280 608
281 608
282 608
283 608
284 608
285 608
286 609
287 609
288 609
289 609
290 609
291 609
292 610
293 610
294 610
295 610
296 610
297 610
298 611
299 611
300 611
301 611
302 611
303 611
304 612
305 612
306 612
307 612
308 612
309 613
310 613
311 613
312 613
313 613
314 613
315 614
316 614
317 614
318 614
319 614
320 615
321 615
322 615
323 615
324 615
325 616
326 616
327 616
328 616
329 616
330 617
331 617
332 617
333 617
334 617
335 618
336 618
337 618
338 618
339 618
340 619
341 619
342 619
343 619
344 619
345 620
346 620
347 620
348 620
349 620
350 621
351 621
352 621
353 621
354 621
355 622
356 622
357 622
358 622
359 622
360 623
361 623
362 623
363 623
364 623
365 624
366 624
367 624
368 624
369 624
370 625
371 625
372 625
373 625
374 625
375 626
376 626
377 626
378 626
379 626
380 627
381 627
382 627
383 627
384 627
385 628
386 628
387 628
388 628
389 628
390 629
391 629
392 629
393 629
394 629
395 630
396 630
397 630
398 630
399 630
400 631
401 631
402 631
403 631
404 631
405 632
406 632
407 632
408 632
409 632
410 633
411 633
412 633
413 633
414 633
415 634
416 634
417 634
418 634
419 634
420 634
421 635
422 635
423 635
424 635
425 635
426 636
427 636
428 636
429 636
430 636
431 637
432 637
433 637
434 637
435 637
436 637
437 638
438 638
439 638
440 638
441 638
442 639
443 639
444 639
445 639
446 639
447 639
448 640
449 640
450 640
451 640
452 640
453 640
454 641
455 641
456 641
457 641
458 641
459 641
460 642
461 642
462 642
463 642
464 642
465 642
466 643
467 643
468 643
469 643
470 643
471 643
472 644
473 644
474 644
475 644
476 644
477 644
478 645
479 645
480 645
481 645
482 645
483 645
484 645
485 646
486 646
487 646
488 646
489 646
490 646
491 646
492 647
493 647
494 647
495 647
496 647
497 647
498 647
499 648
500 648
501 648
502 648
503 648
504 648
505 648
506 649
507 649
508 649
509 649
510 649
511 649
512 649
513 650
514 650
515 650
516 650
517 650
518 650
519 650
520 650
521 650
522 651
523 651
524 651
525 651
526 651
527 651
528 651
529 651
530 652
531 652
532 652
533 652
534 652
535 652
536 652
537 652
538 652
539 653
540 653
541 653
542 653
543 653
544 653
545 653
546 653
547 653
548 653
549 653
550 654
551 654
552 654
553 654
554 654
555 654
556 654
557 654
558 654
559 654
560 654
561 655
562 655
563 655
564 655
565 655
566 655
567 655
568 655
569 655
570 655
571 655
572 655
573 655
574 655
575 656
576 656
577 656
578 656
579 656
580 656
581 656
582 656
583 656
584 656
585 656
586 656
587 656
588 656
589 656
590 656
591 656
592 656
593 656
594 657
595 657
596 657
597 657
598 657
599 657
600 657
601 657
602 657
603 657
604 657
605 657
606 657
607 657
608 657
609 657
610 657
611 657
612 657
613 657
614 657
615 657
616 657
617 657
618 657
619 657
620 657
621 657
622 657
623 657
624 657
625 657
626 657
627 657
628 657
629 657
630 657
631 657
632 657
633 657
634 657
635 657
636 657
637 657
638 657
639 657
640 657
641 657
642 657
643 657
644 657
645 657
646 657
647 657
648 657
649 657
650 656
651 656
652 656
653 656
654 656
655 656
656 656
657 656
658 656
659 656
660 656
661 656
662 656
663 656
664 656
665 655
666 655
667 655
668 655
669 655
670 655
671 655
672 655
673 655
674 655
675 655
676 655
677 654
678 654
679 654
680 654
681 654
682 654
683 654
684 654
685 654
686 654
687 653
688 653
689 653
690 653
691 653
692 653
693 653
694 652
695 652
696 652
697 652
698 652
699 652
700 652
701 652
702 651
703 651
704 651
705 651
706 651
707 651
708 650
709 650
710 650
711 650
712 650
713 650
714 650
715 649
716 649
717 649
718 649
719 649
720 648
721 648
722 648
723 648
724 648
725 647
726 647
727 647
728 647
729 647
730 647
731 646
732 646
733 646
734 646
735 645
736 645
737 645
738 645
739 645
740 644
741 644
742 644
743 644
744 643
745 643
746 643
747 643
748 643
749 642
750 642
751 642
752 642
753 641
754 641
755 641
756 641
757 640
758 640
759 640
760 640
761 639
762 639
763 639
764 638
765 638
766 638
767 638
768 637
769 637
770 637
771 636
772 636
773 636
774 635
775 635
776 635
777 635
778 634
779 634
780 634
781 633
782 633
783 633
784 632
785 632
786 632
787 631
788 631
789 631
790 630
791 630
792 630
793 629
794 629
795 629
796 628
797 628
798 627
799 627
800 627
801 626
802 626
803 626
804 625
805 625
806 624
807 624
808 624
809 623
810 623
811 622
812 622
813 622
814 621
815 621
816 620
817 620
818 619
819 619
820 619
821 618
822 618
823 617
824 617
825 616
826 616
827 615
828 615
829 615
830 614
831 614
832 613
833 613
834 612
835 612
836 611
837 611
838 610
839 610
840 609
841 609
842 608
843 608
844 607
845 606
846 606
847 605
848 605
849 604
850 604
851 603
852 603
853 602
854 602
855 601
856 600
857 600
858 599
859 599
860 598
861 597
862 597
863 596
864 595
865 595
866 594
867 594
868 593
869 592
870 592
871 591
872 590
873 590
874 589
875 588
876 588
877 587
878 586
879 585
880 585
881 584
882 583
883 583
884 582
885 581
886 580
887 580
888 579
889 578
890 577
891 576
892 576
893 575
894 574
895 573
896 572
897 571
898 571
899 570
900 569
901 568
902 567
903 566
904 565
905 564
906 563
907 562
908 562
909 561
910 560
911 559
912 558
913 557
914 556
915 555
915 554
916 553
917 552
918 551
919 550
920 549
921 548
922 547
923 546
924 545
924 544
925 543
926 542
927 541
928 540
929 539
929 538
930 537
931 536
932 535
932 534
933 533
934 532
935 531
935 530
936 529
937 528
937 527
938 526
939 525
939 524
940 523
941 522
941 521
942 520
943 519
943 518
944 517
945 516
945 515
946 514
946 513
947 512
947 511
948 510
949 509
949 508
950 507
950 506
951 505
951 504
952 503
952 502
953 501
953 500
954 499
954 498
955 497
955 496
956 495
956 494
956 493
957 492
957 491
958 490
958 489
959 488
959 487
959 486
960 485
960 484
961 483
961 482
961 481
962 480
962 479
962 478
963 477
963 476
963 475
964 474
964 473
964 472
965 471
965 470
965 469
966 468
966 467
966 466
967 465
967 464
967 463
967 462
968 461
968 460
968 459
968 458
969 457
969 456
969 455
969 454
970 453
970 452
970 451
970 450
970 449
971 448
971 447
971 446
971 445
971 444
971 443
972 442
972 441
972 440
972 439
972 438
972 437
973 436
973 435
973 434
973 433
973 432
973 431
973 430
973 429
974 428
974 427
974 426
974 425
974 424
974 423
974 422
974 421
974 420
974 419
974 418
974 417
974 416
975 415
975 414
975 413
975 412
975 411
975 410
975 409
975 408
975 407
975 406
975 405
975 404
975 403
975 402
975 401
975 400
975 399
975 398
975 397
975 396
975 395
975 394
975 393
975 392
974 391
974 390
974 389
974 388
974 387
974 386
974 385
974 384
974 383
974 382
974 381
974 380
974 379
973 378
973 377
973 376
973 375
973 374
973 373
973 372
973 371
972 370
972 369
972 368
972 367
972 366
972 365
971 364
971 363
971 362
971 361
971 360
971 359
970 358
970 357
970 356
970 355
970 354
969 353
969 352
969 351
969 350
968 349
968 348
968 347
968 346
967 345
967 344
967 343
967 342
966 341
966 340
966 339
965 338
965 337
965 336
964 335
964 334
964 333
963 332
963 331
963 330
962 329
962 328
962 327
961 326
961 325
961 324
960 323
960 322
959 321
959 320
959 319
958 318
958 317
957 316
957 315
956 314
956 313
956 312
955 311
955 310
954 309
954 308
953 307
953 306
952 305
952 304
951 303
951 302
950 301
950 300
949 299
948 298
948 297
947 296
947 295
946 294
946 293
945 292
944 291
944 290
943 289
943 288
942 287
941 286
941 285
940 284
939 283
939 282
938 281
937 280
937 279
936 278
935 277
935 276
934 275
933 274
932 273
932 272
931 271
930 270
929 269
928 268
928 267
927 266
926 265
925 264
924 263
924 262
923 261
922 260
921 259
920 258
919 257
918 256
917 255
916 254
915 253
914 252
914 251
913 250
912 249
911 248
910 247
909 246
908 246
907 245
906 244
905 243
904 242
903 241
902 240
901 239
900 238
899 237
898 236
897 236
896 235
895 234
894 233
893 232
892 231
891 231
890 230
889 229
888 228
887 227
886 227
885 226
884 225
883 224
882 224
881 223
880 222
879 222
878 221
877 220
876 219
875 219
874 218
873 217
872 217
871 216
870 215
869 215
868 214
867 213
866 213
865 212
864 212
863 211
862 210
861 210
860 209
859 208
858 208
857 207
856 207
855 206
854 205
853 205
852 204
851 204
850 203
849 203
848 202
847 202
846 201
845 200
844 200
843 199
842 199
841 198
840 198
839 197
838 197
837 196
836 196
835 195
834 195
833 194
832 194
831 193
830 193
829 192
828 192
827 192
826 191
825 191
824 190
823 190
822 189
821 189
820 188
819 188
818 188
817 187
816 187
815 186
814 186
813 185
812 185
811 185
810 184
809 184
808 183
807 183
806 183
805 182
804 182
803 181
802 181
801 181
800 180
799 180
798 180
797 179
796 179
795 178
794 178
793 178
792 177
791 177
790 177
789 176
788 176
787 176
786 175
785 175
784 175
783 174
782 174
781 174
780 173
779 173
778 173
777 172
776 172
775 172
774 172
773 171
772 171
771 171
770 170
769 170
768 170
767 169
766 169
765 169
764 169
763 168
762 168
761 168
760 167
759 167
758 167
757 167
756 166
755 166
754 166
753 166
752 165
751 165
750 165
749 165
748 164
747 164
746 164
745 164
744 164
743 163
742 163
741 163
740 163
739 162
738 162
737 162
736 162
735 162
734 161
733 161
732 161
731 161
730 160
729 160
728 160
727 160
726 160
725 160
724 159
723 159
722 159
721 159
720 159
719 158
718 158
717 158
716 158
715 158
714 157
713 157
712 157
711 157
710 157
709 157
708 157
707 156
706 156
705 156
704 156
703 156
702 156
701 155
700 155
699 155
698 155
697 155
696 155
695 155
694 155
693 154
692 154
691 154
690 154
689 154
688 154
687 154
686 153
685 153
684 153
683 153
682 153
681 153
680 153
679 153
678 153
677 153
676 152
675 152
674 152
673 152
672 152
671 152
670 152
669 152
668 152
667 152
666 152
665 152
664 151
663 151
662 151
661 151
660 151
659 151
658 151
657 151
656 151
655 151
654 151
653 151
652 151
651 151
650 151
649 151
648 150
647 150
646 150
645 150
644 150
643 150
642 150
641 150
640 150
639 150
638 150
637 150
636 150
635 150
634 150
633 150
632 150
631 150
630 150
629 150
628 150
627 150
626 150
625 150
624 150
623 150
622 150
621 150
620 150
619 150
618 150
617 150
616 150
615 150
614 150
613 150
612 150
611 150
610 150
609 150
608 150
607 150
606 150
605 150
604 150
603 150
602 150
601 150
600 150
599 150
598 150
597 150
596 150
595 150
594 150
