522 343
521 344
520 345
520 346
520 347
520 348
520 349
520 350
520 351
520 352
520 353
520 354
520 355
520 356
520 357
520 358
520 359
520 360
520 361
520 362
520 363
520 364
520 365
520 366
520 367
520 368
520 369
520 370
520 371
520 372
520 373
520 374
520 375
520 376
520 377
520 378
520 379
520 380
520 381
520 382
520 383
520 384
520 385
520 386
520 387
520 388
520 389
520 390
520 391
520 392
520 393
520 394
520 395
520 396
520 397
520 398
520 399
520 400
520 401
520 402
520 403
520 404
520 405
520 406
520 407
520 408
520 409
520 410
520 411
520 412
520 413
520 414
520 415
520 416
520 417
520 418
520 419
520 420
520 421
520 422
520 423
520 424
520 425
520 426
520 427
520 428
520 429
520 430
520 431
520 432
520 433
520 434
520 435
520 436
520 437
520 438
520 439
520 440
520 441
520 442
520 443
520 444
520 445
520 446
520 447
520 448
520 449
520 450
520 451
520 452
520 453
520 454
520 455
520 456
520 457
520 458
520 459
520 460
520 461
520 462
520 463
520 464
520 465
520 466
520 467
520 468
520 469
520 470
520 471
521 472
522 472
523 472
524 472
525 472
526 472
527 472
528 472
529 472
530 472
531 472
532 472
533 472
534 472
535 471
536 471
537 471
538 471
539 471
540 470
541 470
542 470
543 469
544 469
545 469
546 468
547 468
548 468
549 467
550 467
551 466
552 466
553 465
554 465
555 464
556 464
557 463
558 463
559 462
560 461
561 461
562 460
563 459
564 459
565 458
566 457
567 456
568 455
569 454
570 454
571 453
572 452
572 451
573 450
574 449
575 448
576 447
577 446
577 445
578 444
579 443
580 442
580 441
581 440
581 439
582 438
582 437
583 436
583 435
584 434
584 433
585 432
585 431
586 430
586 429
586 428
587 427
587 426
587 425
588 424
588 423
588 422
589 421
589 420
589 419
589 418
589 417
589 416
590 415
590 414
590 413
590 412
590 411
590 410
590 409
590 408
590 407
590 406
590 405
590 404
590 403
590 402
590 401
590 400
589 399
589 398
589 397
589 396
589 395
588 394
588 393
588 392
588 391
587 390
587 389
587 388
586 387
586 386
585 385
585 384
585 383
584 382
584 381
583 380
583 379
582 378
582 377
581 376
580 375
580 374
579 373
578 372
578 371
577 370
576 369
575 368
575 367
574 366
573 365
572 364
571 363
570 362
569 361
568 360
567 359
566 358
565 358
564 357
563 356
562 355
561 355
560 354
559 353
558 353
557 352
556 352
555 351
554 351
553 350
552 350
551 349
550 349
549 348
548 348
547 347
546 347
545 347
544 346
543 346
542 346
541 346
540 345
539 345
538 345
537 345
536 344
535 344
534 344
533 344
532 344
531 344
530 343
529 343
528 343
527 343
526 343
525 343
524 343
523 343
522 343
