503 305
502 306
501 306
500 307
499 307
498 307
497 307
496 307
495 307
494 307
493 307
492 307
491 307
490 308
489 308
488 308
487 309
486 309
486 310
486 311
486 312
486 313
486 314
486 315
486 316
486 317
486 318
486 319
486 320
486 321
486 322
486 323
486 324
486 325
486 326
486 327
486 328
486 329
486 330
486 331
486 332
486 333
486 334
486 335
486 336
486 337
486 338
486 339
486 340
486 341
486 342
486 343
486 344
486 345
486 346
486 347
486 348
486 349
486 350
486 351
486 352
486 353
486 354
486 355
486 356
486 357
486 358
486 359
486 360
486 361
486 362
486 363
486 364
486 365
486 366
486 367
486 368
486 369
486 370
486 371
486 372
486 373
486 374
486 375
486 376
486 377
486 378
486 379
486 380
486 381
486 382
486 383
486 384
486 385
486 386
486 387
486 388
486 389
486 390
486 391
486 392
486 393
486 394
486 395
486 396
486 397
486 398
486 399
486 400
486 401
486 402
486 403
486 404
486 405
486 406
486 407
486 408
486 409
486 410
486 411
486 412
486 413
486 414
486 415
486 416
486 417
486 418
486 419
486 420
486 421
486 422
486 423
486 424
486 425
486 426
486 427
486 428
486 429
486 430
486 431
486 432
486 433
486 434
486 435
486 436
486 437
486 438
486 439
486 440
486 441
486 442
486 443
486 444
486 445
486 446
486 447
486 448
486 449
486 450
486 451
486 452
487 453
488 453
489 454
490 454
491 454
492 454
493 454
494 454
495 454
496 454
497 454
498 454
499 454
500 454
501 455
502 456
503 456
504 456
505 457
506 457
507 457
508 456
509 456
510 456
511 456
512 456
513 456
514 456
515 456
516 455
517 455
518 455
519 455
520 454
521 454
522 454
523 453
524 453
525 452
526 452
527 451
528 451
529 450
530 450
531 449
532 448
533 448
534 447
535 446
536 446
537 445
538 444
539 443
540 442
541 441
542 440
543 439
544 438
545 437
545 436
546 435
547 434
548 433
549 432
549 431
550 430
551 429
551 428
552 427
553 426
553 425
554 424
554 423
555 422
555 421
556 420
556 419
557 418
557 417
558 416
558 415
558 414
559 413
559 412
559 411
560 410
560 409
560 408
561 407
561 406
561 405
561 404
562 403
562 402
562 401
562 400
562 399
563 398
563 397
563 396
563 395
563 394
563 393
563 392
564 391
564 390
564 389
564 388
564 387
564 386
564 385
564 384
564 383
564 382
564 381
564 380
564 379
564 378
564 377
564 376
564 375
564 374
564 373
564 372
564 371
564 370
563 369
563 368
563 367
563 366
563 365
563 364
563 363
562 362
562 361
562 360
562 359
562 358
561 357
561 356
561 355
561 354
560 353
560 352
560 351
559 350
559 349
559 348
558 347
558 346
557 345
557 344
557 343
556 342
556 341
555 340
555 339
554 338
554 337
553 336
552 335
552 334
551 333
551 332
550 331
549 330
548 329
548 328
547 327
546 326
545 325
544 324
544 323
543 322
542 321
541 320
540 319
539 318
538 317
537 317
536 316
535 315
534 314
533 313
532 313
531 312
530 312
529 311
528 310
527 310
526 309
525 309
524 308
523 308
522 308
521 307
520 307
519 307
518 306
517 306
516 306
515 306
514 306
513 305
512 305
511 305
510 305
509 305
508 305
507 305
506 305
505 305
504 305
503 305
