471 247
470 248
469 248
468 249
467 250
466 250
466 251
466 252
465 253
465 254
465 255
465 256
465 257
465 258
465 259
465 260
465 261
465 262
465 263
465 264
465 265
465 266
465 267
465 268
465 269
465 270
465 271
465 272
465 273
465 274
465 275
465 276
465 277
465 278
465 279
465 280
465 281
465 282
465 283
465 284
465 285
465 286
465 287
465 288
465 289
465 290
465 291
465 292
465 293
465 294
465 295
465 296
465 297
465 298
465 299
465 300
465 301
465 302
465 303
465 304
465 305
465 306
465 307
465 308
465 309
465 310
465 311
465 312
465 313
465 314
465 315
465 316
465 317
465 318
465 319
465 320
465 321
465 322
465 323
465 324
465 325
465 326
465 327
465 328
465 329
465 330
465 331
465 332
465 333
465 334
465 335
465 336
465 337
465 338
465 339
465 340
465 341
465 342
465 343
465 344
465 345
465 346
465 347
465 348
465 349
465 350
465 351
465 352
465 353
465 354
465 355
465 356
465 357
465 358
465 359
465 360
465 361
465 362
465 363
465 364
465 365
465 366
465 367
465 368
465 369
465 370
465 371
465 372
465 373
465 374
465 375
465 376
465 377
465 378
465 379
465 380
465 381
465 382
465 383
465 384
465 385
465 386
465 387
465 388
465 389
465 390
465 391
465 392
465 393
465 394
465 395
465 396
465 397
465 398
465 399
465 400
465 401
465 402
465 403
465 404
465 405
465 406
465 407
465 408
465 409
465 410
465 411
465 412
465 413
465 414
465 415
465 416
465 417
465 418
465 419
465 420
465 421
465 422
465 423
465 424
465 425
465 426
465 427
465 428
465 429
465 430
465 431
465 432
465 433
465 434
465 435
465 436
465 437
465 438
465 439
465 440
465 441
465 442
465 443
465 444
465 445
465 446
465 447
465 448
465 449
465 450
465 451
465 452
465 453
465 454
465 455
465 456
465 457
465 458
465 459
465 460
465 461
465 462
465 463
465 464
465 465
465 466
465 467
465 468
465 469
465 470
465 471
465 472
465 473
465 474
465 475
465 476
465 477
465 478
465 479
465 480
465 481
465 482
465 483
465 484
465 485
465 486
465 487
465 488
465 489
465 490
465 491
465 492
465 493
465 494
465 495
465 496
465 497
465 498
465 499
465 500
465 501
465 502
465 503
465 504
465 505
465 506
465 507
465 508
465 509
465 510
465 511
465 512
465 513
465 514
465 515
465 516
465 517
465 518
465 519
465 520
465 521
465 522
465 523
465 524
465 525
465 526
465 527
465 528
465 529
465 530
465 531
465 532
465 533
465 534
465 535
465 536
465 537
465 538
465 539
465 540
465 541
465 542
465 543
465 544
465 545
465 546
465 547
465 548
465 549
465 550
466 551
466 552
467 553
468 554
469 554
470 555
471 555
472 555
473 555
474 555
475 555
476 555
477 554
478 554
479 554
480 554
481 554
482 554
483 554
484 553
485 553
486 553
487 553
488 553
489 552
490 552
491 552
492 552
493 552
494 551
495 551
496 551
497 551
498 550
499 550
500 550
501 550
502 549
503 549
504 549
505 549
506 548
507 548
508 548
509 548
510 547
511 547
512 547
513 546
514 546
515 546
516 546
517 545
518 545
519 545
520 544
521 544
522 543
523 543
524 543
525 542
526 542
527 542
528 541
529 541
530 540
531 540
532 540
533 539
534 539
535 538
536 538
537 538
538 537
539 537
540 536
541 536
542 535
543 535
544 534
545 534
546 533
547 533
548 532
549 532
550 531
551 531
552 530
553 530
554 529
555 528
556 528
557 527
558 527
559 526
560 525
561 525
562 524
563 524
564 523
565 522
566 522
567 521
568 520
569 520
570 519
571 518
572 517
573 517
574 516
575 515
576 514
577 514
578 513
579 512
580 511
581 510
582 509
583 509
584 508
585 507
586 506
587 505
588 504
589 503
590 502
591 501
592 500
593 499
594 499
594 498
595 497
596 496
597 495
598 494
599 493
600 492
601 491
602 490
602 489
603 488
604 487
605 486
605 485
606 484
607 483
607 482
608 481
608 480
609 479
610 478
610 477
611 476
611 475
612 474
612 473
613 472
613 471
614 470
614 469
614 468
615 467
615 466
616 465
616 464
616 463
617 462
617 461
618 460
618 459
618 458
619 457
619 456
619 455
620 454
620 453
620 452
620 451
621 450
621 449
621 448
621 447
622 446
622 445
622 444
622 443
622 442
623 441
623 440
623 439
623 438
623 437
624 436
624 435
624 434
624 433
624 432
624 431
624 430
625 429
625 428
625 427
625 426
625 425
625 424
625 423
625 422
625 421
625 420
625 419
625 418
625 417
626 416
626 415
626 414
626 413
626 412
626 411
626 410
626 409
626 408
626 407
626 406
626 405
626 404
626 403
626 402
626 401
626 400
626 399
626 398
626 397
626 396
626 395
626 394
626 393
626 392
626 391
626 390
626 389
626 388
626 387
625 386
625 385
625 384
625 383
625 382
625 381
625 380
625 379
625 378
625 377
625 376
625 375
625 374
624 373
624 372
624 371
624 370
624 369
624 368
624 367
623 366
623 365
623 364
623 363
623 362
623 361
622 360
622 359
622 358
622 357
622 356
621 355
621 354
621 353
621 352
620 351
620 350
620 349
619 348
619 347
619 346
618 345
618 344
618 343
617 342
617 341
617 340
616 339
616 338
616 337
615 336
615 335
614 334
614 333
613 332
613 331
612 330
612 329
611 328
611 327
610 326
610 325
609 324
609 323
608 322
607 321
607 320
606 319
606 318
605 317
604 316
604 315
603 314
602 313
601 312
601 311
600 310
599 309
598 308
597 307
596 306
595 305
594 304
593 303
592 302
591 301
590 300
589 299
588 298
587 297
586 296
585 296
584 295
583 294
582 293
581 292
580 291
579 290
578 290
577 289
576 288
575 287
574 287
573 286
572 285
571 284
570 284
569 283
568 282
567 282
566 281
565 280
564 279
563 279
562 278
561 278
560 277
559 276
558 276
557 275
556 275
555 274
554 273
553 273
552 272
551 272
550 271
549 271
548 270
547 270
546 269
545 269
544 268
543 268
542 267
541 267
540 266
539 266
538 265
537 265
536 264
535 264
534 264
533 263
532 263
531 262
530 262
529 262
528 261
527 261
526 260
525 260
524 260
523 259
522 259
521 259
520 258
519 258
518 258
517 257
516 257
515 257
514 256
513 256
512 256
511 255
510 255
509 255
508 255
507 254
506 254
505 254
504 253
503 253
502 253
501 253
500 252
499 252
498 252
497 252
496 251
495 251
494 251
493 251
492 251
491 250
490 250
489 250
488 250
487 250
486 249
485 249
484 249
483 249
482 249
481 249
480 248
479 248
478 248
477 248
476 248
475 248
474 247
473 247
472 247
471 247
