522 273
521 274
520 274
519 274
518 274
517 274
516 274
515 274
514 274
513 274
512 274
511 274
510 274
509 274
508 274
507 274
506 274
505 274
504 274
503 275
502 275
501 275
500 275
499 275
498 275
497 275
496 275
495 275
494 275
493 275
492 275
491 275
490 275
489 275
488 275
487 275
486 275
485 276
484 276
483 276
482 276
481 276
480 276
479 276
478 276
477 276
476 276
475 276
474 276
473 276
472 276
471 277
470 278
470 279
470 280
470 281
470 282
470 283
470 284
470 285
470 286
470 287
470 288
470 289
470 290
470 291
470 292
470 293
470 294
470 295
470 296
470 297
470 298
470 299
470 300
470 301
470 302
470 303
470 304
470 305
470 306
470 307
470 308
470 309
470 310
470 311
470 312
470 313
470 314
470 315
470 316
470 317
470 318
470 319
470 320
470 321
470 322
470 323
470 324
470 325
470 326
470 327
470 328
470 329
470 330
470 331
470 332
470 333
470 334
470 335
470 336
470 337
470 338
470 339
470 340
470 341
470 342
470 343
470 344
470 345
470 346
470 347
470 348
470 349
470 350
470 351
470 352
470 353
470 354
470 355
470 356
470 357
470 358
470 359
470 360
470 361
470 362
470 363
470 364
470 365
470 366
470 367
470 368
470 369
470 370
470 371
470 372
470 373
470 374
470 375
470 376
470 377
470 378
470 379
470 380
470 381
470 382
470 383
470 384
470 385
470 386
470 387
470 388
470 389
470 390
470 391
470 392
470 393
470 394
470 395
470 396
470 397
470 398
470 399
470 400
470 401
470 402
470 403
470 404
470 405
470 406
470 407
470 408
470 409
470 410
470 411
470 412
470 413
470 414
470 415
470 416
470 417
470 418
470 419
470 420
470 421
470 422
470 423
470 424
470 425
470 426
470 427
470 428
470 429
470 430
470 431
470 432
470 433
470 434
470 435
470 436
470 437
470 438
470 439
470 440
470 441
470 442
470 443
470 444
470 445
470 446
470 447
470 448
470 449
470 450
470 451
470 452
470 453
470 454
470 455
470 456
470 457
470 458
470 459
470 460
470 461
470 462
470 463
470 464
470 465
470 466
470 467
470 468
470 469
470 470
470 471
470 472
470 473
470 474
470 475
470 476
470 477
470 478
470 479
470 480
470 481
470 482
470 483
470 484
470 485
470 486
470 487
470 488
470 489
470 490
470 491
470 492
470 493
470 494
470 495
470 496
470 497
470 498
470 499
470 500
471 501
472 502
473 502
474 502
475 502
476 502
477 502
478 502
479 503
480 503
481 503
482 503
483 503
484 503
485 503
486 503
487 503
488 503
489 503
490 503
491 503
492 503
493 503
494 503
495 503
496 504
497 504
498 504
499 504
500 504
501 504
502 504
503 504
504 504
505 504
506 504
507 504
508 504
509 504
510 504
511 504
512 504
513 504
514 505
515 505
516 505
517 505
518 505
519 505
520 505
521 505
522 505
523 505
524 505
525 505
526 505
527 505
528 505
529 505
530 505
531 505
532 506
533 506
534 505
535 505
536 505
537 505
538 505
539 504
540 504
541 504
542 504
543 504
544 503
545 503
546 503
547 502
548 502
549 502
550 502
551 501
552 501
553 501
554 500
555 500
556 500
557 499
558 499
559 498
560 498
561 498
562 497
563 497
564 496
565 496
566 495
567 495
568 494
569 494
570 493
571 493
572 492
573 492
574 491
575 490
576 490
577 489
578 489
579 488
580 487
581 487
582 486
583 485
584 484
585 484
586 483
587 482
588 481
589 480
590 479
591 479
592 478
593 477
594 476
595 475
596 474
597 473
598 472
599 471
600 470
601 469
601 468
602 467
603 466
604 465
605 464
605 463
606 462
607 461
608 460
608 459
609 458
610 457
610 456
611 455
612 454
612 453
613 452
614 451
614 450
615 449
615 448
616 447
616 446
617 445
617 444
618 443
618 442
619 441
619 440
620 439
620 438
621 437
621 436
622 435
622 434
622 433
623 432
623 431
624 430
624 429
624 428
625 427
625 426
625 425
626 424
626 423
626 422
627 421
627 420
627 419
627 418
628 417
628 416
628 415
628 414
629 413
629 412
629 411
629 410
629 409
630 408
630 407
630 406
630 405
630 404
630 403
631 402
631 401
631 400
631 399
631 398
631 397
631 396
631 395
631 394
631 393
631 392
632 391
632 390
632 389
632 388
631 387
631 386
631 385
631 384
631 383
631 382
631 381
631 380
631 379
631 378
630 377
630 376
630 375
630 374
630 373
630 372
630 371
630 370
629 369
629 368
629 367
629 366
629 365
628 364
628 363
628 362
628 361
627 360
627 359
627 358
626 357
626 356
626 355
625 354
625 353
625 352
625 351
624 350
624 349
623 348
623 347
623 346
622 345
622 344
621 343
621 342
621 341
620 340
620 339
619 338
619 337
618 336
618 335
617 334
617 333
616 332
616 331
615 330
615 329
614 328
613 327
613 326
612 325
611 324
611 323
610 322
609 321
609 320
608 319
607 318
607 317
606 316
605 315
604 314
604 313
603 312
602 311
601 310
600 309
599 308
598 307
597 306
596 305
596 304
595 304
594 303
593 302
592 301
591 300
590 299
589 298
588 297
587 296
586 296
585 295
584 294
583 293
582 293
581 292
580 291
579 291
578 290
577 289
576 289
575 288
574 287
573 287
572 286
571 286
570 285
569 285
568 284
567 284
566 283
565 283
564 282
563 282
562 281
561 281
560 280
559 280
558 280
557 279
556 279
555 279
554 278
553 278
552 277
551 277
550 277
549 277
548 276
547 276
546 276
545 275
544 275
543 275
542 275
541 274
540 274
539 274
538 274
537 274
536 273
535 273
534 273
533 273
532 273
531 273
530 273
529 273
528 273
527 273
526 273
525 273
524 273
523 273
522 273
