493 280
492 281
491 281
490 281
489 281
488 281
487 281
486 281
485 282
484 282
483 282
482 282
481 282
480 283
479 283
478 283
477 283
476 284
475 284
474 284
473 284
472 285
471 285
470 285
469 285
468 286
467 286
466 286
465 287
464 287
463 287
462 287
461 288
460 288
459 288
458 289
457 289
456 289
455 290
454 290
453 290
452 291
451 291
450 292
450 293
450 294
450 295
450 296
450 297
450 298
450 299
450 300
450 301
450 302
450 303
450 304
450 305
450 306
450 307
450 308
450 309
450 310
450 311
450 312
450 313
450 314
450 315
450 316
450 317
450 318
450 319
450 320
450 321
450 322
450 323
450 324
450 325
450 326
450 327
450 328
450 329
450 330
450 331
450 332
450 333
450 334
450 335
450 336
450 337
450 338
450 339
450 340
450 341
450 342
450 343
450 344
450 345
450 346
450 347
450 348
450 349
450 350
450 351
450 352
450 353
450 354
450 355
450 356
450 357
450 358
450 359
450 360
450 361
450 362
450 363
450 364
450 365
450 366
450 367
450 368
450 369
450 370
450 371
450 372
450 373
450 374
450 375
450 376
450 377
450 378
450 379
450 380
450 381
450 382
450 383
450 384
450 385
450 386
450 387
450 388
450 389
450 390
450 391
450 392
450 393
450 394
450 395
450 396
449 397
449 398
449 399
449 400
450 401
450 402
450 403
450 404
450 405
450 406
450 407
450 408
450 409
450 410
450 411
450 412
450 413
450 414
450 415
450 416
450 417
450 418
450 419
450 420
450 421
450 422
450 423
450 424
450 425
450 426
450 427
450 428
450 429
450 430
450 431
450 432
450 433
450 434
450 435
450 436
450 437
450 438
450 439
450 440
450 441
450 442
450 443
450 444
450 445
450 446
450 447
450 448
450 449
450 450
450 451
450 452
450 453
450 454
450 455
450 456
450 457
450 458
450 459
450 460
450 461
450 462
450 463
450 464
450 465
450 466
450 467
450 468
450 469
450 470
450 471
450 472
450 473
450 474
450 475
450 476
450 477
450 478
450 479
450 480
450 481
450 482
450 483
450 484
450 485
450 486
450 487
450 488
450 489
450 490
450 491
450 492
450 493
450 494
450 495
450 496
450 497
450 498
450 499
450 500
450 501
450 502
450 503
450 504
450 505
451 506
452 507
453 507
454 507
455 508
456 508
457 508
458 509
459 509
460 509
461 509
462 510
463 510
464 510
465 511
466 511
467 511
468 512
469 512
470 512
471 512
472 513
473 513
474 513
475 513
476 514
477 514
478 514
479 514
480 515
481 515
482 515
483 515
484 515
485 516
486 516
487 516
488 516
489 516
490 516
491 517
492 517
493 517
494 517
495 517
496 517
497 517
498 517
499 517
500 517
501 517
502 517
503 518
504 518
505 518
506 518
507 518
508 517
509 517
510 517
511 517
512 517
513 517
514 517
515 517
516 517
517 517
518 517
519 516
520 516
521 516
522 516
523 516
524 515
525 515
526 515
527 515
528 515
529 514
530 514
531 514
532 513
533 513
534 513
535 512
536 512
537 512
538 511
539 511
540 510
541 510
542 510
543 509
544 509
545 508
546 508
547 507
548 507
549 506
550 506
551 505
552 505
553 504
554 503
555 503
556 502
557 502
558 501
559 500
560 500
561 499
562 498
563 498
564 497
565 496
566 495
567 494
568 494
569 493
570 492
571 491
572 490
573 489
574 488
575 487
576 486
577 485
578 484
579 483
580 482
581 481
582 480
583 479
584 478
584 477
585 476
586 475
587 474
588 473
588 472
589 471
590 470
590 469
591 468
592 467
592 466
593 465
594 464
594 463
595 462
596 461
596 460
597 459
597 458
598 457
598 456
599 455
599 454
600 453
600 452
601 451
601 450
602 449
602 448
603 447
603 446
603 445
604 444
604 443
605 442
605 441
605 440
606 439
606 438
607 437
607 436
607 435
607 434
608 433
608 432
608 431
609 430
609 429
609 428
610 427
610 426
610 425
610 424
611 423
611 422
611 421
611 420
611 419
612 418
612 417
612 416
612 415
612 414
612 413
613 412
613 411
613 410
613 409
613 408
613 407
613 406
613 405
613 404
613 403
613 402
613 401
614 400
614 399
614 398
614 397
613 396
613 395
613 394
613 393
613 392
613 391
613 390
613 389
613 388
613 387
613 386
612 385
612 384
612 383
612 382
612 381
612 380
611 379
611 378
611 377
611 376
611 375
610 374
610 373
610 372
610 371
609 370
609 369
609 368
609 367
608 366
608 365
608 364
607 363
607 362
607 361
606 360
606 359
606 358
605 357
605 356
604 355
604 354
604 353
603 352
603 351
602 350
602 349
602 348
601 347
601 346
600 345
600 344
599 343
599 342
598 341
597 340
597 339
596 338
596 337
595 336
595 335
594 334
594 333
593 332
592 331
592 330
591 329
590 328
589 327
589 326
588 325
587 324
587 323
586 322
585 321
584 320
583 319
583 318
582 317
581 316
580 315
579 314
578 313
577 312
576 311
575 310
574 309
573 308
572 307
571 306
570 305
569 304
568 304
567 303
566 302
565 301
564 301
563 300
562 299
561 298
560 298
559 297
558 296
557 296
556 295
555 294
554 294
553 293
552 293
551 292
550 292
549 291
548 290
547 290
546 289
545 289
544 289
543 288
542 288
541 287
540 287
539 286
538 286
537 286
536 285
535 285
534 285
533 284
532 284
531 284
530 283
529 283
528 283
527 283
526 282
525 282
524 282
523 282
522 281
521 281
520 281
519 281
518 281
517 281
516 280
515 280
514 280
513 280
512 280
511 280
510 280
509 280
508 280
507 280
506 280
505 280
504 280
503 280
502 280
501 280
500 280
499 280
498 280
497 280
496 280
495 280
494 280
493 280
